Unnamed: 0,gameCreation,gameDuration,gameId,gameMode,gameType,gameVersion,mapId,participantIdentities,participants,platformId,queueId,seasonId,status.message,status.status_code
0,1585154663829.0,1323.0,4247263043.0,CLASSIC,MATCHED_GAME,10.6.314.4405,11.0,"[{'participantId': 1, 'player': {'platformId': 'KR', 'accountId': 'LhCH2yaixm5FZ6dHybuexqHNckeV0RQh4-W3pB8vJP2_', 'summonerName': '쪼렙이다말로하자', 'summonerId': 'YTMZt7CQ7cHXiADp1ZtI1GjNHdAE_HQbbSxxq_gllWinqQ', 'currentPlatformId': 'KR', 'currentAccountId': 'LhCH2yaixm5FZ6dHybuexqHNckeV0RQh4-W3pB8vJP2_', 'matchHistoryUri': '/v1/stats/player_history/KR/2725181', 'profileIcon': 3019}}, {'participantId': 2, 'player': {'platformId': 'KR', 'accountId': 'C5kaawNjDdMLodFtogGCPSkSKElEs39imb80iTvjfWWfy9k', 'summonerName': '불질러', 'summonerId': 'exNXyACl33qZjrQ5F9jsvojM3AHK8BhYFGmOtdCPM3IDBG4', 'currentPlatformId': 'KR', 'currentAccountId': 'C5kaawNjDdMLodFtogGCPSkSKElEs39imb80iTvjfWWfy9k', 'matchHistoryUri': '/v1/stats/player_history/KR/207078123', 'profileIcon': 1458}}, {'participantId': 3, 'player': {'platformId': 'KR', 'accountId': 'IIWG7FRiqE8CuZaCslKkNxkglwpgnePPxDslb2tv66FKrgo', 'summonerName': 'Youtube Thal', 'summonerId': '8Cx100isJ6RMMeOmUX_-Wg0CESabVTYk-e8P8Ijj3zuIiB4', 'currentPlatformId': 'KR', 'currentAccountId': 'IIWG7FRiqE8CuZaCslKkNxkglwpgnePPxDslb2tv66FKrgo', 'matchHistoryUri': '/v1/stats/player_history/KR/201236882', 'profileIcon': 4090}}, {'participantId': 4, 'player': {'platformId': 'KR', 'accountId': 'W5QWj6ej2VQgu1UunwFuGcNgBBz_io7T01Gg-ClYiVLS', 'summonerName': '213321123', 'summonerId': 'umFfeIr7pGqTVyD_z14fjaSIsw_7Y1VUm9NypE3ePUUkm5E', 'currentPlatformId': 'KR', 'currentAccountId': 'W5QWj6ej2VQgu1UunwFuGcNgBBz_io7T01Gg-ClYiVLS', 'matchHistoryUri': '/v1/stats/player_history/KR/7820965', 'profileIcon': 932}}, {'participantId': 5, 'player': {'platformId': 'KR', 'accountId': 'ImPwfj9Gb0tPHcMMnjVc6w44AedoxngtlVZJiqLqOKBRVP8neMBoEYHa', 'summonerName': 'ggffggg', 'summonerId': 'n_2q6lxDY6zivMxIy1lJSyq7S7kV11RBpl29ccDzj20LMSI', 'currentPlatformId': 'KR', 'currentAccountId': 'ImPwfj9Gb0tPHcMMnjVc6w44AedoxngtlVZJiqLqOKBRVP8neMBoEYHa', 'matchHistoryUri': '/v1/stats/player_history/KR/2372727679749504', 'profileIcon': 839}}, {'participantId': 6, 'player': {'platformId': 'KR', 'accountId': '7JKrpNmHAW6w9y28naNUOR9RSFo08TOR0g7BkjGY945jvao', 'summonerName': '곽김보태성민광희', 'summonerId': 'AmzUl0S9tzG8zmeDS3yftE7Ex_2tFG09g3Vj7bPAEDCDMAM', 'currentPlatformId': 'KR', 'currentAccountId': '7JKrpNmHAW6w9y28naNUOR9RSFo08TOR0g7BkjGY945jvao', 'matchHistoryUri': '/v1/stats/player_history/KR/207884486', 'profileIcon': 4227}}, {'participantId': 7, 'player': {'platformId': 'KR', 'accountId': 'JTPl-LVM05a-cd5mTYUd0dcmwBahqORrbGTr1aHtJu2ALKE', 'summonerName': 'Gen G Clid', 'summonerId': 'th78mli66hihVN8_bawLajrGalnASfmmYYtEZ-x62tm6vbc', 'currentPlatformId': 'KR', 'currentAccountId': 'JTPl-LVM05a-cd5mTYUd0dcmwBahqORrbGTr1aHtJu2ALKE', 'matchHistoryUri': '/v1/stats/player_history/KR/203870735', 'profileIcon': 4025}}, {'participantId': 8, 'player': {'platformId': 'KR', 'accountId': 'thvrHv30gLNgZyx-cfz_suoXntR3VV_gSAXy6XLVRDf_MR0', 'summonerName': 'Gen G Rascal', 'summonerId': 'uechBMQT7rpe-TyzGZRQ9KPNJSxI9yrebhJX5_wd7AbtOyw', 'currentPlatformId': 'KR', 'currentAccountId': 'thvrHv30gLNgZyx-cfz_suoXntR3VV_gSAXy6XLVRDf_MR0', 'matchHistoryUri': '/v1/stats/player_history/KR/208744895', 'profileIcon': 4297}}, {'participantId': 9, 'player': {'platformId': 'KR', 'accountId': 'nc-f7WhRepx47jP1BIGPk4cNwLcuDw6YH7zLbf7cQt0APGaGw-01znl7', 'summonerName': '송아지얼룩송아지', 'summonerId': 'tVss7uUX2VQNKFlJj7pXjV7NOzLfgHkWxTwL-G30EVV9q5s', 'currentPlatformId': 'KR', 'currentAccountId': 'nc-f7WhRepx47jP1BIGPk4cNwLcuDw6YH7zLbf7cQt0APGaGw-01znl7', 'matchHistoryUri': '/v1/stats/player_history/KR/2383286947082208', 'profileIcon': 29}}, {'participantId': 10, 'player': {'platformId': 'KR', 'accountId': 'sOu8iyI-s7p-nAZDW9AcxUjayVEXfROd7jmZt-1mm1rA7uYnRYwGNDs6', 'summonerName': 'DWG Canyon', 'summonerId': 'QabEWqsoc9DWHc0_Nivgj_fAWVKLlPBCwchLDNEEQPCIOVs', 'currentPlatformId': 'KR', 'currentAccountId': 'sOu8iyI-s7p-nAZDW9AcxUjayVEXfROd7jmZt-1mm1rA7uYnRYwGNDs6', 'matchHistoryUri': '/v1/stats/player_history/KR/2020999003860160', 'profileIcon': 3602}}]","[{'participantId': 1, 'teamId': 100, 'championId': 7, 'spell1Id': 1, 'spell2Id': 4, 'stats': {'participantId': 1, 'win': False, 'item0': 2033, 'item1': 3285, 'item2': 3108, 'item3': 1082, 'item4': 3020, 'item5': 2055, 'item6': 3364, 'kills': 3, 'deaths': 6, 'assists': 3, 'largestKillingSpree': 2, 'largestMultiKill': 1, 'killingSprees': 1, 'longestTimeSpentLiving': 564, 'doubleKills': 0, 'tripleKills': 0, 'quadraKills': 0, 'pentaKills': 0, 'unrealKills': 0, 'totalDamageDealt': 71369, 'magicDamageDealt': 56332, 'physicalDamageDealt': 13037, 'trueDamageDealt': 1999, 'largestCriticalStrike': 0, 'totalDamageDealtToChampions': 10844, 'magicDamageDealtToChampions': 8926, 'physicalDamageDealtToChampions': 1918, 'trueDamageDealtToChampions': 0, 'totalHeal': 4006, 'totalUnitsHealed': 1, 'damageSelfMitigated': 6742, 'damageDealtToObjectives': 1055, 'damageDealtToTurrets': 1008, 'visionScore': 14, 'timeCCingOthers': 12, 'totalDamageTaken': 17255, 'magicalDamageTaken': 5282, 'physicalDamageTaken': 11203, 'trueDamageTaken': 770, 'goldEarned': 6844, 'goldSpent': 6710, 'turretKills': 0, 'inhibitorKills': 0, 'totalMinionsKilled': 133, 'neutralMinionsKilled': 0, 'neutralMinionsKilledTeamJungle': 0, 'neutralMinionsKilledEnemyJungle': 0, 'totalTimeCrowdControlDealt': 19, 'champLevel': 12, 'visionWardsBoughtInGame': 3, 'sightWardsBoughtInGame': 0, 'wardsPlaced': 6, 'wardsKilled': 1, 'firstBloodKill': True, 'firstBloodAssist': False, 'firstTowerKill': False, 'firstTowerAssist': False, 'firstInhibitorKill': False, 'firstInhibitorAssist': False, 'combatPlayerScore': 0, 'objectivePlayerScore': 0, 'totalPlayerScore': 0, 'totalScoreRank': 0, 'playerScore0': 0, 'playerScore1': 0, 'playerScore2': 0, 'playerScore3': 0, 'playerScore4': 0, 'playerScore5': 0, 'playerScore6': 0, 'playerScore7': 0, 'playerScore8': 0, 'playerScore9': 0, 'perk0': 8112, 'perk0Var1': 735, 'perk0Var2': 0, 'perk0Var3': 0, 'perk1': 8139, 'perk1Var1': 664, 'perk1Var2': 0, 'perk1Var3': 0, 'perk2': 8138, 'perk2Var1': 12, 'perk2Var2': 0, 'perk2Var3': 0, 'perk3': 8135, 'perk3Var1': 1652, 'perk3Var2': 3, 'perk3Var3': 0, 'perk4': 8316, 'perk4Var1': 2016, 'perk4Var2': 0, 'perk4Var3': 0, 'perk5': 8352, 'perk5Var1': 288, 'perk5Var2': 1854, 'perk5Var3': 984, 'perkPrimaryStyle': 8100, 'perkSubStyle': 8300, 'statPerk0': 5005, 'statPerk1': 5008, 'statPerk2': 5003}, 'timeline': {'participantId': 1, 'creepsPerMinDeltas': {'10-20': 6.199999999999999, '0-10': 6.1}, 'xpPerMinDeltas': {'10-20': 473.5, '0-10': 386.6}, 'goldPerMinDeltas': {'10-20': 277, '0-10': 315.6}, 'damageTakenPerMinDeltas': {'10-20': 906, '0-10': 473.79999999999995}, 'role': 'DUO_CARRY', 'lane': 'MIDDLE'}}, {'participantId': 2, 'teamId': 100, 'championId': 350, 'spell1Id': 3, 'spell2Id': 7, 'stats': {'participantId': 2, 'win': False, 'item0': 3114, 'item1': 3853, 'item2': 0, 'item3': 1004, 'item4': 3041, 'item5': 3174, 'item6': 3364, 'kills': 0, 'deaths': 6, 'assists': 10, 'largestKillingSpree': 0, 'largestMultiKill': 0, 'killingSprees': 0, 'longestTimeSpentLiving': 559, 'doubleKills': 0, 'tripleKills': 0, 'quadraKills': 0, 'pentaKills': 0, 'unrealKills': 0, 'totalDamageDealt': 11569, 'magicDamageDealt': 8968, 'physicalDamageDealt': 2601, 'trueDamageDealt': 0, 'largestCriticalStrike': 0, 'totalDamageDealtToChampions': 7095, 'magicDamageDealtToChampions': 6069, 'physicalDamageDealtToChampions': 1025, 'trueDamageDealtToChampions': 0, 'totalHeal': 11758, 'totalUnitsHealed': 5, 'damageSelfMitigated': 5371, 'damageDealtToObjectives': 427, 'damageDealtToTurrets': 427, 'visionScore': 34, 'timeCCingOthers': 8, 'totalDamageTaken': 9994, 'magicalDamageTaken': 2293, 'physicalDamageTaken': 7163, 'trueDamageTaken': 537, 'goldEarned': 5205, 'goldSpent': 5212, 'turretKills': 0, 'inhibitorKills': 0, 'totalMinionsKilled': 2, 'neutralMinionsKilled': 0, 'neutralMinionsKilledTeamJungle': 0, 'neutralMinionsKilledEnemyJungle': 0, 'totalTimeCrowdControlDealt': 38, 'champLevel': 10, 'visionWardsBoughtInGame': 4, 'sightWardsBoughtInGame': 0, 'wardsPlaced': 17, 'wardsKilled': 1, 'firstBloodKill': False, 'firstBloodAssist': False, 'firstTowerKill': False, 'firstTowerAssist': False, 'firstInhibitorKill': False, 'firstInhibitorAssist': False, 'combatPlayerScore': 0, 'objectivePlayerScore': 0, 'totalPlayerScore': 0, 'totalScoreRank': 0, 'playerScore0': 0, 'playerScore1': 0, 'playerScore2': 0, 'playerScore3': 0, 'playerScore4': 0, 'playerScore5': 0, 'playerScore6': 0, 'playerScore7': 0, 'playerScore8': 0, 'playerScore9': 0, 'perk0': 8214, 'perk0Var1': 781, 'perk0Var2': 1229, 'perk0Var3': 0, 'perk1': 8226, 'perk1Var1': 250, 'perk1Var2': 846, 'perk1Var3': 0, 'perk2': 8210, 'perk2Var1': 0, 'perk2Var2': 0, 'perk2Var3': 0, 'perk3': 8237, 'perk3Var1': 476, 'perk3Var2': 0, 'perk3Var3': 0, 'perk4': 8009, 'perk4Var1': 2209, 'perk4Var2': 500, 'perk4Var3': 0, 'perk5': 8017, 'perk5Var1': 429, 'perk5Var2': 0, 'perk5Var3': 0, 'perkPrimaryStyle': 8200, 'perkSubStyle': 8000, 'statPerk0': 5008, 'statPerk1': 5008, 'statPerk2': 5002}, 'timeline': {'participantId': 2, 'creepsPerMinDeltas': {'10-20': 0.2, '0-10': 0}, 'xpPerMinDeltas': {'10-20': 368.5, '0-10': 215.1}, 'goldPerMinDeltas': {'10-20': 248, '0-10': 178.7}, 'damageTakenPerMinDeltas': {'10-20': 411.4, '0-10': 244.60000000000002}, 'role': 'DUO_SUPPORT', 'lane': 'MIDDLE'}}, {'participantId': 3, 'teamId': 100, 'championId': 266, 'spell1Id': 4, 'spell2Id': 12, 'stats': {'participantId': 3, 'win': False, 'item0': 1054, 'item1': 3155, 'item2': 2031, 'item3': 3133, 'item4': 3047, 'item5': 3071, 'item6': 3364, 'kills': 4, 'deaths': 5, 'assists': 2, 'largestKillingSpree': 2, 'largestMultiKill': 1, 'killingSprees': 1, 'longestTimeSpentLiving': 419, 'doubleKills': 0, 'tripleKills': 0, 'quadraKills': 0, 'pentaKills': 0, 'unrealKills': 0, 'totalDamageDealt': 83332, 'magicDamageDealt': 0, 'physicalDamageDealt': 80978, 'trueDamageDealt': 2354, 'largestCriticalStrike': 0, 'totalDamageDealtToChampions': 13458, 'magicDamageDealtToChampions': 0, 'physicalDamageDealtToChampions': 13332, 'trueDamageDealtToChampions': 126, 'totalHeal': 5215, 'totalUnitsHealed': 1, 'damageSelfMitigated': 18085, 'damageDealtToObjectives': 703, 'damageDealtToTurrets': 515, 'visionScore': 8, 'timeCCingOthers': 19, 'totalDamageTaken': 23283, 'magicalDamageTaken': 6950, 'physicalDamageTaken': 15297, 'trueDamageTaken': 1035, 'goldEarned': 8226, 'goldSpent': 7300, 'turretKills': 0, 'inhibitorKills': 0, 'totalMinionsKilled': 133, 'neutralMinionsKilled': 18, 'neutralMinionsKilledTeamJungle': 8, 'neutralMinionsKilledEnemyJungle': 10, 'totalTimeCrowdControlDealt': 173, 'champLevel': 13, 'visionWardsBoughtInGame': 2, 'sightWardsBoughtInGame': 0, 'wardsPlaced': 5, 'wardsKilled': 1, 'firstBloodKill': False, 'firstBloodAssist': False, 'firstTowerKill': False, 'firstTowerAssist': False, 'firstInhibitorKill': False, 'firstInhibitorAssist': False, 'combatPlayerScore': 0, 'objectivePlayerScore': 0, 'totalPlayerScore': 0, 'totalScoreRank': 0, 'playerScore0': 0, 'playerScore1': 0, 'playerScore2': 0, 'playerScore3': 0, 'playerScore4': 0, 'playerScore5': 0, 'playerScore6': 0, 'playerScore7': 0, 'playerScore8': 0, 'playerScore9': 0, 'perk0': 8010, 'perk0Var1': 157, 'perk0Var2': 0, 'perk0Var3': 0, 'perk1': 9111, 'perk1Var1': 531, 'perk1Var2': 120, 'perk1Var3': 0, 'perk2': 9105, 'perk2Var1': 18, 'perk2Var2': 20, 'perk2Var3': 0, 'perk3': 8299, 'perk3Var1': 353, 'perk3Var2': 0, 'perk3Var3': 0, 'perk4': 8473, 'perk4Var1': 669, 'perk4Var2': 0, 'perk4Var3': 0, 'perk5': 8453, 'perk5Var1': 611, 'perk5Var2': 135, 'perk5Var3': 0, 'perkPrimaryStyle': 8000, 'perkSubStyle': 8400, 'statPerk0': 5007, 'statPerk1': 5008, 'statPerk2': 5003}, 'timeline': {'participantId': 3, 'creepsPerMinDeltas': {'10-20': 5.1, '0-10': 6.5}, 'xpPerMinDeltas': {'10-20': 505.1, '0-10': 437.7}, 'goldPerMinDeltas': {'10-20': 437.40000000000003, '0-10': 248.89999999999998}, 'csDiffPerMinDeltas': {'10-20': -2.6, '0-10': -1}, 'xpDiffPerMinDeltas': {'10-20': -88.89999999999998, '0-10': -1.3000000000000114}, 'damageTakenPerMinDeltas': {'10-20': 1328.8, '0-10': 348.4}, 'damageTakenDiffPerMinDeltas': {'10-20': -13.000000000000114, '0-10': -52.400000000000006}, 'role': 'SOLO', 'lane': 'TOP'}}, {'participantId': 4, 'teamId': 100, 'championId': 517, 'spell1Id': 4, 'spell2Id': 11, 'stats': {'participantId': 4, 'win': False, 'item0': 3152, 'item1': 1414, 'item2': 1082, 'item3': 1052, 'item4': 3020, 'item5': 1052, 'item6': 3364, 'kills': 4, 'deaths': 7, 'assists': 4, 'largestKillingSpree': 2, 'largestMultiKill': 2, 'killingSprees': 1, 'longestTimeSpentLiving': 228, 'doubleKills': 1, 'tripleKills': 0, 'quadraKills': 0, 'pentaKills': 0, 'unrealKills': 0, 'totalDamageDealt': 92237, 'magicDamageDealt': 73784, 'physicalDamageDealt': 14187, 'trueDamageDealt': 4265, 'largestCriticalStrike': 0, 'totalDamageDealtToChampions': 9670, 'magicDamageDealtToChampions': 8939, 'physicalDamageDealtToChampions': 376, 'trueDamageDealtToChampions': 355, 'totalHeal': 10056, 'totalUnitsHealed': 1, 'damageSelfMitigated': 11891, 'damageDealtToObjectives': 2387, 'damageDealtToTurrets': 451, 'visionScore': 21, 'timeCCingOthers': 10, 'totalDamageTaken': 25363, 'magicalDamageTaken': 4499, 'physicalDamageTaken': 20395, 'trueDamageTaken': 468, 'goldEarned': 7911, 'goldSpent': 7770, 'turretKills': 0, 'inhibitorKills': 0, 'totalMinionsKilled': 19, 'neutralMinionsKilled': 87, 'neutralMinionsKilledTeamJungle': 66, 'neutralMinionsKilledEnemyJungle': 5, 'totalTimeCrowdControlDealt': 305, 'champLevel': 11, 'visionWardsBoughtInGame': 4, 'sightWardsBoughtInGame': 0, 'wardsPlaced': 5, 'wardsKilled': 3, 'firstBloodKill': False, 'firstBloodAssist': False, 'firstTowerKill': False, 'firstTowerAssist': False, 'firstInhibitorKill': False, 'firstInhibitorAssist': False, 'combatPlayerScore': 0, 'objectivePlayerScore': 0, 'totalPlayerScore': 0, 'totalScoreRank': 0, 'playerScore0': 0, 'playerScore1': 0, 'playerScore2': 0, 'playerScore3': 0, 'playerScore4': 0, 'playerScore5': 0, 'playerScore6': 0, 'playerScore7': 0, 'playerScore8': 0, 'playerScore9': 0, 'perk0': 8010, 'perk0Var1': 277, 'perk0Var2': 0, 'perk0Var3': 0, 'perk1': 8009, 'perk1Var1': 603, 'perk1Var2': 500, 'perk1Var3': 0, 'perk2': 9105, 'perk2Var1': 15, 'perk2Var2': 50, 'perk2Var3': 0, 'perk3': 8299, 'perk3Var1': 324, 'perk3Var2': 0, 'perk3Var3': 0, 'perk4': 8143, 'perk4Var1': 281, 'perk4Var2': 0, 'perk4Var3': 0, 'perk5': 8135, 'perk5Var1': 2792, 'perk5Var2': 4, 'perk5Var3': 0, 'perkPrimaryStyle': 8000, 'perkSubStyle': 8100, 'statPerk0': 5008, 'statPerk1': 5008, 'statPerk2': 5002}, 'timeline': {'participantId': 4, 'creepsPerMinDeltas': {'10-20': 1, '0-10': 0.2}, 'xpPerMinDeltas': {'10-20': 412.3, '0-10': 314.7}, 'goldPerMinDeltas': {'10-20': 351.9, '0-10': 239.79999999999998}, 'csDiffPerMinDeltas': {'10-20': 0.09999999999999998, '0-10': -0.6000000000000001}, 'xpDiffPerMinDeltas': {'10-20': -217.39999999999998, '0-10': 34.19999999999999}, 'damageTakenPerMinDeltas': {'10-20': 1378.2, '0-10': 800.2}, 'damageTakenDiffPerMinDeltas': {'10-20': -38.60000000000002, '0-10': 173.39999999999998}, 'role': 'NONE', 'lane': 'JUNGLE'}}, {'participantId': 5, 'teamId': 100, 'championId': 110, 'spell1Id': 4, 'spell2Id': 21, 'stats': {'participantId': 5, 'win': False, 'item0': 2033, 'item1': 3142, 'item2': 3814, 'item3': 2422, 'item4': 0, 'item5': 3179, 'item6': 3363, 'kills': 4, 'deaths': 7, 'assists': 3, 'largestKillingSpree': 3, 'largestMultiKill': 1, 'killingSprees': 1, 'longestTimeSpentLiving': 411, 'doubleKills': 0, 'tripleKills': 0, 'quadraKills': 0, 'pentaKills': 0, 'unrealKills': 0, 'totalDamageDealt': 78732, 'magicDamageDealt': 3603, 'physicalDamageDealt': 75114, 'trueDamageDealt': 14, 'largestCriticalStrike': 0, 'totalDamageDealtToChampions': 14972, 'magicDamageDealtToChampions': 2166, 'physicalDamageDealtToChampions': 12805, 'trueDamageDealtToChampions': 0, 'totalHeal': 0, 'totalUnitsHealed': 0, 'damageSelfMitigated': 7163, 'damageDealtToObjectives': 1103, 'damageDealtToTurrets': 1103, 'visionScore': 14, 'timeCCingOthers': 20, 'totalDamageTaken': 16243, 'magicalDamageTaken': 5811, 'physicalDamageTaken': 9892, 'trueDamageTaken': 539, 'goldEarned': 8815, 'goldSpent': 8855, 'turretKills': 0, 'inhibitorKills': 0, 'totalMinionsKilled': 153, 'neutralMinionsKilled': 0, 'neutralMinionsKilledTeamJungle': 0, 'neutralMinionsKilledEnemyJungle': 0, 'totalTimeCrowdControlDealt': 237, 'champLevel': 10, 'visionWardsBoughtInGame': 0, 'sightWardsBoughtInGame': 0, 'wardsPlaced': 5, 'wardsKilled': 7, 'firstBloodKill': False, 'firstBloodAssist': False, 'firstTowerKill': False, 'firstTowerAssist': False, 'firstInhibitorKill': False, 'firstInhibitorAssist': False, 'combatPlayerScore': 0, 'objectivePlayerScore': 0, 'totalPlayerScore': 0, 'totalScoreRank': 0, 'playerScore0': 0, 'playerScore1': 0, 'playerScore2': 0, 'playerScore3': 0, 'playerScore4': 0, 'playerScore5': 0, 'playerScore6': 0, 'playerScore7': 0, 'playerScore8': 0, 'playerScore9': 0, 'perk0': 8229, 'perk0Var1': 1433, 'perk0Var2': 0, 'perk0Var3': 0, 'perk1': 8226, 'perk1Var1': 250, 'perk1Var2': 447, 'perk1Var3': 0, 'perk2': 8210, 'perk2Var1': 0, 'perk2Var2': 0, 'perk2Var3': 0, 'perk3': 8237, 'perk3Var1': 427, 'perk3Var2': 0, 'perk3Var3': 0, 'perk4': 8304, 'perk4Var1': 9, 'perk4Var2': 0, 'perk4Var3': 0, 'perk5': 8345, 'perk5Var1': 3, 'perk5Var2': 0, 'perk5Var3': 0, 'perkPrimaryStyle': 8200, 'perkSubStyle': 8300, 'statPerk0': 5008, 'statPerk1': 5008, 'statPerk2': 5002}, 'timeline': {'participantId': 5, 'creepsPerMinDeltas': {'10-20': 8, '0-10': 7.1}, 'xpPerMinDeltas': {'10-20': 408.2, '0-10': 254.20000000000002}, 'goldPerMinDeltas': {'10-20': 472, '0-10': 254}, 'damageTakenPerMinDeltas': {'10-20': 958.4000000000001, '0-10': 503.6}, 'role': 'SOLO', 'lane': 'BOTTOM'}}, {'participantId': 6, 'teamId': 200, 'championId': 235, 'spell1Id': 1, 'spell2Id': 4, 'stats': {'participantId': 6, 'win': True, 'item0': 3864, 'item1': 3094, 'item2': 1036, 'item3': 3158, 'item4': 3147, 'item5': 3134, 'item6': 3364, 'kills': 10, 'deaths': 4, 'assists': 18, 'largestKillingSpree': 5, 'largestMultiKill': 3, 'killingSprees': 2, 'longestTimeSpentLiving': 611, 'doubleKills': 1, 'tripleKills': 1, 'quadraKills': 0, 'pentaKills': 0, 'unrealKills': 0, 'totalDamageDealt': 38530, 'magicDamageDealt': 377, 'physicalDamageDealt': 37328, 'trueDamageDealt': 824, 'largestCriticalStrike': 341, 'totalDamageDealtToChampions': 17898, 'magicDamageDealtToChampions': 165, 'physicalDamageDealtToChampions': 17281, 'trueDamageDealtToChampions': 452, 'totalHeal': 9203, 'totalUnitsHealed': 5, 'damageSelfMitigated': 4303, 'damageDealtToObjectives': 5666, 'damageDealtToTurrets': 3227, 'visionScore': 28, 'timeCCingOthers': 40, 'totalDamageTaken': 11635, 'magicalDamageTaken': 4846, 'physicalDamageTaken': 6593, 'trueDamageTaken': 196, 'goldEarned': 9802, 'goldSpent': 8425, 'turretKills': 1, 'inhibitorKills': 0, 'totalMinionsKilled': 10, 'neutralMinionsKilled': 8, 'neutralMinionsKilledTeamJungle': 0, 'neutralMinionsKilledEnemyJungle': 0, 'totalTimeCrowdControlDealt': 183, 'champLevel': 12, 'visionWardsBoughtInGame': 1, 'sightWardsBoughtInGame': 0, 'wardsPlaced': 16, 'wardsKilled': 3, 'firstBloodKill': False, 'firstBloodAssist': False, 'firstTowerKill': False, 'firstTowerAssist': False, 'firstInhibitorKill': False, 'firstInhibitorAssist': True, 'combatPlayerScore': 0, 'objectivePlayerScore': 0, 'totalPlayerScore': 0, 'totalScoreRank': 0, 'playerScore0': 0, 'playerScore1': 0, 'playerScore2': 0, 'playerScore3': 0, 'playerScore4': 0, 'playerScore5': 0, 'playerScore6': 0, 'playerScore7': 0, 'playerScore8': 0, 'playerScore9': 0, 'perk0': 8351, 'perk0Var1': 50, 'perk0Var2': 0, 'perk0Var3': 0, 'perk1': 8313, 'perk1Var1': 0, 'perk1Var2': 0, 'perk1Var3': 0, 'perk2': 8345, 'perk2Var1': 3, 'perk2Var2': 0, 'perk2Var3': 0, 'perk3': 8410, 'perk3Var1': 90, 'perk3Var2': 0, 'perk3Var3': 0, 'perk4': 8009, 'perk4Var1': 3720, 'perk4Var2': 500, 'perk4Var3': 0, 'perk5': 9104, 'perk5Var1': 14, 'perk5Var2': 10, 'perk5Var3': 0, 'perkPrimaryStyle': 8300, 'perkSubStyle': 8000, 'statPerk0': 5008, 'statPerk1': 5008, 'statPerk2': 5002}, 'timeline': {'participantId': 6, 'creepsPerMinDeltas': {'10-20': 0.7, '0-10': 0.3}, 'xpPerMinDeltas': {'10-20': 490, '0-10': 327.6}, 'goldPerMinDeltas': {'10-20': 532.4, '0-10': 305.3}, 'damageTakenPerMinDeltas': {'10-20': 601, '0-10': 390.5}, 'role': 'DUO_SUPPORT', 'lane': 'BOTTOM'}}, {'participantId': 7, 'teamId': 200, 'championId': 81, 'spell1Id': 7, 'spell2Id': 4, 'stats': {'participantId': 7, 'win': True, 'item0': 3140, 'item1': 0, 'item2': 3025, 'item3': 3042, 'item4': 1054, 'item5': 3158, 'item6': 3363, 'kills': 4, 'deaths': 1, 'assists': 13, 'largestKillingSpree': 2, 'largestMultiKill': 1, 'killingSprees': 2, 'longestTimeSpentLiving': 654, 'doubleKills': 0, 'tripleKills': 0, 'quadraKills': 0, 'pentaKills': 0, 'unrealKills': 0, 'totalDamageDealt': 87638, 'magicDamageDealt': 8067, 'physicalDamageDealt': 79570, 'trueDamageDealt': 0, 'largestCriticalStrike': 0, 'totalDamageDealtToChampions': 15800, 'magicDamageDealtToChampions': 3090, 'physicalDamageDealtToChampions': 12710, 'trueDamageDealtToChampions': 0, 'totalHeal': 2448, 'totalUnitsHealed': 3, 'damageSelfMitigated': 5594, 'damageDealtToObjectives': 6993, 'damageDealtToTurrets': 4654, 'visionScore': 16, 'timeCCingOthers': 2, 'totalDamageTaken': 12017, 'magicalDamageTaken': 6138, 'physicalDamageTaken': 5878, 'trueDamageTaken': 0, 'goldEarned': 9203, 'goldSpent': 8075, 'turretKills': 3, 'inhibitorKills': 0, 'totalMinionsKilled': 139, 'neutralMinionsKilled': 6, 'neutralMinionsKilledTeamJungle': 2, 'neutralMinionsKilledEnemyJungle': 4, 'totalTimeCrowdControlDealt': 92, 'champLevel': 12, 'visionWardsBoughtInGame': 5, 'sightWardsBoughtInGame': 0, 'wardsPlaced': 9, 'wardsKilled': 1, 'firstBloodKill': False, 'firstBloodAssist': False, 'firstTowerKill': False, 'firstTowerAssist': False, 'firstInhibitorKill': False, 'firstInhibitorAssist': True, 'combatPlayerScore': 0, 'objectivePlayerScore': 0, 'totalPlayerScore': 0, 'totalScoreRank': 0, 'playerScore0': 0, 'playerScore1': 0, 'playerScore2': 0, 'playerScore3': 0, 'playerScore4': 0, 'playerScore5': 0, 'playerScore6': 0, 'playerScore7': 0, 'playerScore8': 0, 'playerScore9': 0, 'perk0': 8010, 'perk0Var1': 196, 'perk0Var2': 0, 'perk0Var3': 0, 'perk1': 8009, 'perk1Var1': 3978, 'perk1Var2': 500, 'perk1Var3': 0, 'perk2': 9103, 'perk2Var1': 20, 'perk2Var2': 40, 'perk2Var3': 0, 'perk3': 8014, 'perk3Var1': 259, 'perk3Var2': 0, 'perk3Var3': 0, 'perk4': 8345, 'perk4Var1': 3, 'perk4Var2': 0, 'perk4Var3': 0, 'perk5': 8304, 'perk5Var1': 7, 'perk5Var2': 3, 'perk5Var3': 0, 'perkPrimaryStyle': 8000, 'perkSubStyle': 8300, 'statPerk0': 5005, 'statPerk1': 5008, 'statPerk2': 5002}, 'timeline': {'participantId': 7, 'creepsPerMinDeltas': {'10-20': 7.6, '0-10': 6.1}, 'xpPerMinDeltas': {'10-20': 508.8, '0-10': 327.9}, 'goldPerMinDeltas': {'10-20': 439.2, '0-10': 330.2}, 'damageTakenPerMinDeltas': {'10-20': 604.4, '0-10': 400.20000000000005}, 'role': 'DUO_CARRY', 'lane': 'BOTTOM'}}, {'participantId': 8, 'teamId': 200, 'championId': 127, 'spell1Id': 4, 'spell2Id': 12, 'stats': {'participantId': 8, 'win': True, 'item0': 2033, 'item1': 3285, 'item2': 3165, 'item3': 1082, 'item4': 3111, 'item5': 1052, 'item6': 3340, 'kills': 4, 'deaths': 4, 'assists': 13, 'largestKillingSpree': 3, 'largestMultiKill': 2, 'killingSprees': 1, 'longestTimeSpentLiving': 509, 'doubleKills': 1, 'tripleKills': 0, 'quadraKills': 0, 'pentaKills': 0, 'unrealKills': 0, 'totalDamageDealt': 130181, 'magicDamageDealt': 113178, 'physicalDamageDealt': 14558, 'trueDamageDealt': 2445, 'largestCriticalStrike': 0, 'totalDamageDealtToChampions': 10786, 'magicDamageDealtToChampions': 8998, 'physicalDamageDealtToChampions': 1787, 'trueDamageDealtToChampions': 0, 'totalHeal': 2735, 'totalUnitsHealed': 1, 'damageSelfMitigated': 8651, 'damageDealtToObjectives': 5964, 'damageDealtToTurrets': 5964, 'visionScore': 23, 'timeCCingOthers': 33, 'totalDamageTaken': 13068, 'magicalDamageTaken': 5787, 'physicalDamageTaken': 7280, 'trueDamageTaken': 0, 'goldEarned': 11127, 'goldSpent': 8810, 'turretKills': 1, 'inhibitorKills': 0, 'totalMinionsKilled': 204, 'neutralMinionsKilled': 4, 'neutralMinionsKilledTeamJungle': 4, 'neutralMinionsKilledEnemyJungle': 0, 'totalTimeCrowdControlDealt': 231, 'champLevel': 14, 'visionWardsBoughtInGame': 3, 'sightWardsBoughtInGame': 0, 'wardsPlaced': 10, 'wardsKilled': 3, 'firstBloodKill': False, 'firstBloodAssist': False, 'firstTowerKill': False, 'firstTowerAssist': False, 'firstInhibitorKill': False, 'firstInhibitorAssist': True, 'combatPlayerScore': 0, 'objectivePlayerScore': 0, 'totalPlayerScore': 0, 'totalScoreRank': 0, 'playerScore0': 0, 'playerScore1': 0, 'playerScore2': 0, 'playerScore3': 0, 'playerScore4': 0, 'playerScore5': 0, 'playerScore6': 0, 'playerScore7': 0, 'playerScore8': 0, 'playerScore9': 0, 'perk0': 8439, 'perk0Var1': 277, 'perk0Var2': 0, 'perk0Var3': 0, 'perk1': 8446, 'perk1Var1': 1716, 'perk1Var2': 0, 'perk1Var3': 0, 'perk2': 8473, 'perk2Var1': 524, 'perk2Var2': 0, 'perk2Var3': 0, 'perk3': 8451, 'perk3Var1': 167, 'perk3Var2': 0, 'perk3Var3': 0, 'perk4': 8316, 'perk4Var1': 3948, 'perk4Var2': 0, 'perk4Var3': 0, 'perk5': 8352, 'perk5Var1': 290, 'perk5Var2': 1589, 'perk5Var3': 865, 'perkPrimaryStyle': 8400, 'perkSubStyle': 8300, 'statPerk0': 5005, 'statPerk1': 5008, 'statPerk2': 5003}, 'timeline': {'participantId': 8, 'creepsPerMinDeltas': {'10-20': 9.8, '0-10': 8.2}, 'xpPerMinDeltas': {'10-20': 582.2, '0-10': 462.2}, 'goldPerMinDeltas': {'10-20': 509.1, '0-10': 364.2}, 'damageTakenPerMinDeltas': {'10-20': 643.7, '0-10': 415.9}, 'role': 'SOLO', 'lane': 'MIDDLE'}}, {'participantId': 9, 'teamId': 200, 'championId': 84, 'spell1Id': 4, 'spell2Id': 12, 'stats': {'participantId': 9, 'win': True, 'item0': 3146, 'item1': 2055, 'item2': 0, 'item3': 1026, 'item4': 3165, 'item5': 3020, 'item6': 3364, 'kills': 6, 'deaths': 4, 'assists': 11, 'largestKillingSpree': 5, 'largestMultiKill': 3, 'killingSprees': 1, 'longestTimeSpentLiving': 429, 'doubleKills': 1, 'tripleKills': 1, 'quadraKills': 0, 'pentaKills': 0, 'unrealKills': 0, 'totalDamageDealt': 89895, 'magicDamageDealt': 58631, 'physicalDamageDealt': 31264, 'trueDamageDealt': 0, 'largestCriticalStrike': 0, 'totalDamageDealtToChampions': 16964, 'magicDamageDealtToChampions': 11924, 'physicalDamageDealtToChampions': 5040, 'trueDamageDealtToChampions': 0, 'totalHeal': 9039, 'totalUnitsHealed': 1, 'damageSelfMitigated': 9848, 'damageDealtToObjectives': 496, 'damageDealtToTurrets': 433, 'visionScore': 17, 'timeCCingOthers': 3, 'totalDamageTaken': 21105, 'magicalDamageTaken': 5478, 'physicalDamageTaken': 14573, 'trueDamageTaken': 1053, 'goldEarned': 9286, 'goldSpent': 9375, 'turretKills': 0, 'inhibitorKills': 1, 'totalMinionsKilled': 159, 'neutralMinionsKilled': 8, 'neutralMinionsKilledTeamJungle': 8, 'neutralMinionsKilledEnemyJungle': 0, 'totalTimeCrowdControlDealt': 54, 'champLevel': 13, 'visionWardsBoughtInGame': 5, 'sightWardsBoughtInGame': 0, 'wardsPlaced': 10, 'wardsKilled': 1, 'firstBloodKill': False, 'firstBloodAssist': False, 'firstTowerKill': False, 'firstTowerAssist': False, 'firstInhibitorKill': True, 'firstInhibitorAssist': False, 'combatPlayerScore': 0, 'objectivePlayerScore': 0, 'totalPlayerScore': 0, 'totalScoreRank': 0, 'playerScore0': 0, 'playerScore1': 0, 'playerScore2': 0, 'playerScore3': 0, 'playerScore4': 0, 'playerScore5': 0, 'playerScore6': 0, 'playerScore7': 0, 'playerScore8': 0, 'playerScore9': 0, 'perk0': 8021, 'perk0Var1': 2493, 'perk0Var2': 0, 'perk0Var3': 0, 'perk1': 8009, 'perk1Var1': 724, 'perk1Var2': 50, 'perk1Var3': 0, 'perk2': 9104, 'perk2Var1': 14, 'perk2Var2': 0, 'perk2Var3': 0, 'perk3': 8014, 'perk3Var1': 324, 'perk3Var2': 0, 'perk3Var3': 0, 'perk4': 8139, 'perk4Var1': 755, 'perk4Var2': 0, 'perk4Var3': 0, 'perk5': 8135, 'perk5Var1': 2222, 'perk5Var2': 5, 'perk5Var3': 0, 'perkPrimaryStyle': 8000, 'perkSubStyle': 8100, 'statPerk0': 5005, 'statPerk1': 5008, 'statPerk2': 5002}, 'timeline': {'participantId': 9, 'creepsPerMinDeltas': {'10-20': 7.699999999999999, '0-10': 7.5}, 'xpPerMinDeltas': {'10-20': 594, '0-10': 439}, 'goldPerMinDeltas': {'10-20': 513, '0-10': 268.1}, 'csDiffPerMinDeltas': {'10-20': 2.6, '0-10': 1}, 'xpDiffPerMinDeltas': {'10-20': 88.89999999999998, '0-10': 1.3000000000000114}, 'damageTakenPerMinDeltas': {'10-20': 1341.8000000000002, '0-10': 400.8}, 'damageTakenDiffPerMinDeltas': {'10-20': 13.000000000000114, '0-10': 52.400000000000006}, 'role': 'SOLO', 'lane': 'TOP'}}, {'participantId': 10, 'teamId': 200, 'championId': 421, 'spell1Id': 11, 'spell2Id': 4, 'stats': {'participantId': 10, 'win': True, 'item0': 0, 'item1': 2031, 'item2': 0, 'item3': 3071, 'item4': 1412, 'item5': 3111, 'item6': 3364, 'kills': 7, 'deaths': 2, 'assists': 13, 'largestKillingSpree': 5, 'largestMultiKill': 2, 'killingSprees': 2, 'longestTimeSpentLiving': 953, 'doubleKills': 2, 'tripleKills': 0, 'quadraKills': 0, 'pentaKills': 0, 'unrealKills': 0, 'totalDamageDealt': 146312, 'magicDamageDealt': 6179, 'physicalDamageDealt': 114258, 'trueDamageDealt': 25874, 'largestCriticalStrike': 0, 'totalDamageDealtToChampions': 11568, 'magicDamageDealtToChampions': 0, 'physicalDamageDealtToChampions': 8669, 'trueDamageDealtToChampions': 2899, 'totalHeal': 15286, 'totalUnitsHealed': 1, 'damageSelfMitigated': 15269, 'damageDealtToObjectives': 41344, 'damageDealtToTurrets': 2563, 'visionScore': 36, 'timeCCingOthers': 15, 'totalDamageTaken': 25898, 'magicalDamageTaken': 5644, 'physicalDamageTaken': 19021, 'trueDamageTaken': 1232, 'goldEarned': 10414, 'goldSpent': 7250, 'turretKills': 3, 'inhibitorKills': 0, 'totalMinionsKilled': 21, 'neutralMinionsKilled': 112, 'neutralMinionsKilledTeamJungle': 55, 'neutralMinionsKilledEnemyJungle': 17, 'totalTimeCrowdControlDealt': 281, 'champLevel': 13, 'visionWardsBoughtInGame': 7, 'sightWardsBoughtInGame': 0, 'wardsPlaced': 5, 'wardsKilled': 9, 'firstBloodKill': False, 'firstBloodAssist': False, 'firstTowerKill': True, 'firstTowerAssist': False, 'firstInhibitorKill': False, 'firstInhibitorAssist': True, 'combatPlayerScore': 0, 'objectivePlayerScore': 0, 'totalPlayerScore': 0, 'totalScoreRank': 0, 'playerScore0': 0, 'playerScore1': 0, 'playerScore2': 0, 'playerScore3': 0, 'playerScore4': 0, 'playerScore5': 0, 'playerScore6': 0, 'playerScore7': 0, 'playerScore8': 0, 'playerScore9': 0, 'perk0': 8010, 'perk0Var1': 548, 'perk0Var2': 0, 'perk0Var3': 0, 'perk1': 9111, 'perk1Var1': 1848, 'perk1Var2': 400, 'perk1Var3': 0, 'perk2': 9104, 'perk2Var1': 10, 'perk2Var2': 20, 'perk2Var3': 0, 'perk3': 8014, 'perk3Var1': 296, 'perk3Var2': 0, 'perk3Var3': 0, 'perk4': 8275, 'perk4Var1': 16, 'perk4Var2': 0, 'perk4Var3': 0, 'perk5': 8232, 'perk5Var1': 4, 'perk5Var2': 20, 'perk5Var3': 0, 'perkPrimaryStyle': 8000, 'perkSubStyle': 8200, 'statPerk0': 5005, 'statPerk1': 5008, 'statPerk2': 5002}, 'timeline': {'participantId': 10, 'creepsPerMinDeltas': {'10-20': 0.8999999999999999, '0-10': 0.8}, 'xpPerMinDeltas': {'10-20': 629.7, '0-10': 280.5}, 'goldPerMinDeltas': {'10-20': 520.2, '0-10': 321.9}, 'csDiffPerMinDeltas': {'10-20': -0.09999999999999998, '0-10': 0.6000000000000001}, 'xpDiffPerMinDeltas': {'10-20': 217.39999999999998, '0-10': -34.19999999999999}, 'damageTakenPerMinDeltas': {'10-20': 1416.8000000000002, '0-10': 626.8}, 'damageTakenDiffPerMinDeltas': {'10-20': 38.60000000000002, '0-10': -173.39999999999998}, 'role': 'NONE', 'lane': 'JUNGLE'}}]",KR,420.0,13.0,,
1,1585152108929.0,1317.0,4247155821.0,CLASSIC,MATCHED_GAME,10.6.314.4405,11.0,"[{'participantId': 1, 'player': {'platformId': 'KR', 'accountId': 'F23ggf384dqSm_YjnKOXZ6AzT9AIuXnBae39fTdobe-8k7dHMULcr139', 'summonerName': 'LPL Player', 'summonerId': 'H5upZv7VdqopzqhvJWsAyMPm4KiuqCH7PMBlc4QLW4UUQY4', 'currentPlatformId': 'KR', 'currentAccountId': 'F23ggf384dqSm_YjnKOXZ6AzT9AIuXnBae39fTdobe-8k7dHMULcr139', 'matchHistoryUri': '/v1/stats/player_history/KR/2372714339454208', 'profileIcon': 29}}, {'participantId': 2, 'player': {'platformId': 'KR', 'accountId': 'k9fNBRC8yXeqIJg2X3Tq3Ko2YuxFUd4fRfFSqC0Glyyk3Ds', 'summonerName': 'GIDE0N', 'summonerId': 'VRJ3UE5P3xbH7fAWhVv8teJ3vEDmYmTv9TCq59iZRrxdld0', 'currentPlatformId': 'KR', 'currentAccountId': 'k9fNBRC8yXeqIJg2X3Tq3Ko2YuxFUd4fRfFSqC0Glyyk3Ds', 'matchHistoryUri': '/v1/stats/player_history/KR/210316631', 'profileIcon': 25}}, {'participantId': 3, 'player': {'platformId': 'KR', 'accountId': 'bVwP9CQfYvmYu0L_U7p5NCo14wsHOoRfbrnpvGBBPyp32M0', 'summonerName': 'supupsupupsupup', 'summonerId': '6jJ9FEFNazBPTdmsRhofkU0lFj_CQl1G7y-uKkIbgl45FSA', 'currentPlatformId': 'KR', 'currentAccountId': 'bVwP9CQfYvmYu0L_U7p5NCo14wsHOoRfbrnpvGBBPyp32M0', 'matchHistoryUri': '/v1/stats/player_history/KR/208802310', 'profileIcon': 4418}}, {'participantId': 4, 'player': {'platformId': 'kr', 'accountId': '1C4v3z1Ly_5Raz1tWO1FDkWnEq8V9sxnyM9TjiYe9O2EcTA', 'summonerName': 'HLE Bmav', 'summonerId': 'cgkw20LcEbkxf1pkoa42CSzDC4lBqt3waYiqnpyrQxWP3fM', 'currentPlatformId': 'KR', 'currentAccountId': '1C4v3z1Ly_5Raz1tWO1FDkWnEq8V9sxnyM9TjiYe9O2EcTA', 'matchHistoryUri': '/v1/stats/player_history/kr/210569816', 'profileIcon': 4463}}, {'participantId': 5, 'player': {'platformId': 'KR', 'accountId': 'IIWG7FRiqE8CuZaCslKkNxkglwpgnePPxDslb2tv66FKrgo', 'summonerName': 'Youtube Thal', 'summonerId': '8Cx100isJ6RMMeOmUX_-Wg0CESabVTYk-e8P8Ijj3zuIiB4', 'currentPlatformId': 'KR', 'currentAccountId': 'IIWG7FRiqE8CuZaCslKkNxkglwpgnePPxDslb2tv66FKrgo', 'matchHistoryUri': '/v1/stats/player_history/KR/201236882', 'profileIcon': 4090}}, {'participantId': 6, 'player': {'platformId': 'KR', 'accountId': 'mRHYh0eHLlzin_tMAhQuBpRyvs87JU8fwAnRIXmX2Erii91t9TW98KMH', 'summonerName': 'gapggg', 'summonerId': '2NUrEYZ_r85O30z1yhHJxcC1JSjQMdv_oVaMFSgm9CtiZs0', 'currentPlatformId': 'KR', 'currentAccountId': 'mRHYh0eHLlzin_tMAhQuBpRyvs87JU8fwAnRIXmX2Erii91t9TW98KMH', 'matchHistoryUri': '/v1/stats/player_history/KR/2372728072793472', 'profileIcon': 22}}, {'participantId': 7, 'player': {'platformId': 'KR', 'accountId': 'laVp9S-sMWhsLTd5Rl0rdUtRP8tNaEV0ph2bhwzIF2ZFmlVS-WGjlCCw', 'summonerName': '죽이지 마라1', 'summonerId': 'wAx8YND0e4p0prS2pBdSIiSt7S6E2DltenDV3JQHJd_SY90', 'currentPlatformId': 'KR', 'currentAccountId': 'laVp9S-sMWhsLTd5Rl0rdUtRP8tNaEV0ph2bhwzIF2ZFmlVS-WGjlCCw', 'matchHistoryUri': '/v1/stats/player_history/KR/2309152638176608', 'profileIcon': 6}}, {'participantId': 8, 'player': {'platformId': 'KR', 'accountId': 'JMvYNBltKqodbowF-przG6hYYx4xjEebAlNpjnVxedJvc3YtpGl4-p08', 'summonerName': 'zhong men dui ju', 'summonerId': '41foCgS8tN9qwcFvXfKDba48aULtpourP2foWMCreNRC4C4', 'currentPlatformId': 'KR', 'currentAccountId': 'JMvYNBltKqodbowF-przG6hYYx4xjEebAlNpjnVxedJvc3YtpGl4-p08', 'matchHistoryUri': '/v1/stats/player_history/KR/2372729821441408', 'profileIcon': 29}}, {'participantId': 9, 'player': {'platformId': 'KR', 'accountId': 'CBshAH3eSlOnMc1ntoJlf3E14TVfuABdbiQTIfpLgSMjs-R_nrCs_Su1', 'summonerName': 'maiduiyou', 'summonerId': 'dmh7O3sbF2CJt6lY4lNppWURxiNMXXNuL26NMp1pfvBDhYw', 'currentPlatformId': 'KR', 'currentAccountId': 'CBshAH3eSlOnMc1ntoJlf3E14TVfuABdbiQTIfpLgSMjs-R_nrCs_Su1', 'matchHistoryUri': '/v1/stats/player_history/KR/2372729532198688', 'profileIcon': 4447}}, {'participantId': 10, 'player': {'platformId': 'KR', 'accountId': 'ImPwfj9Gb0tPHcMMnjVc6w44AedoxngtlVZJiqLqOKBRVP8neMBoEYHa', 'summonerName': 'ggffggg', 'summonerId': 'n_2q6lxDY6zivMxIy1lJSyq7S7kV11RBpl29ccDzj20LMSI', 'currentPlatformId': 'KR', 'currentAccountId': 'ImPwfj9Gb0tPHcMMnjVc6w44AedoxngtlVZJiqLqOKBRVP8neMBoEYHa', 'matchHistoryUri': '/v1/stats/player_history/KR/2372727679749504', 'profileIcon': 839}}]","[{'participantId': 1, 'teamId': 100, 'championId': 236, 'spell1Id': 14, 'spell2Id': 4, 'stats': {'participantId': 1, 'win': True, 'item0': 2422, 'item1': 3153, 'item2': 3071, 'item3': 1055, 'item4': 1042, 'item5': 1055, 'item6': 3363, 'kills': 3, 'deaths': 5, 'assists': 2, 'largestKillingSpree': 2, 'largestMultiKill': 1, 'killingSprees': 1, 'longestTimeSpentLiving': 351, 'doubleKills': 0, 'tripleKills': 0, 'quadraKills': 0, 'pentaKills': 0, 'unrealKills': 0, 'totalDamageDealt': 91081, 'magicDamageDealt': 3316, 'physicalDamageDealt': 83719, 'trueDamageDealt': 4045, 'largestCriticalStrike': 0, 'totalDamageDealtToChampions': 16662, 'magicDamageDealtToChampions': 916, 'physicalDamageDealtToChampions': 15033, 'trueDamageDealtToChampions': 712, 'totalHeal': 1267, 'totalUnitsHealed': 1, 'damageSelfMitigated': 5791, 'damageDealtToObjectives': 1885, 'damageDealtToTurrets': 1885, 'visionScore': 14, 'timeCCingOthers': 1, 'totalDamageTaken': 15543, 'magicalDamageTaken': 4239, 'physicalDamageTaken': 10620, 'trueDamageTaken': 684, 'goldEarned': 8452, 'goldSpent': 7900, 'turretKills': 1, 'inhibitorKills': 0, 'totalMinionsKilled': 166, 'neutralMinionsKilled': 4, 'neutralMinionsKilledTeamJungle': 0, 'neutralMinionsKilledEnemyJungle': 4, 'totalTimeCrowdControlDealt': 33, 'champLevel': 14, 'visionWardsBoughtInGame': 4, 'sightWardsBoughtInGame': 0, 'wardsPlaced': 11, 'wardsKilled': 1, 'firstBloodKill': False, 'firstBloodAssist': False, 'firstTowerKill': False, 'firstTowerAssist': False, 'combatPlayerScore': 0, 'objectivePlayerScore': 0, 'totalPlayerScore': 0, 'totalScoreRank': 0, 'playerScore0': 0, 'playerScore1': 0, 'playerScore2': 0, 'playerScore3': 0, 'playerScore4': 0, 'playerScore5': 0, 'playerScore6': 0, 'playerScore7': 0, 'playerScore8': 0, 'playerScore9': 0, 'perk0': 8005, 'perk0Var1': 1496, 'perk0Var2': 953, 'perk0Var3': 543, 'perk1': 9111, 'perk1Var1': 551, 'perk1Var2': 100, 'perk1Var3': 0, 'perk2': 9104, 'perk2Var1': 19, 'perk2Var2': 10, 'perk2Var3': 0, 'perk3': 8299, 'perk3Var1': 381, 'perk3Var2': 0, 'perk3Var3': 0, 'perk4': 8304, 'perk4Var1': 12, 'perk4Var2': 0, 'perk4Var3': 0, 'perk5': 8345, 'perk5Var1': 3, 'perk5Var2': 0, 'perk5Var3': 0, 'perkPrimaryStyle': 8000, 'perkSubStyle': 8300, 'statPerk0': 5005, 'statPerk1': 5008, 'statPerk2': 5002}, 'timeline': {'participantId': 1, 'creepsPerMinDeltas': {'10-20': 7.8, '0-10': 7.5}, 'xpPerMinDeltas': {'10-20': 671.0999999999999, '0-10': 390.1}, 'goldPerMinDeltas': {'10-20': 459.9, '0-10': 253.4}, 'damageTakenPerMinDeltas': {'10-20': 936.0999999999999, '0-10': 383.6}, 'role': 'DUO_CARRY', 'lane': 'MIDDLE'}}, {'participantId': 2, 'teamId': 100, 'championId': 245, 'spell1Id': 11, 'spell2Id': 4, 'stats': {'participantId': 2, 'win': True, 'item0': 2031, 'item1': 3152, 'item2': 1414, 'item3': 3057, 'item4': 3020, 'item5': 0, 'item6': 3364, 'kills': 7, 'deaths': 0, 'assists': 7, 'largestKillingSpree': 7, 'largestMultiKill': 2, 'killingSprees': 1, 'longestTimeSpentLiving': 0, 'doubleKills': 1, 'tripleKills': 0, 'quadraKills': 0, 'pentaKills': 0, 'unrealKills': 0, 'totalDamageDealt': 114222, 'magicDamageDealt': 75228, 'physicalDamageDealt': 27464, 'trueDamageDealt': 11530, 'largestCriticalStrike': 0, 'totalDamageDealtToChampions': 11674, 'magicDamageDealtToChampions': 8938, 'physicalDamageDealtToChampions': 2224, 'trueDamageDealtToChampions': 512, 'totalHeal': 10400, 'totalUnitsHealed': 1, 'damageSelfMitigated': 10264, 'damageDealtToObjectives': 26704, 'damageDealtToTurrets': 352, 'visionScore': 27, 'timeCCingOthers': 9, 'totalDamageTaken': 19885, 'magicalDamageTaken': 4652, 'physicalDamageTaken': 14648, 'trueDamageTaken': 584, 'goldEarned': 9069, 'goldSpent': 7850, 'turretKills': 1, 'inhibitorKills': 0, 'totalMinionsKilled': 19, 'neutralMinionsKilled': 103, 'neutralMinionsKilledTeamJungle': 53, 'neutralMinionsKilledEnemyJungle': 10, 'totalTimeCrowdControlDealt': 291, 'champLevel': 13, 'visionWardsBoughtInGame': 6, 'sightWardsBoughtInGame': 0, 'wardsPlaced': 7, 'wardsKilled': 5, 'firstBloodKill': False, 'firstBloodAssist': False, 'firstTowerKill': False, 'firstTowerAssist': False, 'combatPlayerScore': 0, 'objectivePlayerScore': 0, 'totalPlayerScore': 0, 'totalScoreRank': 0, 'playerScore0': 0, 'playerScore1': 0, 'playerScore2': 0, 'playerScore3': 0, 'playerScore4': 0, 'playerScore5': 0, 'playerScore6': 0, 'playerScore7': 0, 'playerScore8': 0, 'playerScore9': 0, 'perk0': 8128, 'perk0Var1': 879, 'perk0Var2': 13, 'perk0Var3': 697, 'perk1': 8143, 'perk1Var1': 339, 'perk1Var2': 0, 'perk1Var3': 0, 'perk2': 8138, 'perk2Var1': 30, 'perk2Var2': 0, 'perk2Var3': 0, 'perk3': 8135, 'perk3Var1': 4058, 'perk3Var2': 5, 'perk3Var3': 0, 'perk4': 8304, 'perk4Var1': 10, 'perk4Var2': 3, 'perk4Var3': 0, 'perk5': 8321, 'perk5Var1': 4, 'perk5Var2': 0, 'perk5Var3': 0, 'perkPrimaryStyle': 8100, 'perkSubStyle': 8300, 'statPerk0': 5005, 'statPerk1': 5008, 'statPerk2': 5002}, 'timeline': {'participantId': 2, 'creepsPerMinDeltas': {'10-20': 1.4, '0-10': 0.3}, 'xpPerMinDeltas': {'10-20': 513, '0-10': 325.1}, 'goldPerMinDeltas': {'10-20': 454.8, '0-10': 269}, 'csDiffPerMinDeltas': {'10-20': 0.7000000000000001, '0-10': 0.09999999999999998}, 'xpDiffPerMinDeltas': {'10-20': 154.9, '0-10': -20.19999999999996}, 'damageTakenPerMinDeltas': {'10-20': 1047.7, '0-10': 554.9}, 'damageTakenDiffPerMinDeltas': {'10-20': -283.2000000000001, '0-10': -217.49999999999997}, 'role': 'NONE', 'lane': 'JUNGLE'}}, {'participantId': 3, 'teamId': 100, 'championId': 350, 'spell1Id': 7, 'spell2Id': 3, 'stats': {'participantId': 3, 'win': True, 'item0': 3174, 'item1': 3853, 'item2': 0, 'item3': 1052, 'item4': 3041, 'item5': 0, 'item6': 3364, 'kills': 0, 'deaths': 0, 'assists': 12, 'largestKillingSpree': 0, 'largestMultiKill': 0, 'killingSprees': 0, 'longestTimeSpentLiving': 0, 'doubleKills': 0, 'tripleKills': 0, 'quadraKills': 0, 'pentaKills': 0, 'unrealKills': 0, 'totalDamageDealt': 13682, 'magicDamageDealt': 9152, 'physicalDamageDealt': 4530, 'trueDamageDealt': 0, 'largestCriticalStrike': 0, 'totalDamageDealtToChampions': 7498, 'magicDamageDealtToChampions': 6608, 'physicalDamageDealtToChampions': 889, 'trueDamageDealtToChampions': 0, 'totalHeal': 7965, 'totalUnitsHealed': 5, 'damageSelfMitigated': 2488, 'damageDealtToObjectives': 1332, 'damageDealtToTurrets': 1272, 'visionScore': 46, 'timeCCingOthers': 6, 'totalDamageTaken': 3200, 'magicalDamageTaken': 133, 'physicalDamageTaken': 3066, 'trueDamageTaken': 0, 'goldEarned': 6023, 'goldSpent': 4935, 'turretKills': 0, 'inhibitorKills': 0, 'totalMinionsKilled': 8, 'neutralMinionsKilled': 0, 'neutralMinionsKilledTeamJungle': 0, 'neutralMinionsKilledEnemyJungle': 0, 'totalTimeCrowdControlDealt': 31, 'champLevel': 11, 'visionWardsBoughtInGame': 6, 'sightWardsBoughtInGame': 0, 'wardsPlaced': 21, 'wardsKilled': 4, 'firstBloodKill': False, 'firstBloodAssist': False, 'firstTowerKill': False, 'firstTowerAssist': False, 'combatPlayerScore': 0, 'objectivePlayerScore': 0, 'totalPlayerScore': 0, 'totalScoreRank': 0, 'playerScore0': 0, 'playerScore1': 0, 'playerScore2': 0, 'playerScore3': 0, 'playerScore4': 0, 'playerScore5': 0, 'playerScore6': 0, 'playerScore7': 0, 'playerScore8': 0, 'playerScore9': 0, 'perk0': 8229, 'perk0Var1': 695, 'perk0Var2': 0, 'perk0Var3': 0, 'perk1': 8226, 'perk1Var1': 250, 'perk1Var2': 618, 'perk1Var3': 0, 'perk2': 8210, 'perk2Var1': 0, 'perk2Var2': 0, 'perk2Var3': 0, 'perk3': 8236, 'perk3Var1': 24, 'perk3Var2': 0, 'perk3Var3': 0, 'perk4': 8009, 'perk4Var1': 3369, 'perk4Var2': 500, 'perk4Var3': 0, 'perk5': 8017, 'perk5Var1': 561, 'perk5Var2': 0, 'perk5Var3': 0, 'perkPrimaryStyle': 8200, 'perkSubStyle': 8000, 'statPerk0': 5008, 'statPerk1': 5008, 'statPerk2': 5002}, 'timeline': {'participantId': 3, 'creepsPerMinDeltas': {'10-20': 0.7, '0-10': 0.1}, 'xpPerMinDeltas': {'10-20': 454.20000000000005, '0-10': 238.8}, 'goldPerMinDeltas': {'10-20': 324.79999999999995, '0-10': 151.89999999999998}, 'damageTakenPerMinDeltas': {'10-20': 244.10000000000002, '0-10': 70.80000000000001}, 'role': 'DUO_SUPPORT', 'lane': 'MIDDLE'}}, {'participantId': 4, 'teamId': 100, 'championId': 110, 'spell1Id': 21, 'spell2Id': 4, 'stats': {'participantId': 4, 'win': True, 'item0': 3142, 'item1': 2033, 'item2': 3179, 'item3': 3158, 'item4': 1036, 'item5': 1036, 'item6': 3363, 'kills': 7, 'deaths': 0, 'assists': 2, 'largestKillingSpree': 7, 'largestMultiKill': 3, 'killingSprees': 1, 'longestTimeSpentLiving': 0, 'doubleKills': 1, 'tripleKills': 1, 'quadraKills': 0, 'pentaKills': 0, 'unrealKills': 0, 'totalDamageDealt': 111796, 'magicDamageDealt': 4245, 'physicalDamageDealt': 103533, 'trueDamageDealt': 4017, 'largestCriticalStrike': 0, 'totalDamageDealtToChampions': 13016, 'magicDamageDealtToChampions': 1643, 'physicalDamageDealtToChampions': 11259, 'trueDamageDealtToChampions': 114, 'totalHeal': 83, 'totalUnitsHealed': 1, 'damageSelfMitigated': 3648, 'damageDealtToObjectives': 3742, 'damageDealtToTurrets': 2988, 'visionScore': 16, 'timeCCingOthers': 12, 'totalDamageTaken': 6685, 'magicalDamageTaken': 280, 'physicalDamageTaken': 6404, 'trueDamageTaken': 0, 'goldEarned': 9868, 'goldSpent': 7675, 'turretKills': 2, 'inhibitorKills': 0, 'totalMinionsKilled': 192, 'neutralMinionsKilled': 4, 'neutralMinionsKilledTeamJungle': 0, 'neutralMinionsKilledEnemyJungle': 4, 'totalTimeCrowdControlDealt': 235, 'champLevel': 12, 'visionWardsBoughtInGame': 2, 'sightWardsBoughtInGame': 0, 'wardsPlaced': 9, 'wardsKilled': 5, 'firstBloodKill': False, 'firstBloodAssist': False, 'firstTowerKill': False, 'firstTowerAssist': False, 'combatPlayerScore': 0, 'objectivePlayerScore': 0, 'totalPlayerScore': 0, 'totalScoreRank': 0, 'playerScore0': 0, 'playerScore1': 0, 'playerScore2': 0, 'playerScore3': 0, 'playerScore4': 0, 'playerScore5': 0, 'playerScore6': 0, 'playerScore7': 0, 'playerScore8': 0, 'playerScore9': 0, 'perk0': 8229, 'perk0Var1': 739, 'perk0Var2': 0, 'perk0Var3': 0, 'perk1': 8226, 'perk1Var1': 250, 'perk1Var2': 853, 'perk1Var3': 0, 'perk2': 8233, 'perk2Var1': 15, 'perk2Var2': 20, 'perk2Var3': 0, 'perk3': 8237, 'perk3Var1': 315, 'perk3Var2': 0, 'perk3Var3': 0, 'perk4': 8345, 'perk4Var1': 3, 'perk4Var2': 0, 'perk4Var3': 0, 'perk5': 8347, 'perk5Var1': 0, 'perk5Var2': 0, 'perk5Var3': 0, 'perkPrimaryStyle': 8200, 'perkSubStyle': 8300, 'statPerk0': 5008, 'statPerk1': 5008, 'statPerk2': 5002}, 'timeline': {'participantId': 4, 'creepsPerMinDeltas': {'10-20': 9.3, '0-10': 8.2}, 'xpPerMinDeltas': {'10-20': 474.9, '0-10': 308.5}, 'goldPerMinDeltas': {'10-20': 498, '0-10': 263}, 'damageTakenPerMinDeltas': {'10-20': 182.89999999999998, '0-10': 290.6}, 'role': 'SOLO', 'lane': 'BOTTOM'}}, {'participantId': 5, 'teamId': 100, 'championId': 57, 'spell1Id': 4, 'spell2Id': 12, 'stats': {'participantId': 5, 'win': True, 'item0': 1054, 'item1': 3067, 'item2': 3047, 'item3': 2055, 'item4': 3068, 'item5': 3076, 'item6': 3340, 'kills': 2, 'deaths': 3, 'assists': 8, 'largestKillingSpree': 0, 'largestMultiKill': 1, 'killingSprees': 0, 'longestTimeSpentLiving': 590, 'doubleKills': 0, 'tripleKills': 0, 'quadraKills': 0, 'pentaKills': 0, 'unrealKills': 0, 'totalDamageDealt': 97245, 'magicDamageDealt': 74071, 'physicalDamageDealt': 16179, 'trueDamageDealt': 6995, 'largestCriticalStrike': 12, 'totalDamageDealtToChampions': 11393, 'magicDamageDealtToChampions': 9313, 'physicalDamageDealtToChampions': 2080, 'trueDamageDealtToChampions': 0, 'totalHeal': 6682, 'totalUnitsHealed': 1, 'damageSelfMitigated': 20243, 'damageDealtToObjectives': 11640, 'damageDealtToTurrets': 947, 'visionScore': 22, 'timeCCingOthers': 46, 'totalDamageTaken': 18143, 'magicalDamageTaken': 3757, 'physicalDamageTaken': 14295, 'trueDamageTaken': 90, 'goldEarned': 7660, 'goldSpent': 6600, 'turretKills': 0, 'inhibitorKills': 0, 'totalMinionsKilled': 146, 'neutralMinionsKilled': 0, 'neutralMinionsKilledTeamJungle': 0, 'neutralMinionsKilledEnemyJungle': 0, 'totalTimeCrowdControlDealt': 407, 'champLevel': 13, 'visionWardsBoughtInGame': 4, 'sightWardsBoughtInGame': 0, 'wardsPlaced': 9, 'wardsKilled': 3, 'firstBloodKill': False, 'firstBloodAssist': False, 'firstTowerKill': False, 'firstTowerAssist': False, 'combatPlayerScore': 0, 'objectivePlayerScore': 0, 'totalPlayerScore': 0, 'totalScoreRank': 0, 'playerScore0': 0, 'playerScore1': 0, 'playerScore2': 0, 'playerScore3': 0, 'playerScore4': 0, 'playerScore5': 0, 'playerScore6': 0, 'playerScore7': 0, 'playerScore8': 0, 'playerScore9': 0, 'perk0': 8439, 'perk0Var1': 399, 'perk0Var2': 0, 'perk0Var3': 0, 'perk1': 8446, 'perk1Var1': 551, 'perk1Var2': 0, 'perk1Var3': 0, 'perk2': 8429, 'perk2Var1': 54, 'perk2Var2': 20, 'perk2Var3': 11, 'perk3': 8451, 'perk3Var1': 155, 'perk3Var2': 0, 'perk3Var3': 0, 'perk4': 8210, 'perk4Var1': 0, 'perk4Var2': 0, 'perk4Var3': 0, 'perk5': 8226, 'perk5Var1': 250, 'perk5Var2': 383, 'perk5Var3': 0, 'perkPrimaryStyle': 8400, 'perkSubStyle': 8200, 'statPerk0': 5005, 'statPerk1': 5002, 'statPerk2': 5002}, 'timeline': {'participantId': 5, 'creepsPerMinDeltas': {'10-20': 6.4, '0-10': 6.800000000000001}, 'xpPerMinDeltas': {'10-20': 500.9, '0-10': 411.6}, 'goldPerMinDeltas': {'10-20': 371.79999999999995, '0-10': 262.4}, 'damageTakenPerMinDeltas': {'10-20': 1077.7, '0-10': 549}, 'role': 'SOLO', 'lane': 'TOP'}}, {'participantId': 6, 'teamId': 200, 'championId': 235, 'spell1Id': 21, 'spell2Id': 4, 'stats': {'participantId': 6, 'win': False, 'item0': 3009, 'item1': 3134, 'item2': 3863, 'item3': 2055, 'item4': 3123, 'item5': 1036, 'item6': 3364, 'kills': 0, 'deaths': 4, 'assists': 1, 'largestKillingSpree': 0, 'largestMultiKill': 0, 'killingSprees': 0, 'longestTimeSpentLiving': 718, 'doubleKills': 0, 'tripleKills': 0, 'quadraKills': 0, 'pentaKills': 0, 'unrealKills': 0, 'totalDamageDealt': 16876, 'magicDamageDealt': 0, 'physicalDamageDealt': 15180, 'trueDamageDealt': 1695, 'largestCriticalStrike': 217, 'totalDamageDealtToChampions': 4618, 'magicDamageDealtToChampions': 0, 'physicalDamageDealtToChampions': 4618, 'trueDamageDealtToChampions': 0, 'totalHeal': 4952, 'totalUnitsHealed': 5, 'damageSelfMitigated': 4012, 'damageDealtToObjectives': 3319, 'damageDealtToTurrets': 1148, 'visionScore': 30, 'timeCCingOthers': 23, 'totalDamageTaken': 10642, 'magicalDamageTaken': 5013, 'physicalDamageTaken': 5505, 'trueDamageTaken': 124, 'goldEarned': 4524, 'goldSpent': 3875, 'turretKills': 1, 'inhibitorKills': 0, 'totalMinionsKilled': 5, 'neutralMinionsKilled': 0, 'neutralMinionsKilledTeamJungle': 0, 'neutralMinionsKilledEnemyJungle': 0, 'totalTimeCrowdControlDealt': 80, 'champLevel': 9, 'visionWardsBoughtInGame': 5, 'sightWardsBoughtInGame': 0, 'wardsPlaced': 17, 'wardsKilled': 2, 'firstBloodKill': False, 'firstBloodAssist': False, 'firstTowerKill': False, 'firstTowerAssist': False, 'combatPlayerScore': 0, 'objectivePlayerScore': 0, 'totalPlayerScore': 0, 'totalScoreRank': 0, 'playerScore0': 0, 'playerScore1': 0, 'playerScore2': 0, 'playerScore3': 0, 'playerScore4': 0, 'playerScore5': 0, 'playerScore6': 0, 'playerScore7': 0, 'playerScore8': 0, 'playerScore9': 0, 'perk0': 8351, 'perk0Var1': 25, 'perk0Var2': 0, 'perk0Var3': 0, 'perk1': 8304, 'perk1Var1': 12, 'perk1Var2': 0, 'perk1Var3': 0, 'perk2': 8345, 'perk2Var1': 3, 'perk2Var2': 0, 'perk2Var3': 0, 'perk3': 8410, 'perk3Var1': 42, 'perk3Var2': 0, 'perk3Var3': 0, 'perk4': 8009, 'perk4Var1': 143, 'perk4Var2': 100, 'perk4Var3': 0, 'perk5': 8017, 'perk5Var1': 247, 'perk5Var2': 0, 'perk5Var3': 0, 'perkPrimaryStyle': 8300, 'perkSubStyle': 8000, 'statPerk0': 5005, 'statPerk1': 5008, 'statPerk2': 5002}, 'timeline': {'participantId': 6, 'creepsPerMinDeltas': {'10-20': 0.2, '0-10': 0.1}, 'xpPerMinDeltas': {'10-20': 280.1, '0-10': 249.8}, 'goldPerMinDeltas': {'10-20': 207.4, '0-10': 155.4}, 'damageTakenPerMinDeltas': {'10-20': 536.5, '0-10': 275.2}, 'role': 'DUO_SUPPORT', 'lane': 'BOTTOM'}}, {'participantId': 7, 'teamId': 200, 'championId': 126, 'spell1Id': 4, 'spell2Id': 12, 'stats': {'participantId': 7, 'win': False, 'item0': 3142, 'item1': 0, 'item2': 3147, 'item3': 3111, 'item4': 1083, 'item5': 1055, 'item6': 3363, 'kills': 2, 'deaths': 6, 'assists': 2, 'largestKillingSpree': 2, 'largestMultiKill': 1, 'killingSprees': 1, 'longestTimeSpentLiving': 447, 'doubleKills': 0, 'tripleKills': 0, 'quadraKills': 0, 'pentaKills': 0, 'unrealKills': 0, 'totalDamageDealt': 120893, 'magicDamageDealt': 10820, 'physicalDamageDealt': 106171, 'trueDamageDealt': 3901, 'largestCriticalStrike': 0, 'totalDamageDealtToChampions': 14837, 'magicDamageDealtToChampions': 2016, 'physicalDamageDealtToChampions': 12820, 'trueDamageDealtToChampions': 0, 'totalHeal': 971, 'totalUnitsHealed': 1, 'damageSelfMitigated': 7593, 'damageDealtToObjectives': 6192, 'damageDealtToTurrets': 2064, 'visionScore': 16, 'timeCCingOthers': 3, 'totalDamageTaken': 14269, 'magicalDamageTaken': 6810, 'physicalDamageTaken': 7075, 'trueDamageTaken': 384, 'goldEarned': 8823, 'goldSpent': 7625, 'turretKills': 0, 'inhibitorKills': 0, 'totalMinionsKilled': 186, 'neutralMinionsKilled': 15, 'neutralMinionsKilledTeamJungle': 3, 'neutralMinionsKilledEnemyJungle': 12, 'totalTimeCrowdControlDealt': 67, 'champLevel': 14, 'visionWardsBoughtInGame': 1, 'sightWardsBoughtInGame': 0, 'wardsPlaced': 6, 'wardsKilled': 2, 'firstBloodKill': False, 'firstBloodAssist': False, 'firstTowerKill': False, 'firstTowerAssist': False, 'combatPlayerScore': 0, 'objectivePlayerScore': 0, 'totalPlayerScore': 0, 'totalScoreRank': 0, 'playerScore0': 0, 'playerScore1': 0, 'playerScore2': 0, 'playerScore3': 0, 'playerScore4': 0, 'playerScore5': 0, 'playerScore6': 0, 'playerScore7': 0, 'playerScore8': 0, 'playerScore9': 0, 'perk0': 8010, 'perk0Var1': 334, 'perk0Var2': 0, 'perk0Var3': 0, 'perk1': 8009, 'perk1Var1': 735, 'perk1Var2': 400, 'perk1Var3': 0, 'perk2': 9104, 'perk2Var1': 20, 'perk2Var2': 40, 'perk2Var3': 0, 'perk3': 8299, 'perk3Var1': 506, 'perk3Var2': 0, 'perk3Var3': 0, 'perk4': 8304, 'perk4Var1': 10, 'perk4Var2': 3, 'perk4Var3': 0, 'perk5': 8345, 'perk5Var1': 3, 'perk5Var2': 0, 'perk5Var3': 0, 'perkPrimaryStyle': 8000, 'perkSubStyle': 8300, 'statPerk0': 5008, 'statPerk1': 5008, 'statPerk2': 5001}, 'timeline': {'participantId': 7, 'creepsPerMinDeltas': {'10-20': 9.4, '0-10': 7.3}, 'xpPerMinDeltas': {'10-20': 570.9, '0-10': 463.1}, 'goldPerMinDeltas': {'10-20': 432.4, '0-10': 294.6}, 'damageTakenPerMinDeltas': {'10-20': 870.4000000000001, '0-10': 376.9}, 'role': 'DUO', 'lane': 'TOP'}}, {'participantId': 8, 'teamId': 200, 'championId': 517, 'spell1Id': 4, 'spell2Id': 11, 'stats': {'participantId': 8, 'win': False, 'item0': 3152, 'item1': 0, 'item2': 0, 'item3': 1082, 'item4': 1402, 'item5': 3111, 'item6': 3364, 'kills': 3, 'deaths': 3, 'assists': 3, 'largestKillingSpree': 2, 'largestMultiKill': 1, 'killingSprees': 1, 'longestTimeSpentLiving': 720, 'doubleKills': 0, 'tripleKills': 0, 'quadraKills': 0, 'pentaKills': 0, 'unrealKills': 0, 'totalDamageDealt': 108070, 'magicDamageDealt': 81738, 'physicalDamageDealt': 18645, 'trueDamageDealt': 7686, 'largestCriticalStrike': 0, 'totalDamageDealtToChampions': 9197, 'magicDamageDealtToChampions': 7143, 'physicalDamageDealtToChampions': 1522, 'trueDamageDealtToChampions': 532, 'totalHeal': 13254, 'totalUnitsHealed': 1, 'damageSelfMitigated': 11590, 'damageDealtToObjectives': 1211, 'damageDealtToTurrets': 469, 'visionScore': 27, 'timeCCingOthers': 12, 'totalDamageTaken': 25109, 'magicalDamageTaken': 6211, 'physicalDamageTaken': 18558, 'trueDamageTaken': 338, 'goldEarned': 7788, 'goldSpent': 6825, 'turretKills': 0, 'inhibitorKills': 0, 'totalMinionsKilled': 16, 'neutralMinionsKilled': 110, 'neutralMinionsKilledTeamJungle': 79, 'neutralMinionsKilledEnemyJungle': 15, 'totalTimeCrowdControlDealt': 491, 'champLevel': 11, 'visionWardsBoughtInGame': 4, 'sightWardsBoughtInGame': 0, 'wardsPlaced': 3, 'wardsKilled': 8, 'firstBloodKill': False, 'firstBloodAssist': False, 'firstTowerKill': False, 'firstTowerAssist': False, 'combatPlayerScore': 0, 'objectivePlayerScore': 0, 'totalPlayerScore': 0, 'totalScoreRank': 0, 'playerScore0': 0, 'playerScore1': 0, 'playerScore2': 0, 'playerScore3': 0, 'playerScore4': 0, 'playerScore5': 0, 'playerScore6': 0, 'playerScore7': 0, 'playerScore8': 0, 'playerScore9': 0, 'perk0': 8021, 'perk0Var1': 2183, 'perk0Var2': 0, 'perk0Var3': 0, 'perk1': 8009, 'perk1Var1': 989, 'perk1Var2': 500, 'perk1Var3': 0, 'perk2': 9105, 'perk2Var1': 16, 'perk2Var2': 10, 'perk2Var3': 0, 'perk3': 8299, 'perk3Var1': 180, 'perk3Var2': 0, 'perk3Var3': 0, 'perk4': 8139, 'perk4Var1': 438, 'perk4Var2': 0, 'perk4Var3': 0, 'perk5': 8135, 'perk5Var1': 2516, 'perk5Var2': 2, 'perk5Var3': 0, 'perkPrimaryStyle': 8000, 'perkSubStyle': 8100, 'statPerk0': 5005, 'statPerk1': 5008, 'statPerk2': 5003}, 'timeline': {'participantId': 8, 'creepsPerMinDeltas': {'10-20': 0.7, '0-10': 0.2}, 'xpPerMinDeltas': {'10-20': 358.1, '0-10': 345.29999999999995}, 'goldPerMinDeltas': {'10-20': 342.2, '0-10': 293.8}, 'csDiffPerMinDeltas': {'10-20': -0.7000000000000001, '0-10': -0.09999999999999998}, 'xpDiffPerMinDeltas': {'10-20': -154.9, '0-10': 20.19999999999996}, 'damageTakenPerMinDeltas': {'10-20': 1330.9, '0-10': 772.4}, 'damageTakenDiffPerMinDeltas': {'10-20': 283.2000000000001, '0-10': 217.49999999999997}, 'role': 'NONE', 'lane': 'JUNGLE'}}, {'participantId': 9, 'teamId': 200, 'championId': 58, 'spell1Id': 4, 'spell2Id': 14, 'stats': {'participantId': 9, 'win': False, 'item0': 3071, 'item1': 3075, 'item2': 2055, 'item3': 3111, 'item4': 0, 'item5': 1055, 'item6': 3363, 'kills': 3, 'deaths': 4, 'assists': 2, 'largestKillingSpree': 3, 'largestMultiKill': 1, 'killingSprees': 1, 'longestTimeSpentLiving': 928, 'doubleKills': 0, 'tripleKills': 0, 'quadraKills': 0, 'pentaKills': 0, 'unrealKills': 0, 'totalDamageDealt': 111030, 'magicDamageDealt': 4722, 'physicalDamageDealt': 105482, 'trueDamageDealt': 826, 'largestCriticalStrike': 0, 'totalDamageDealtToChampions': 10035, 'magicDamageDealtToChampions': 1914, 'physicalDamageDealtToChampions': 7295, 'trueDamageDealtToChampions': 826, 'totalHeal': 4636, 'totalUnitsHealed': 1, 'damageSelfMitigated': 18878, 'damageDealtToObjectives': 1482, 'damageDealtToTurrets': 1482, 'visionScore': 28, 'timeCCingOthers': 12, 'totalDamageTaken': 26510, 'magicalDamageTaken': 7923, 'physicalDamageTaken': 18120, 'trueDamageTaken': 467, 'goldEarned': 9008, 'goldSpent': 8625, 'turretKills': 1, 'inhibitorKills': 0, 'totalMinionsKilled': 182, 'neutralMinionsKilled': 9, 'neutralMinionsKilledTeamJungle': 5, 'neutralMinionsKilledEnemyJungle': 4, 'totalTimeCrowdControlDealt': 50, 'champLevel': 14, 'visionWardsBoughtInGame': 7, 'sightWardsBoughtInGame': 0, 'wardsPlaced': 14, 'wardsKilled': 3, 'firstBloodKill': True, 'firstBloodAssist': False, 'firstTowerKill': True, 'firstTowerAssist': False, 'combatPlayerScore': 0, 'objectivePlayerScore': 0, 'totalPlayerScore': 0, 'totalScoreRank': 0, 'playerScore0': 0, 'playerScore1': 0, 'playerScore2': 0, 'playerScore3': 0, 'playerScore4': 0, 'playerScore5': 0, 'playerScore6': 0, 'playerScore7': 0, 'playerScore8': 0, 'playerScore9': 0, 'perk0': 8005, 'perk0Var1': 1013, 'perk0Var2': 569, 'perk0Var3': 443, 'perk1': 9111, 'perk1Var1': 631, 'perk1Var2': 100, 'perk1Var3': 0, 'perk2': 9105, 'perk2Var1': 17, 'perk2Var2': 10, 'perk2Var3': 0, 'perk3': 8299, 'perk3Var1': 595, 'perk3Var2': 0, 'perk3Var3': 0, 'perk4': 8444, 'perk4Var1': 1460, 'perk4Var2': 0, 'perk4Var3': 0, 'perk5': 8451, 'perk5Var1': 175, 'perk5Var2': 0, 'perk5Var3': 0, 'perkPrimaryStyle': 8000, 'perkSubStyle': 8400, 'statPerk0': 5005, 'statPerk1': 5008, 'statPerk2': 5002}, 'timeline': {'participantId': 9, 'creepsPerMinDeltas': {'10-20': 9.1, '0-10': 7.3}, 'xpPerMinDeltas': {'10-20': 579.5, '0-10': 475}, 'goldPerMinDeltas': {'10-20': 464.1, '0-10': 322.70000000000005}, 'damageTakenPerMinDeltas': {'10-20': 1718.2, '0-10': 575.7}, 'role': 'DUO', 'lane': 'TOP'}}, {'participantId': 10, 'teamId': 200, 'championId': 15, 'spell1Id': 4, 'spell2Id': 7, 'stats': {'participantId': 10, 'win': False, 'item0': 1042, 'item1': 0, 'item2': 1054, 'item3': 3508, 'item4': 3006, 'item5': 3086, 'item6': 3363, 'kills': 0, 'deaths': 2, 'assists': 0, 'largestKillingSpree': 0, 'largestMultiKill': 0, 'killingSprees': 0, 'longestTimeSpentLiving': 1120, 'doubleKills': 0, 'tripleKills': 0, 'quadraKills': 0, 'pentaKills': 0, 'unrealKills': 0, 'totalDamageDealt': 83071, 'magicDamageDealt': 0, 'physicalDamageDealt': 77626, 'trueDamageDealt': 5445, 'largestCriticalStrike': 339, 'totalDamageDealtToChampions': 5531, 'magicDamageDealtToChampions': 0, 'physicalDamageDealtToChampions': 5531, 'trueDamageDealtToChampions': 0, 'totalHeal': 1016, 'totalUnitsHealed': 2, 'damageSelfMitigated': 3607, 'damageDealtToObjectives': 1901, 'damageDealtToTurrets': 1901, 'visionScore': 10, 'timeCCingOthers': 0, 'totalDamageTaken': 9241, 'magicalDamageTaken': 3498, 'physicalDamageTaken': 5719, 'trueDamageTaken': 24, 'goldEarned': 6993, 'goldSpent': 6650, 'turretKills': 0, 'inhibitorKills': 0, 'totalMinionsKilled': 182, 'neutralMinionsKilled': 0, 'neutralMinionsKilledTeamJungle': 0, 'neutralMinionsKilledEnemyJungle': 0, 'totalTimeCrowdControlDealt': 0, 'champLevel': 11, 'visionWardsBoughtInGame': 0, 'sightWardsBoughtInGame': 0, 'wardsPlaced': 6, 'wardsKilled': 3, 'firstBloodKill': False, 'firstBloodAssist': False, 'firstTowerKill': False, 'firstTowerAssist': False, 'combatPlayerScore': 0, 'objectivePlayerScore': 0, 'totalPlayerScore': 0, 'totalScoreRank': 0, 'playerScore0': 0, 'playerScore1': 0, 'playerScore2': 0, 'playerScore3': 0, 'playerScore4': 0, 'playerScore5': 0, 'playerScore6': 0, 'playerScore7': 0, 'playerScore8': 0, 'playerScore9': 0, 'perk0': 8008, 'perk0Var1': 1, 'perk0Var2': 30, 'perk0Var3': 0, 'perk1': 9101, 'perk1Var1': 373, 'perk1Var2': 285, 'perk1Var3': 0, 'perk2': 9103, 'perk2Var1': 0, 'perk2Var2': 0, 'perk2Var3': 0, 'perk3': 8014, 'perk3Var1': 5, 'perk3Var2': 0, 'perk3Var3': 0, 'perk4': 8275, 'perk4Var1': 3, 'perk4Var2': 0, 'perk4Var3': 0, 'perk5': 8236, 'perk5Var1': 14, 'perk5Var2': 0, 'perk5Var3': 0, 'perkPrimaryStyle': 8000, 'perkSubStyle': 8200, 'statPerk0': 5005, 'statPerk1': 5008, 'statPerk2': 5002}, 'timeline': {'participantId': 10, 'creepsPerMinDeltas': {'10-20': 9.7, '0-10': 8.5}, 'xpPerMinDeltas': {'10-20': 415.4, '0-10': 337.9}, 'goldPerMinDeltas': {'10-20': 352.6, '0-10': 272.79999999999995}, 'damageTakenPerMinDeltas': {'10-20': 531.8, '0-10': 267.20000000000005}, 'role': 'DUO_CARRY', 'lane': 'BOTTOM'}}]",KR,420.0,13.0,,
2,1585059026141.0,932.0,4243963257.0,CLASSIC,MATCHED_GAME,10.6.313.8894,11.0,"[{'participantId': 1, 'player': {'platformId': 'KR', 'accountId': 'K81BH-YaxpRjP5e9YIRcSvydwzCneaxr010YgrSMUfN5-jU', 'summonerName': '호잇이', 'summonerId': 'VZZ2sZufE5NXoX2ljWI6UNC7ylwP6xyxCG1w0Kk85lKjBT8', 'currentPlatformId': 'KR', 'currentAccountId': 'K81BH-YaxpRjP5e9YIRcSvydwzCneaxr010YgrSMUfN5-jU', 'matchHistoryUri': '/v1/stats/player_history/KR/207443723', 'profileIcon': 4107}}, {'participantId': 2, 'player': {'platformId': 'KR', 'accountId': '4alTxbRq8V64QzAM-QpuksDdwB70WS4V_IDQWBYfiNqgIGA', 'summonerName': 'Gen G Bonnie', 'summonerId': 'pDy6jb36r46Abuyg8SeUT9FKPFaG-LUCIn0ajRF3kjYPVdw', 'currentPlatformId': 'KR', 'currentAccountId': '4alTxbRq8V64QzAM-QpuksDdwB70WS4V_IDQWBYfiNqgIGA', 'matchHistoryUri': '/v1/stats/player_history/KR/209364129', 'profileIcon': 11}}, {'participantId': 3, 'player': {'platformId': 'KR', 'accountId': 'HvT-9rUVEVio-sEriwkgZyhIT764e7WlClbXC2TQZaTJrv8haf5PN0sj', 'summonerName': 'Sei2e the day', 'summonerId': '_coxtmynCJng-vmt-nSDeWDj2FF1lzSfBIzZh-YjQ2IC-xU', 'currentPlatformId': 'KR', 'currentAccountId': 'HvT-9rUVEVio-sEriwkgZyhIT764e7WlClbXC2TQZaTJrv8haf5PN0sj', 'matchHistoryUri': '/v1/stats/player_history/KR/2372726807424256', 'profileIcon': 3837}}, {'participantId': 4, 'player': {'platformId': 'KR', 'accountId': 'laVp9S-sMWhsLTd5Rl0rdUtRP8tNaEV0ph2bhwzIF2ZFmlVS-WGjlCCw', 'summonerName': '죽이지 마라1', 'summonerId': 'wAx8YND0e4p0prS2pBdSIiSt7S6E2DltenDV3JQHJd_SY90', 'currentPlatformId': 'KR', 'currentAccountId': 'laVp9S-sMWhsLTd5Rl0rdUtRP8tNaEV0ph2bhwzIF2ZFmlVS-WGjlCCw', 'matchHistoryUri': '/v1/stats/player_history/KR/2309152638176608', 'profileIcon': 6}}, {'participantId': 5, 'player': {'platformId': 'KR', 'accountId': 'ZHCA283ZhVjiz8tf4w_WhjhQfzi0g8RwhVLS54anQMS1r_s', 'summonerName': '가루눈 OwO', 'summonerId': 'suMzXj9OBNQ-401wdglMs-Q8aGP6K4ZcSmy9Pwe7ZN_v4YI', 'currentPlatformId': 'KR', 'currentAccountId': 'ZHCA283ZhVjiz8tf4w_WhjhQfzi0g8RwhVLS54anQMS1r_s', 'matchHistoryUri': '/v1/stats/player_history/KR/210384279', 'profileIcon': 4418}}, {'participantId': 6, 'player': {'platformId': 'KR', 'accountId': 'nqF2oRCAeXA27uhGbvYS7gyb2M23OrSS_ehTnzUY6wr_gD4', 'summonerName': 'Gen G Kellin', 'summonerId': 'XpmxFiwrLbkVlCgRVoTyz6ZjxwpSg-OGjhbr367B4zIWwdM', 'currentPlatformId': 'KR', 'currentAccountId': 'nqF2oRCAeXA27uhGbvYS7gyb2M23OrSS_ehTnzUY6wr_gD4', 'matchHistoryUri': '/v1/stats/player_history/KR/209943564', 'profileIcon': 3849}}, {'participantId': 7, 'player': {'platformId': 'KR', 'accountId': 'Y1atgqjOEIt3LCB7YLTmUG7ZKpR5SRYHF72nU6gGxj-8Z9YV-sFKXlCs', 'summonerName': '장래희망우솝', 'summonerId': 'huRNjdn6EaMQvHOcwuyqbtoRLcd_ljzjDs5EuJT2dm_WChQ', 'currentPlatformId': 'KR', 'currentAccountId': 'Y1atgqjOEIt3LCB7YLTmUG7ZKpR5SRYHF72nU6gGxj-8Z9YV-sFKXlCs', 'matchHistoryUri': '/v1/stats/player_history/KR/2383285965877152', 'profileIcon': 4495}}, {'participantId': 8, 'player': {'platformId': 'KR', 'accountId': 'LhCH2yaixm5FZ6dHybuexqHNckeV0RQh4-W3pB8vJP2_', 'summonerName': '쪼렙이다말로하자', 'summonerId': 'YTMZt7CQ7cHXiADp1ZtI1GjNHdAE_HQbbSxxq_gllWinqQ', 'currentPlatformId': 'KR', 'currentAccountId': 'LhCH2yaixm5FZ6dHybuexqHNckeV0RQh4-W3pB8vJP2_', 'matchHistoryUri': '/v1/stats/player_history/KR/2725181', 'profileIcon': 3019}}, {'participantId': 9, 'player': {'platformId': 'KR', 'accountId': 'C5kaawNjDdMLodFtogGCPSkSKElEs39imb80iTvjfWWfy9k', 'summonerName': '불질러', 'summonerId': 'exNXyACl33qZjrQ5F9jsvojM3AHK8BhYFGmOtdCPM3IDBG4', 'currentPlatformId': 'KR', 'currentAccountId': 'C5kaawNjDdMLodFtogGCPSkSKElEs39imb80iTvjfWWfy9k', 'matchHistoryUri': '/v1/stats/player_history/KR/207078123', 'profileIcon': 1458}}, {'participantId': 10, 'player': {'platformId': 'KR', 'accountId': 'IIWG7FRiqE8CuZaCslKkNxkglwpgnePPxDslb2tv66FKrgo', 'summonerName': 'Youtube Thal', 'summonerId': '8Cx100isJ6RMMeOmUX_-Wg0CESabVTYk-e8P8Ijj3zuIiB4', 'currentPlatformId': 'KR', 'currentAccountId': 'IIWG7FRiqE8CuZaCslKkNxkglwpgnePPxDslb2tv66FKrgo', 'matchHistoryUri': '/v1/stats/player_history/KR/201236882', 'profileIcon': 4090}}]","[{'participantId': 1, 'teamId': 100, 'championId': 235, 'spell1Id': 4, 'spell2Id': 3, 'stats': {'participantId': 1, 'win': False, 'item0': 2031, 'item1': 0, 'item2': 0, 'item3': 3006, 'item4': 3134, 'item5': 3863, 'item6': 3364, 'kills': 0, 'deaths': 4, 'assists': 1, 'largestKillingSpree': 0, 'largestMultiKill': 0, 'killingSprees': 0, 'longestTimeSpentLiving': 354, 'doubleKills': 0, 'tripleKills': 0, 'quadraKills': 0, 'pentaKills': 0, 'unrealKills': 0, 'totalDamageDealt': 19098, 'magicDamageDealt': 0, 'physicalDamageDealt': 17614, 'trueDamageDealt': 1483, 'largestCriticalStrike': 1483, 'totalDamageDealtToChampions': 5167, 'magicDamageDealtToChampions': 0, 'physicalDamageDealtToChampions': 5167, 'trueDamageDealtToChampions': 0, 'totalHeal': 2119, 'totalUnitsHealed': 2, 'damageSelfMitigated': 2996, 'damageDealtToObjectives': 1600, 'damageDealtToTurrets': 0, 'visionScore': 14, 'timeCCingOthers': 19, 'totalDamageTaken': 6494, 'magicalDamageTaken': 1789, 'physicalDamageTaken': 4506, 'trueDamageTaken': 198, 'goldEarned': 3228, 'goldSpent': 3000, 'turretKills': 0, 'inhibitorKills': 0, 'totalMinionsKilled': 11, 'neutralMinionsKilled': 0, 'neutralMinionsKilledTeamJungle': 0, 'neutralMinionsKilledEnemyJungle': 0, 'totalTimeCrowdControlDealt': 82, 'champLevel': 7, 'visionWardsBoughtInGame': 2, 'sightWardsBoughtInGame': 0, 'wardsPlaced': 9, 'wardsKilled': 1, 'firstBloodKill': False, 'firstBloodAssist': False, 'firstTowerKill': False, 'firstTowerAssist': False, 'firstInhibitorKill': False, 'firstInhibitorAssist': False, 'combatPlayerScore': 0, 'objectivePlayerScore': 0, 'totalPlayerScore': 0, 'totalScoreRank': 0, 'playerScore0': 0, 'playerScore1': 0, 'playerScore2': 0, 'playerScore3': 0, 'playerScore4': 0, 'playerScore5': 0, 'playerScore6': 0, 'playerScore7': 0, 'playerScore8': 0, 'playerScore9': 0, 'perk0': 8351, 'perk0Var1': 32, 'perk0Var2': 0, 'perk0Var3': 0, 'perk1': 8313, 'perk1Var1': 0, 'perk1Var2': 0, 'perk1Var3': 0, 'perk2': 8345, 'perk2Var1': 3, 'perk2Var2': 0, 'perk2Var3': 0, 'perk3': 8410, 'perk3Var1': 59, 'perk3Var2': 0, 'perk3Var3': 0, 'perk4': 8009, 'perk4Var1': 0, 'perk4Var2': 100, 'perk4Var3': 0, 'perk5': 9104, 'perk5Var1': 0, 'perk5Var2': 0, 'perk5Var3': 0, 'perkPrimaryStyle': 8300, 'perkSubStyle': 8000, 'statPerk0': 5005, 'statPerk1': 5008, 'statPerk2': 5002}, 'timeline': {'participantId': 1, 'creepsPerMinDeltas': {'0-10': 0.30000000000000004}, 'xpPerMinDeltas': {'0-10': 250.9}, 'goldPerMinDeltas': {'0-10': 173.89999999999998}, 'csDiffPerMinDeltas': {'0-10': -0.25999999999999956}, 'xpDiffPerMinDeltas': {'0-10': -72.84}, 'damageTakenPerMinDeltas': {'0-10': 434.20000000000005}, 'damageTakenDiffPerMinDeltas': {'0-10': -16.439999999999998}, 'role': 'DUO_SUPPORT', 'lane': 'NONE'}}, {'participantId': 2, 'teamId': 100, 'championId': 60, 'spell1Id': 11, 'spell2Id': 4, 'stats': {'participantId': 2, 'win': False, 'item0': 1402, 'item1': 2031, 'item2': 3020, 'item3': 2055, 'item4': 1052, 'item5': 0, 'item6': 3364, 'kills': 2, 'deaths': 5, 'assists': 2, 'largestKillingSpree': 0, 'largestMultiKill': 1, 'killingSprees': 0, 'longestTimeSpentLiving': 238, 'doubleKills': 0, 'tripleKills': 0, 'quadraKills': 0, 'pentaKills': 0, 'unrealKills': 0, 'totalDamageDealt': 40783, 'magicDamageDealt': 22064, 'physicalDamageDealt': 13232, 'trueDamageDealt': 5487, 'largestCriticalStrike': 0, 'totalDamageDealtToChampions': 4561, 'magicDamageDealtToChampions': 3672, 'physicalDamageDealtToChampions': 359, 'trueDamageDealtToChampions': 530, 'totalHeal': 1630, 'totalUnitsHealed': 1, 'damageSelfMitigated': 2715, 'damageDealtToObjectives': 216, 'damageDealtToTurrets': 0, 'visionScore': 17, 'timeCCingOthers': 9, 'totalDamageTaken': 7756, 'magicalDamageTaken': 2445, 'physicalDamageTaken': 4958, 'trueDamageTaken': 352, 'goldEarned': 4878, 'goldSpent': 4910, 'turretKills': 0, 'inhibitorKills': 0, 'totalMinionsKilled': 19, 'neutralMinionsKilled': 43, 'neutralMinionsKilledTeamJungle': 30, 'neutralMinionsKilledEnemyJungle': 0, 'totalTimeCrowdControlDealt': 133, 'champLevel': 8, 'visionWardsBoughtInGame': 5, 'sightWardsBoughtInGame': 0, 'wardsPlaced': 7, 'wardsKilled': 2, 'firstBloodKill': False, 'firstBloodAssist': False, 'firstTowerKill': False, 'firstTowerAssist': False, 'firstInhibitorKill': False, 'firstInhibitorAssist': False, 'combatPlayerScore': 0, 'objectivePlayerScore': 0, 'totalPlayerScore': 0, 'totalScoreRank': 0, 'playerScore0': 0, 'playerScore1': 0, 'playerScore2': 0, 'playerScore3': 0, 'playerScore4': 0, 'playerScore5': 0, 'playerScore6': 0, 'playerScore7': 0, 'playerScore8': 0, 'playerScore9': 0, 'perk0': 8112, 'perk0Var1': 496, 'perk0Var2': 0, 'perk0Var3': 0, 'perk1': 8126, 'perk1Var1': 150, 'perk1Var2': 0, 'perk1Var3': 0, 'perk2': 8136, 'perk2Var1': 3, 'perk2Var2': 6, 'perk2Var3': 0, 'perk3': 8105, 'perk3Var1': 11, 'perk3Var2': 3, 'perk3Var3': 0, 'perk4': 8275, 'perk4Var1': 9, 'perk4Var2': 0, 'perk4Var3': 0, 'perk5': 8232, 'perk5Var1': 2, 'perk5Var2': 10, 'perk5Var3': 0, 'perkPrimaryStyle': 8100, 'perkSubStyle': 8200, 'statPerk0': 5005, 'statPerk1': 5008, 'statPerk2': 5002}, 'timeline': {'participantId': 2, 'creepsPerMinDeltas': {'0-10': 1.2000000000000002}, 'xpPerMinDeltas': {'0-10': 291}, 'goldPerMinDeltas': {'0-10': 265}, 'csDiffPerMinDeltas': {'0-10': -0.25999999999999956}, 'xpDiffPerMinDeltas': {'0-10': -72.84}, 'damageTakenPerMinDeltas': {'0-10': 377.29999999999995}, 'damageTakenDiffPerMinDeltas': {'0-10': -16.439999999999998}, 'role': 'DUO_SUPPORT', 'lane': 'NONE'}}, {'participantId': 3, 'teamId': 100, 'championId': 223, 'spell1Id': 4, 'spell2Id': 7, 'stats': {'participantId': 3, 'win': False, 'item0': 2424, 'item1': 3068, 'item2': 1054, 'item3': 2055, 'item4': 1001, 'item5': 0, 'item6': 3364, 'kills': 0, 'deaths': 5, 'assists': 2, 'largestKillingSpree': 0, 'largestMultiKill': 0, 'killingSprees': 0, 'longestTimeSpentLiving': 379, 'doubleKills': 0, 'tripleKills': 0, 'quadraKills': 0, 'pentaKills': 0, 'unrealKills': 0, 'totalDamageDealt': 20463, 'magicDamageDealt': 13320, 'physicalDamageDealt': 7142, 'trueDamageDealt': 0, 'largestCriticalStrike': 0, 'totalDamageDealtToChampions': 3459, 'magicDamageDealtToChampions': 2663, 'physicalDamageDealtToChampions': 796, 'trueDamageDealtToChampions': 0, 'totalHeal': 1396, 'totalUnitsHealed': 2, 'damageSelfMitigated': 9684, 'damageDealtToObjectives': 120, 'damageDealtToTurrets': 0, 'visionScore': 7, 'timeCCingOthers': 11, 'totalDamageTaken': 11042, 'magicalDamageTaken': 3182, 'physicalDamageTaken': 7675, 'trueDamageTaken': 184, 'goldEarned': 3993, 'goldSpent': 3850, 'turretKills': 0, 'inhibitorKills': 0, 'totalMinionsKilled': 78, 'neutralMinionsKilled': 0, 'neutralMinionsKilledTeamJungle': 0, 'neutralMinionsKilledEnemyJungle': 0, 'totalTimeCrowdControlDealt': 60, 'champLevel': 8, 'visionWardsBoughtInGame': 2, 'sightWardsBoughtInGame': 0, 'wardsPlaced': 1, 'wardsKilled': 3, 'firstBloodKill': False, 'firstBloodAssist': False, 'firstTowerKill': False, 'firstTowerAssist': False, 'firstInhibitorKill': False, 'firstInhibitorAssist': False, 'combatPlayerScore': 0, 'objectivePlayerScore': 0, 'totalPlayerScore': 0, 'totalScoreRank': 0, 'playerScore0': 0, 'playerScore1': 0, 'playerScore2': 0, 'playerScore3': 0, 'playerScore4': 0, 'playerScore5': 0, 'playerScore6': 0, 'playerScore7': 0, 'playerScore8': 0, 'playerScore9': 0, 'perk0': 8360, 'perk0Var1': 5, 'perk0Var2': 0, 'perk0Var3': 0, 'perk1': 8313, 'perk1Var1': 0, 'perk1Var2': 0, 'perk1Var3': 0, 'perk2': 8345, 'perk2Var1': 3, 'perk2Var2': 0, 'perk2Var3': 0, 'perk3': 8410, 'perk3Var1': 48, 'perk3Var2': 0, 'perk3Var3': 0, 'perk4': 8210, 'perk4Var1': 0, 'perk4Var2': 0, 'perk4Var3': 0, 'perk5': 8226, 'perk5Var1': 250, 'perk5Var2': 15, 'perk5Var3': 0, 'perkPrimaryStyle': 8300, 'perkSubStyle': 8200, 'statPerk0': 5005, 'statPerk1': 5002, 'statPerk2': 5002}, 'timeline': {'participantId': 3, 'creepsPerMinDeltas': {'0-10': 6}, 'xpPerMinDeltas': {'0-10': 255}, 'goldPerMinDeltas': {'0-10': 235.4}, 'csDiffPerMinDeltas': {'0-10': -0.25999999999999956}, 'xpDiffPerMinDeltas': {'0-10': -72.84}, 'damageTakenPerMinDeltas': {'0-10': 533.8}, 'damageTakenDiffPerMinDeltas': {'0-10': -16.439999999999998}, 'role': 'DUO_SUPPORT', 'lane': 'NONE'}}, {'participantId': 4, 'teamId': 100, 'championId': 112, 'spell1Id': 4, 'spell2Id': 12, 'stats': {'participantId': 4, 'win': False, 'item0': 2031, 'item1': 2422, 'item2': 1056, 'item3': 1082, 'item4': 3198, 'item5': 1056, 'item6': 3340, 'kills': 1, 'deaths': 4, 'assists': 1, 'largestKillingSpree': 0, 'largestMultiKill': 1, 'killingSprees': 0, 'longestTimeSpentLiving': 241, 'doubleKills': 0, 'tripleKills': 0, 'quadraKills': 0, 'pentaKills': 0, 'unrealKills': 0, 'totalDamageDealt': 40469, 'magicDamageDealt': 31675, 'physicalDamageDealt': 8794, 'trueDamageDealt': 0, 'largestCriticalStrike': 0, 'totalDamageDealtToChampions': 5566, 'magicDamageDealtToChampions': 5144, 'physicalDamageDealtToChampions': 422, 'trueDamageDealtToChampions': 0, 'totalHeal': 0, 'totalUnitsHealed': 0, 'damageSelfMitigated': 4075, 'damageDealtToObjectives': 1902, 'damageDealtToTurrets': 287, 'visionScore': 5, 'timeCCingOthers': 7, 'totalDamageTaken': 6942, 'magicalDamageTaken': 3934, 'physicalDamageTaken': 2687, 'trueDamageTaken': 320, 'goldEarned': 4747, 'goldSpent': 4400, 'turretKills': 0, 'inhibitorKills': 0, 'totalMinionsKilled': 73, 'neutralMinionsKilled': 18, 'neutralMinionsKilledTeamJungle': 16, 'neutralMinionsKilledEnemyJungle': 0, 'totalTimeCrowdControlDealt': 151, 'champLevel': 9, 'visionWardsBoughtInGame': 0, 'sightWardsBoughtInGame': 0, 'wardsPlaced': 4, 'wardsKilled': 0, 'firstBloodKill': False, 'firstBloodAssist': False, 'firstTowerKill': False, 'firstTowerAssist': False, 'firstInhibitorKill': False, 'firstInhibitorAssist': False, 'combatPlayerScore': 0, 'objectivePlayerScore': 0, 'totalPlayerScore': 0, 'totalScoreRank': 0, 'playerScore0': 0, 'playerScore1': 0, 'playerScore2': 0, 'playerScore3': 0, 'playerScore4': 0, 'playerScore5': 0, 'playerScore6': 0, 'playerScore7': 0, 'playerScore8': 0, 'playerScore9': 0, 'perk0': 8229, 'perk0Var1': 236, 'perk0Var2': 0, 'perk0Var3': 0, 'perk1': 8226, 'perk1Var1': 250, 'perk1Var2': 313, 'perk1Var3': 0, 'perk2': 8210, 'perk2Var1': 0, 'perk2Var2': 0, 'perk2Var3': 0, 'perk3': 8237, 'perk3Var1': 235, 'perk3Var2': 0, 'perk3Var3': 0, 'perk4': 8345, 'perk4Var1': 3, 'perk4Var2': 0, 'perk4Var3': 0, 'perk5': 8304, 'perk5Var1': 10, 'perk5Var2': 3, 'perk5Var3': 0, 'perkPrimaryStyle': 8200, 'perkSubStyle': 8300, 'statPerk0': 5007, 'statPerk1': 5008, 'statPerk2': 5003}, 'timeline': {'participantId': 4, 'creepsPerMinDeltas': {'0-10': 6.9}, 'xpPerMinDeltas': {'0-10': 408.7}, 'goldPerMinDeltas': {'0-10': 270.9}, 'csDiffPerMinDeltas': {'0-10': -0.25999999999999956}, 'xpDiffPerMinDeltas': {'0-10': -72.84}, 'damageTakenPerMinDeltas': {'0-10': 350}, 'damageTakenDiffPerMinDeltas': {'0-10': -16.439999999999998}, 'role': 'DUO_SUPPORT', 'lane': 'NONE'}}, {'participantId': 5, 'teamId': 100, 'championId': 58, 'spell1Id': 12, 'spell2Id': 4, 'stats': {'participantId': 5, 'win': False, 'item0': 3077, 'item1': 2031, 'item2': 1001, 'item3': 1055, 'item4': 3071, 'item5': 1028, 'item6': 3340, 'kills': 2, 'deaths': 2, 'assists': 2, 'largestKillingSpree': 0, 'largestMultiKill': 1, 'killingSprees': 0, 'longestTimeSpentLiving': 207, 'doubleKills': 0, 'tripleKills': 0, 'quadraKills': 0, 'pentaKills': 0, 'unrealKills': 0, 'totalDamageDealt': 68093, 'magicDamageDealt': 903, 'physicalDamageDealt': 67024, 'trueDamageDealt': 165, 'largestCriticalStrike': 0, 'totalDamageDealtToChampions': 5261, 'magicDamageDealtToChampions': 143, 'physicalDamageDealtToChampions': 5008, 'trueDamageDealtToChampions': 110, 'totalHeal': 1422, 'totalUnitsHealed': 1, 'damageSelfMitigated': 3280, 'damageDealtToObjectives': 1813, 'damageDealtToTurrets': 1597, 'visionScore': 9, 'timeCCingOthers': 11, 'totalDamageTaken': 6493, 'magicalDamageTaken': 2192, 'physicalDamageTaken': 4132, 'trueDamageTaken': 167, 'goldEarned': 6083, 'goldSpent': 5825, 'turretKills': 0, 'inhibitorKills': 0, 'totalMinionsKilled': 125, 'neutralMinionsKilled': 3, 'neutralMinionsKilledTeamJungle': 1, 'neutralMinionsKilledEnemyJungle': 0, 'totalTimeCrowdControlDealt': 41, 'champLevel': 10, 'visionWardsBoughtInGame': 2, 'sightWardsBoughtInGame': 0, 'wardsPlaced': 7, 'wardsKilled': 1, 'firstBloodKill': False, 'firstBloodAssist': False, 'firstTowerKill': False, 'firstTowerAssist': False, 'firstInhibitorKill': False, 'firstInhibitorAssist': False, 'combatPlayerScore': 0, 'objectivePlayerScore': 0, 'totalPlayerScore': 0, 'totalScoreRank': 0, 'playerScore0': 0, 'playerScore1': 0, 'playerScore2': 0, 'playerScore3': 0, 'playerScore4': 0, 'playerScore5': 0, 'playerScore6': 0, 'playerScore7': 0, 'playerScore8': 0, 'playerScore9': 0, 'perk0': 8005, 'perk0Var1': 540, 'perk0Var2': 336, 'perk0Var3': 204, 'perk1': 9111, 'perk1Var1': 145, 'perk1Var2': 80, 'perk1Var3': 0, 'perk2': 9104, 'perk2Var1': 0, 'perk2Var2': 0, 'perk2Var3': 0, 'perk3': 8299, 'perk3Var1': 115, 'perk3Var2': 0, 'perk3Var3': 0, 'perk4': 8446, 'perk4Var1': 732, 'perk4Var2': 0, 'perk4Var3': 0, 'perk5': 8473, 'perk5Var1': 212, 'perk5Var2': 0, 'perk5Var3': 0, 'perkPrimaryStyle': 8000, 'perkSubStyle': 8400, 'statPerk0': 5008, 'statPerk1': 5008, 'statPerk2': 5003}, 'timeline': {'participantId': 5, 'creepsPerMinDeltas': {'0-10': 7.9}, 'xpPerMinDeltas': {'0-10': 412.20000000000005}, 'goldPerMinDeltas': {'0-10': 366.5}, 'csDiffPerMinDeltas': {'0-10': -0.25999999999999956}, 'xpDiffPerMinDeltas': {'0-10': -72.84}, 'damageTakenPerMinDeltas': {'0-10': 404.1}, 'damageTakenDiffPerMinDeltas': {'0-10': -16.439999999999998}, 'role': 'DUO_SUPPORT', 'lane': 'NONE'}}, {'participantId': 6, 'teamId': 200, 'championId': 12, 'spell1Id': 14, 'spell2Id': 4, 'stats': {'participantId': 6, 'win': True, 'item0': 3859, 'item1': 3050, 'item2': 2055, 'item3': 1028, 'item4': 3117, 'item5': 2031, 'item6': 3364, 'kills': 3, 'deaths': 0, 'assists': 9, 'largestKillingSpree': 3, 'largestMultiKill': 1, 'killingSprees': 1, 'longestTimeSpentLiving': 0, 'doubleKills': 0, 'tripleKills': 0, 'quadraKills': 0, 'pentaKills': 0, 'unrealKills': 0, 'totalDamageDealt': 15127, 'magicDamageDealt': 7750, 'physicalDamageDealt': 2146, 'trueDamageDealt': 5230, 'largestCriticalStrike': 0, 'totalDamageDealtToChampions': 3900, 'magicDamageDealtToChampions': 3072, 'physicalDamageDealtToChampions': 621, 'trueDamageDealtToChampions': 206, 'totalHeal': 3949, 'totalUnitsHealed': 4, 'damageSelfMitigated': 5959, 'damageDealtToObjectives': 140, 'damageDealtToTurrets': 140, 'visionScore': 26, 'timeCCingOthers': 26, 'totalDamageTaken': 8100, 'magicalDamageTaken': 3166, 'physicalDamageTaken': 4742, 'trueDamageTaken': 190, 'goldEarned': 5878, 'goldSpent': 4750, 'turretKills': 0, 'inhibitorKills': 0, 'totalMinionsKilled': 22, 'neutralMinionsKilled': 0, 'neutralMinionsKilledTeamJungle': 0, 'neutralMinionsKilledEnemyJungle': 0, 'totalTimeCrowdControlDealt': 69, 'champLevel': 9, 'visionWardsBoughtInGame': 6, 'sightWardsBoughtInGame': 0, 'wardsPlaced': 15, 'wardsKilled': 5, 'firstBloodKill': False, 'firstBloodAssist': False, 'firstTowerKill': False, 'firstTowerAssist': False, 'firstInhibitorKill': False, 'firstInhibitorAssist': True, 'combatPlayerScore': 0, 'objectivePlayerScore': 0, 'totalPlayerScore': 0, 'totalScoreRank': 0, 'playerScore0': 0, 'playerScore1': 0, 'playerScore2': 0, 'playerScore3': 0, 'playerScore4': 0, 'playerScore5': 0, 'playerScore6': 0, 'playerScore7': 0, 'playerScore8': 0, 'playerScore9': 0, 'perk0': 8439, 'perk0Var1': 179, 'perk0Var2': 0, 'perk0Var3': 0, 'perk1': 8463, 'perk1Var1': 606, 'perk1Var2': 0, 'perk1Var3': 0, 'perk2': 8444, 'perk2Var1': 555, 'perk2Var2': 0, 'perk2Var3': 0, 'perk3': 8451, 'perk3Var1': 104, 'perk3Var2': 0, 'perk3Var3': 0, 'perk4': 8306, 'perk4Var1': 4, 'perk4Var2': 0, 'perk4Var3': 0, 'perk5': 8316, 'perk5Var1': 335, 'perk5Var2': 0, 'perk5Var3': 0, 'perkPrimaryStyle': 8400, 'perkSubStyle': 8300, 'statPerk0': 5008, 'statPerk1': 5008, 'statPerk2': 5002}, 'timeline': {'participantId': 6, 'creepsPerMinDeltas': {'0-10': 1.5}, 'xpPerMinDeltas': {'0-10': 320.1}, 'goldPerMinDeltas': {'0-10': 282.3}, 'csDiffPerMinDeltas': {'0-10': 0.25999999999999956}, 'xpDiffPerMinDeltas': {'0-10': 72.84}, 'damageTakenPerMinDeltas': {'0-10': 425.70000000000005}, 'damageTakenDiffPerMinDeltas': {'0-10': 16.439999999999998}, 'role': 'DUO_SUPPORT', 'lane': 'NONE'}}, {'participantId': 7, 'teamId': 200, 'championId': 429, 'spell1Id': 3, 'spell2Id': 4, 'stats': {'participantId': 7, 'win': True, 'item0': 0, 'item1': 3153, 'item2': 1055, 'item3': 3085, 'item4': 1001, 'item5': 1042, 'item6': 3363, 'kills': 7, 'deaths': 1, 'assists': 1, 'largestKillingSpree': 6, 'largestMultiKill': 2, 'killingSprees': 1, 'longestTimeSpentLiving': 357, 'doubleKills': 1, 'tripleKills': 0, 'quadraKills': 0, 'pentaKills': 0, 'unrealKills': 0, 'totalDamageDealt': 77588, 'magicDamageDealt': 75, 'physicalDamageDealt': 74673, 'trueDamageDealt': 2840, 'largestCriticalStrike': 305, 'totalDamageDealtToChampions': 10524, 'magicDamageDealtToChampions': 75, 'physicalDamageDealtToChampions': 10448, 'trueDamageDealtToChampions': 0, 'totalHeal': 1140, 'totalUnitsHealed': 1, 'damageSelfMitigated': 4790, 'damageDealtToObjectives': 9884, 'damageDealtToTurrets': 8497, 'visionScore': 8, 'timeCCingOthers': 10, 'totalDamageTaken': 7196, 'magicalDamageTaken': 2309, 'physicalDamageTaken': 4870, 'trueDamageTaken': 16, 'goldEarned': 8787, 'goldSpent': 7150, 'turretKills': 3, 'inhibitorKills': 1, 'totalMinionsKilled': 137, 'neutralMinionsKilled': 0, 'neutralMinionsKilledTeamJungle': 0, 'neutralMinionsKilledEnemyJungle': 0, 'totalTimeCrowdControlDealt': 172, 'champLevel': 10, 'visionWardsBoughtInGame': 2, 'sightWardsBoughtInGame': 0, 'wardsPlaced': 4, 'wardsKilled': 0, 'firstBloodKill': False, 'firstBloodAssist': False, 'firstTowerKill': False, 'firstTowerAssist': True, 'firstInhibitorKill': True, 'firstInhibitorAssist': False, 'combatPlayerScore': 0, 'objectivePlayerScore': 0, 'totalPlayerScore': 0, 'totalScoreRank': 0, 'playerScore0': 0, 'playerScore1': 0, 'playerScore2': 0, 'playerScore3': 0, 'playerScore4': 0, 'playerScore5': 0, 'playerScore6': 0, 'playerScore7': 0, 'playerScore8': 0, 'playerScore9': 0, 'perk0': 9923, 'perk0Var1': 55, 'perk0Var2': 96, 'perk0Var3': 0, 'perk1': 8139, 'perk1Var1': 394, 'perk1Var2': 0, 'perk1Var3': 0, 'perk2': 8138, 'perk2Var1': 9, 'perk2Var2': 0, 'perk2Var3': 0, 'perk3': 8135, 'perk3Var1': 682, 'perk3Var2': 4, 'perk3Var3': 0, 'perk4': 9101, 'perk4Var1': 1403, 'perk4Var2': 1637, 'perk4Var3': 0, 'perk5': 9104, 'perk5Var1': 12, 'perk5Var2': 0, 'perk5Var3': 0, 'perkPrimaryStyle': 8100, 'perkSubStyle': 8000, 'statPerk0': 5005, 'statPerk1': 5008, 'statPerk2': 5002}, 'timeline': {'participantId': 7, 'creepsPerMinDeltas': {'0-10': 7}, 'xpPerMinDeltas': {'0-10': 352.3}, 'goldPerMinDeltas': {'0-10': 392.20000000000005}, 'csDiffPerMinDeltas': {'0-10': 0.25999999999999956}, 'xpDiffPerMinDeltas': {'0-10': 72.84}, 'damageTakenPerMinDeltas': {'0-10': 378.20000000000005}, 'damageTakenDiffPerMinDeltas': {'0-10': 16.439999999999998}, 'role': 'DUO_SUPPORT', 'lane': 'NONE'}}, {'participantId': 8, 'teamId': 200, 'championId': 7, 'spell1Id': 14, 'spell2Id': 4, 'stats': {'participantId': 8, 'win': True, 'item0': 2033, 'item1': 3285, 'item2': 3020, 'item3': 3916, 'item4': 0, 'item5': 0, 'item6': 3340, 'kills': 5, 'deaths': 1, 'assists': 3, 'largestKillingSpree': 3, 'largestMultiKill': 1, 'killingSprees': 2, 'longestTimeSpentLiving': 253, 'doubleKills': 0, 'tripleKills': 0, 'quadraKills': 0, 'pentaKills': 0, 'unrealKills': 0, 'totalDamageDealt': 58161, 'magicDamageDealt': 46628, 'physicalDamageDealt': 8208, 'trueDamageDealt': 3324, 'largestCriticalStrike': 0, 'totalDamageDealtToChampions': 8250, 'magicDamageDealtToChampions': 6451, 'physicalDamageDealtToChampions': 1250, 'trueDamageDealtToChampions': 548, 'totalHeal': 2598, 'totalUnitsHealed': 1, 'damageSelfMitigated': 3130, 'damageDealtToObjectives': 3335, 'damageDealtToTurrets': 3335, 'visionScore': 12, 'timeCCingOthers': 18, 'totalDamageTaken': 7866, 'magicalDamageTaken': 3587, 'physicalDamageTaken': 4279, 'trueDamageTaken': 0, 'goldEarned': 7651, 'goldSpent': 6580, 'turretKills': 1, 'inhibitorKills': 0, 'totalMinionsKilled': 103, 'neutralMinionsKilled': 4, 'neutralMinionsKilledTeamJungle': 0, 'neutralMinionsKilledEnemyJungle': 4, 'totalTimeCrowdControlDealt': 44, 'champLevel': 11, 'visionWardsBoughtInGame': 2, 'sightWardsBoughtInGame': 0, 'wardsPlaced': 6, 'wardsKilled': 0, 'firstBloodKill': True, 'firstBloodAssist': False, 'firstTowerKill': False, 'firstTowerAssist': False, 'firstInhibitorKill': False, 'firstInhibitorAssist': True, 'combatPlayerScore': 0, 'objectivePlayerScore': 0, 'totalPlayerScore': 0, 'totalScoreRank': 0, 'playerScore0': 0, 'playerScore1': 0, 'playerScore2': 0, 'playerScore3': 0, 'playerScore4': 0, 'playerScore5': 0, 'playerScore6': 0, 'playerScore7': 0, 'playerScore8': 0, 'playerScore9': 0, 'perk0': 8112, 'perk0Var1': 596, 'perk0Var2': 0, 'perk0Var3': 0, 'perk1': 8139, 'perk1Var1': 432, 'perk1Var2': 0, 'perk1Var3': 0, 'perk2': 8138, 'perk2Var1': 16, 'perk2Var2': 0, 'perk2Var3': 0, 'perk3': 8135, 'perk3Var1': 1371, 'perk3Var2': 4, 'perk3Var3': 0, 'perk4': 8345, 'perk4Var1': 3, 'perk4Var2': 0, 'perk4Var3': 0, 'perk5': 8352, 'perk5Var1': 184, 'perk5Var2': 932, 'perk5Var3': 675, 'perkPrimaryStyle': 8100, 'perkSubStyle': 8300, 'statPerk0': 5008, 'statPerk1': 5008, 'statPerk2': 5003}, 'timeline': {'participantId': 8, 'creepsPerMinDeltas': {'0-10': 6.699999999999999}, 'xpPerMinDeltas': {'0-10': 518.1}, 'goldPerMinDeltas': {'0-10': 366.4}, 'csDiffPerMinDeltas': {'0-10': 0.25999999999999956}, 'xpDiffPerMinDeltas': {'0-10': 72.84}, 'damageTakenPerMinDeltas': {'0-10': 417.9}, 'damageTakenDiffPerMinDeltas': {'0-10': 16.439999999999998}, 'role': 'DUO_SUPPORT', 'lane': 'NONE'}}, {'participantId': 9, 'teamId': 200, 'championId': 64, 'spell1Id': 11, 'spell2Id': 4, 'stats': {'participantId': 9, 'win': True, 'item0': 3044, 'item1': 2055, 'item2': 0, 'item3': 3067, 'item4': 3111, 'item5': 1400, 'item6': 3340, 'kills': 4, 'deaths': 2, 'assists': 4, 'largestKillingSpree': 4, 'largestMultiKill': 1, 'killingSprees': 1, 'longestTimeSpentLiving': 468, 'doubleKills': 0, 'tripleKills': 0, 'quadraKills': 0, 'pentaKills': 0, 'unrealKills': 0, 'totalDamageDealt': 80403, 'magicDamageDealt': 10378, 'physicalDamageDealt': 56326, 'trueDamageDealt': 13698, 'largestCriticalStrike': 0, 'totalDamageDealtToChampions': 4649, 'magicDamageDealtToChampions': 525, 'physicalDamageDealtToChampions': 3715, 'trueDamageDealtToChampions': 407, 'totalHeal': 3214, 'totalUnitsHealed': 1, 'damageSelfMitigated': 8469, 'damageDealtToObjectives': 28277, 'damageDealtToTurrets': 1611, 'visionScore': 16, 'timeCCingOthers': 10, 'totalDamageTaken': 10533, 'magicalDamageTaken': 2434, 'physicalDamageTaken': 7882, 'trueDamageTaken': 216, 'goldEarned': 6771, 'goldSpent': 6075, 'turretKills': 1, 'inhibitorKills': 0, 'totalMinionsKilled': 9, 'neutralMinionsKilled': 80, 'neutralMinionsKilledTeamJungle': 40, 'neutralMinionsKilledEnemyJungle': 16, 'totalTimeCrowdControlDealt': 279, 'champLevel': 9, 'visionWardsBoughtInGame': 6, 'sightWardsBoughtInGame': 0, 'wardsPlaced': 9, 'wardsKilled': 3, 'firstBloodKill': False, 'firstBloodAssist': False, 'firstTowerKill': True, 'firstTowerAssist': False, 'firstInhibitorKill': False, 'firstInhibitorAssist': False, 'combatPlayerScore': 0, 'objectivePlayerScore': 0, 'totalPlayerScore': 0, 'totalScoreRank': 0, 'playerScore0': 0, 'playerScore1': 0, 'playerScore2': 0, 'playerScore3': 0, 'playerScore4': 0, 'playerScore5': 0, 'playerScore6': 0, 'playerScore7': 0, 'playerScore8': 0, 'playerScore9': 0, 'perk0': 8010, 'perk0Var1': 173, 'perk0Var2': 0, 'perk0Var3': 0, 'perk1': 9111, 'perk1Var1': 167, 'perk1Var2': 160, 'perk1Var3': 0, 'perk2': 9105, 'perk2Var1': 8, 'perk2Var2': 40, 'perk2Var3': 0, 'perk3': 8299, 'perk3Var1': 56, 'perk3Var2': 0, 'perk3Var3': 0, 'perk4': 8304, 'perk4Var1': 7, 'perk4Var2': 3, 'perk4Var3': 0, 'perk5': 8347, 'perk5Var1': 0, 'perk5Var2': 0, 'perk5Var3': 0, 'perkPrimaryStyle': 8000, 'perkSubStyle': 8300, 'statPerk0': 5005, 'statPerk1': 5008, 'statPerk2': 5002}, 'timeline': {'participantId': 9, 'creepsPerMinDeltas': {'0-10': 0.7}, 'xpPerMinDeltas': {'0-10': 314.29999999999995}, 'goldPerMinDeltas': {'0-10': 405.20000000000005}, 'csDiffPerMinDeltas': {'0-10': 0.25999999999999956}, 'xpDiffPerMinDeltas': {'0-10': 72.84}, 'damageTakenPerMinDeltas': {'0-10': 615.5}, 'damageTakenDiffPerMinDeltas': {'0-10': 16.439999999999998}, 'role': 'DUO_SUPPORT', 'lane': 'NONE'}}, {'participantId': 10, 'teamId': 200, 'championId': 82, 'spell1Id': 4, 'spell2Id': 12, 'stats': {'participantId': 10, 'win': True, 'item0': 3152, 'item1': 1054, 'item2': 3111, 'item3': 2055, 'item4': 3076, 'item5': 3108, 'item6': 3340, 'kills': 1, 'deaths': 1, 'assists': 3, 'largestKillingSpree': 0, 'largestMultiKill': 1, 'killingSprees': 0, 'longestTimeSpentLiving': 635, 'doubleKills': 0, 'tripleKills': 0, 'quadraKills': 0, 'pentaKills': 0, 'unrealKills': 0, 'totalDamageDealt': 67175, 'magicDamageDealt': 55458, 'physicalDamageDealt': 11348, 'trueDamageDealt': 368, 'largestCriticalStrike': 0, 'totalDamageDealtToChampions': 3474, 'magicDamageDealtToChampions': 2604, 'physicalDamageDealtToChampions': 810, 'trueDamageDealtToChampions': 60, 'totalHeal': 1688, 'totalUnitsHealed': 1, 'damageSelfMitigated': 5707, 'damageDealtToObjectives': 3565, 'damageDealtToTurrets': 1086, 'visionScore': 12, 'timeCCingOthers': 3, 'totalDamageTaken': 6721, 'magicalDamageTaken': 1226, 'physicalDamageTaken': 5278, 'trueDamageTaken': 216, 'goldEarned': 6277, 'goldSpent': 6200, 'turretKills': 0, 'inhibitorKills': 0, 'totalMinionsKilled': 129, 'neutralMinionsKilled': 5, 'neutralMinionsKilledTeamJungle': 3, 'neutralMinionsKilledEnemyJungle': 1, 'totalTimeCrowdControlDealt': 54, 'champLevel': 11, 'visionWardsBoughtInGame': 2, 'sightWardsBoughtInGame': 0, 'wardsPlaced': 6, 'wardsKilled': 1, 'firstBloodKill': False, 'firstBloodAssist': False, 'firstTowerKill': False, 'firstTowerAssist': False, 'firstInhibitorKill': False, 'firstInhibitorAssist': True, 'combatPlayerScore': 0, 'objectivePlayerScore': 0, 'totalPlayerScore': 0, 'totalScoreRank': 0, 'playerScore0': 0, 'playerScore1': 0, 'playerScore2': 0, 'playerScore3': 0, 'playerScore4': 0, 'playerScore5': 0, 'playerScore6': 0, 'playerScore7': 0, 'playerScore8': 0, 'playerScore9': 0, 'perk0': 8010, 'perk0Var1': 180, 'perk0Var2': 0, 'perk0Var3': 0, 'perk1': 9111, 'perk1Var1': 205, 'perk1Var2': 80, 'perk1Var3': 0, 'perk2': 9105, 'perk2Var1': 13, 'perk2Var2': 40, 'perk2Var3': 0, 'perk3': 8299, 'perk3Var1': 166, 'perk3Var2': 0, 'perk3Var3': 0, 'perk4': 8210, 'perk4Var1': 0, 'perk4Var2': 0, 'perk4Var3': 0, 'perk5': 8224, 'perk5Var1': 129, 'perk5Var2': 0, 'perk5Var3': 0, 'perkPrimaryStyle': 8000, 'perkSubStyle': 8200, 'statPerk0': 5005, 'statPerk1': 5008, 'statPerk2': 5002}, 'timeline': {'participantId': 10, 'creepsPerMinDeltas': {'0-10': 7.7}, 'xpPerMinDeltas': {'0-10': 477.20000000000005}, 'goldPerMinDeltas': {'0-10': 344.8}, 'csDiffPerMinDeltas': {'0-10': 0.25999999999999956}, 'xpDiffPerMinDeltas': {'0-10': 72.84}, 'damageTakenPerMinDeltas': {'0-10': 344.29999999999995}, 'damageTakenDiffPerMinDeltas': {'0-10': 16.439999999999998}, 'role': 'DUO_SUPPORT', 'lane': 'NONE'}}]",KR,420.0,13.0,,
3,1584977993720.0,2098.0,4241678498.0,CLASSIC,MATCHED_GAME,10.6.313.8894,11.0,"[{'participantId': 1, 'player': {'platformId': 'KR', 'accountId': 'W5QWj6ej2VQgu1UunwFuGcNgBBz_io7T01Gg-ClYiVLS', 'summonerName': '213321123', 'summonerId': 'umFfeIr7pGqTVyD_z14fjaSIsw_7Y1VUm9NypE3ePUUkm5E', 'currentPlatformId': 'KR', 'currentAccountId': 'W5QWj6ej2VQgu1UunwFuGcNgBBz_io7T01Gg-ClYiVLS', 'matchHistoryUri': '/v1/stats/player_history/KR/7820965', 'profileIcon': 4492}}, {'participantId': 2, 'player': {'platformId': 'KR', 'accountId': 'dZkY4prwLnjBI7cYzGoK1DSZyR65kL3sPCX24bBXxWvz4mFutum3vq8G', 'summonerName': 'ggggff', 'summonerId': 'HX7TUxhCNoKcI_IqFW0fG1n8Hlm_6jKFpfwleaAl7RHnZPE', 'currentPlatformId': 'KR', 'currentAccountId': 'dZkY4prwLnjBI7cYzGoK1DSZyR65kL3sPCX24bBXxWvz4mFutum3vq8G', 'matchHistoryUri': '/v1/stats/player_history/KR/2372720950062176', 'profileIcon': 29}}, {'participantId': 3, 'player': {'platformId': 'KR', 'accountId': 'qX2CZIJfkBKEZuZe_S5b8NNWSrNn5eOSBLudrUTswnY_NTmoItePtnVX', 'summonerName': 'LNCL', 'summonerId': '6XPFUEGxr6M02CFnPKaUIyTSgYBDaWBc3ZBp315pRv6F3pQ', 'currentPlatformId': 'KR', 'currentAccountId': 'qX2CZIJfkBKEZuZe_S5b8NNWSrNn5eOSBLudrUTswnY_NTmoItePtnVX', 'matchHistoryUri': '/v1/stats/player_history/KR/2035207977717408', 'profileIcon': 1455}}, {'participantId': 4, 'player': {'platformId': 'KR', 'accountId': 'xLbdppsnJ29E11uFCEb_VdmrZMHSK42HX6pfInvNW_3tSiqHdlmpymZk', 'summonerName': 'Maple fans', 'summonerId': 'V2G99TwVlcStMMiLUgsNyH54IZaOjMCpzBX5FFKgBJHDvRg', 'currentPlatformId': 'KR', 'currentAccountId': 'xLbdppsnJ29E11uFCEb_VdmrZMHSK42HX6pfInvNW_3tSiqHdlmpymZk', 'matchHistoryUri': '/v1/stats/player_history/KR/2372727971630560', 'profileIcon': 3353}}, {'participantId': 5, 'player': {'platformId': 'KR', 'accountId': 'OBzE7jo2WVNK_tuWqrLXvFDOTjMgQENrwEecNsnmuwg3DM4', 'summonerName': '돌아온마비', 'summonerId': '7x-b6Z0Kp0sLlvyqvzHhCytX_rX127T32YMxjgafkeqHEHo', 'currentPlatformId': 'KR', 'currentAccountId': 'OBzE7jo2WVNK_tuWqrLXvFDOTjMgQENrwEecNsnmuwg3DM4', 'matchHistoryUri': '/v1/stats/player_history/KR/208189482', 'profileIcon': 1596}}, {'participantId': 6, 'player': {'platformId': 'KR', 'accountId': '7JKrpNmHAW6w9y28naNUOR9RSFo08TOR0g7BkjGY945jvao', 'summonerName': '곽김보태성민광희', 'summonerId': 'AmzUl0S9tzG8zmeDS3yftE7Ex_2tFG09g3Vj7bPAEDCDMAM', 'currentPlatformId': 'KR', 'currentAccountId': '7JKrpNmHAW6w9y28naNUOR9RSFo08TOR0g7BkjGY945jvao', 'matchHistoryUri': '/v1/stats/player_history/KR/207884486', 'profileIcon': 4227}}, {'participantId': 7, 'player': {'platformId': 'KR', 'accountId': 'IIWG7FRiqE8CuZaCslKkNxkglwpgnePPxDslb2tv66FKrgo', 'summonerName': 'Youtube Thal', 'summonerId': '8Cx100isJ6RMMeOmUX_-Wg0CESabVTYk-e8P8Ijj3zuIiB4', 'currentPlatformId': 'KR', 'currentAccountId': 'IIWG7FRiqE8CuZaCslKkNxkglwpgnePPxDslb2tv66FKrgo', 'matchHistoryUri': '/v1/stats/player_history/KR/201236882', 'profileIcon': 4090}}, {'participantId': 8, 'player': {'platformId': 'KR', 'accountId': 'rS-uU61xxlQYjEBzK99aUFemiFZrk3bAW-mk67P_TRnaKvE', 'summonerName': '엘리멘트 미스틱', 'summonerId': 'mPBYM4SmkmwBQLFP5bMbB647LGx5zAbNOqQsgCL0v0_6O4s', 'currentPlatformId': 'KR', 'currentAccountId': 'rS-uU61xxlQYjEBzK99aUFemiFZrk3bAW-mk67P_TRnaKvE', 'matchHistoryUri': '/v1/stats/player_history/KR/210078337', 'profileIcon': 4248}}, {'participantId': 9, 'player': {'platformId': 'KR', 'accountId': '9uH21NbGJXy4AK2Pu0FYSmueKp74rEOMyiuuGu1opNBKgqYVI9taHv9n', 'summonerName': '별수호자 려창동', 'summonerId': 'zQgTFvwAdOkg_4wvev1u9kz3T2jdQZZU2eBzBkaEmoajz0w', 'currentPlatformId': 'KR', 'currentAccountId': '9uH21NbGJXy4AK2Pu0FYSmueKp74rEOMyiuuGu1opNBKgqYVI9taHv9n', 'matchHistoryUri': '/v1/stats/player_history/KR/2383282656513536', 'profileIcon': 29}}, {'participantId': 10, 'player': {'platformId': 'KR', 'accountId': '9qklf6kZHwpKDLTeczT1WGNXOKoAJ2Gu8cneYtY3hSpyLvbezpZrm7NC', 'summonerName': '수영장파티려창동', 'summonerId': '6sk6yxOu4088B7m2u2Pnoe7OdglVNAsjj99kKwN1v6gKk2M', 'currentPlatformId': 'KR', 'currentAccountId': '9qklf6kZHwpKDLTeczT1WGNXOKoAJ2Gu8cneYtY3hSpyLvbezpZrm7NC', 'matchHistoryUri': '/v1/stats/player_history/KR/2383282752261696', 'profileIcon': 29}}]","[{'participantId': 1, 'teamId': 100, 'championId': 111, 'spell1Id': 4, 'spell2Id': 14, 'stats': {'participantId': 1, 'win': False, 'item0': 3860, 'item1': 3050, 'item2': 3193, 'item3': 0, 'item4': 3109, 'item5': 3047, 'item6': 3364, 'kills': 4, 'deaths': 9, 'assists': 11, 'largestKillingSpree': 2, 'largestMultiKill': 1, 'killingSprees': 1, 'longestTimeSpentLiving': 457, 'doubleKills': 0, 'tripleKills': 0, 'quadraKills': 0, 'pentaKills': 0, 'unrealKills': 0, 'totalDamageDealt': 35821, 'magicDamageDealt': 16894, 'physicalDamageDealt': 11345, 'trueDamageDealt': 7581, 'largestCriticalStrike': 0, 'totalDamageDealtToChampions': 10158, 'magicDamageDealtToChampions': 6337, 'physicalDamageDealtToChampions': 2176, 'trueDamageDealtToChampions': 1644, 'totalHeal': 2673, 'totalUnitsHealed': 1, 'damageSelfMitigated': 61798, 'damageDealtToObjectives': 1021, 'damageDealtToTurrets': 68, 'visionScore': 84, 'timeCCingOthers': 74, 'totalDamageTaken': 27058, 'magicalDamageTaken': 4996, 'physicalDamageTaken': 17835, 'trueDamageTaken': 4226, 'goldEarned': 9592, 'goldSpent': 9475, 'turretKills': 0, 'inhibitorKills': 0, 'totalMinionsKilled': 52, 'neutralMinionsKilled': 0, 'neutralMinionsKilledTeamJungle': 0, 'neutralMinionsKilledEnemyJungle': 0, 'totalTimeCrowdControlDealt': 377, 'champLevel': 14, 'visionWardsBoughtInGame': 11, 'sightWardsBoughtInGame': 0, 'wardsPlaced': 58, 'wardsKilled': 9, 'firstBloodKill': False, 'firstBloodAssist': False, 'firstTowerKill': False, 'firstTowerAssist': False, 'combatPlayerScore': 0, 'objectivePlayerScore': 0, 'totalPlayerScore': 0, 'totalScoreRank': 0, 'playerScore0': 0, 'playerScore1': 0, 'playerScore2': 0, 'playerScore3': 0, 'playerScore4': 0, 'playerScore5': 0, 'playerScore6': 0, 'playerScore7': 0, 'playerScore8': 0, 'playerScore9': 0, 'perk0': 8439, 'perk0Var1': 930, 'perk0Var2': 0, 'perk0Var3': 0, 'perk1': 8401, 'perk1Var1': 514, 'perk1Var2': 0, 'perk1Var3': 0, 'perk2': 8473, 'perk2Var1': 869, 'perk2Var2': 0, 'perk2Var3': 0, 'perk3': 8451, 'perk3Var1': 187, 'perk3Var2': 0, 'perk3Var3': 0, 'perk4': 8313, 'perk4Var1': 0, 'perk4Var2': 0, 'perk4Var3': 0, 'perk5': 8316, 'perk5Var1': 576, 'perk5Var2': 0, 'perk5Var3': 0, 'perkPrimaryStyle': 8400, 'perkSubStyle': 8300, 'statPerk0': 5005, 'statPerk1': 5002, 'statPerk2': 5002}, 'timeline': {'participantId': 1, 'creepsPerMinDeltas': {'10-20': 2.4000000000000004, '0-10': 1.5, '20-30': 0.5}, 'xpPerMinDeltas': {'10-20': 407.8, '0-10': 230.2, '20-30': 460}, 'goldPerMinDeltas': {'10-20': 368.2, '0-10': 183.89999999999998, '20-30': 239.2}, 'csDiffPerMinDeltas': {'10-20': -0.30000000000000027, '0-10': -0.10000000000000031, '20-30': 0.6999999999999996}, 'xpDiffPerMinDeltas': {'10-20': -72.1, '0-10': -13.800000000000011, '20-30': 164.14999999999998}, 'damageTakenPerMinDeltas': {'10-20': 678.2, '0-10': 311.1, '20-30': 1196.1}, 'damageTakenDiffPerMinDeltas': {'10-20': -64.85000000000002, '0-10': -9.65000000000002, '20-30': 128.39999999999986}, 'role': 'DUO_SUPPORT', 'lane': 'BOTTOM'}}, {'participantId': 2, 'teamId': 100, 'championId': 142, 'spell1Id': 4, 'spell2Id': 7, 'stats': {'participantId': 2, 'win': False, 'item0': 3089, 'item1': 3285, 'item2': 3152, 'item3': 2421, 'item4': 3165, 'item5': 3020, 'item6': 3363, 'kills': 11, 'deaths': 6, 'assists': 6, 'largestKillingSpree': 10, 'largestMultiKill': 2, 'killingSprees': 1, 'longestTimeSpentLiving': 619, 'doubleKills': 4, 'tripleKills': 0, 'quadraKills': 0, 'pentaKills': 0, 'unrealKills': 0, 'totalDamageDealt': 187181, 'magicDamageDealt': 158999, 'physicalDamageDealt': 18429, 'trueDamageDealt': 9752, 'largestCriticalStrike': 0, 'totalDamageDealtToChampions': 34597, 'magicDamageDealtToChampions': 29358, 'physicalDamageDealtToChampions': 2583, 'trueDamageDealtToChampions': 2655, 'totalHeal': 7002, 'totalUnitsHealed': 4, 'damageSelfMitigated': 11420, 'damageDealtToObjectives': 9284, 'damageDealtToTurrets': 2897, 'visionScore': 38, 'timeCCingOthers': 45, 'totalDamageTaken': 23937, 'magicalDamageTaken': 6339, 'physicalDamageTaken': 16224, 'trueDamageTaken': 1373, 'goldEarned': 15461, 'goldSpent': 15000, 'turretKills': 1, 'inhibitorKills': 0, 'totalMinionsKilled': 225, 'neutralMinionsKilled': 22, 'neutralMinionsKilledTeamJungle': 18, 'neutralMinionsKilledEnemyJungle': 0, 'totalTimeCrowdControlDealt': 199, 'champLevel': 17, 'visionWardsBoughtInGame': 6, 'sightWardsBoughtInGame': 0, 'wardsPlaced': 18, 'wardsKilled': 4, 'firstBloodKill': False, 'firstBloodAssist': False, 'firstTowerKill': False, 'firstTowerAssist': False, 'combatPlayerScore': 0, 'objectivePlayerScore': 0, 'totalPlayerScore': 0, 'totalScoreRank': 0, 'playerScore0': 0, 'playerScore1': 0, 'playerScore2': 0, 'playerScore3': 0, 'playerScore4': 0, 'playerScore5': 0, 'playerScore6': 0, 'playerScore7': 0, 'playerScore8': 0, 'playerScore9': 0, 'perk0': 8214, 'perk0Var1': 2703, 'perk0Var2': 181, 'perk0Var3': 0, 'perk1': 8275, 'perk1Var1': 25, 'perk1Var2': 0, 'perk1Var3': 0, 'perk2': 8210, 'perk2Var1': 0, 'perk2Var2': 0, 'perk2Var3': 0, 'perk3': 8237, 'perk3Var1': 789, 'perk3Var2': 0, 'perk3Var3': 0, 'perk4': 8352, 'perk4Var1': 309, 'perk4Var2': 1629, 'perk4Var3': 1151, 'perk5': 8345, 'perk5Var1': 3, 'perk5Var2': 0, 'perk5Var3': 0, 'perkPrimaryStyle': 8200, 'perkSubStyle': 8300, 'statPerk0': 5008, 'statPerk1': 5008, 'statPerk2': 5002}, 'timeline': {'participantId': 2, 'creepsPerMinDeltas': {'10-20': 7.1, '0-10': 9.1, '20-30': 4.199999999999999}, 'xpPerMinDeltas': {'10-20': 494.5, '0-10': 495.8, '20-30': 536.1}, 'goldPerMinDeltas': {'10-20': 351.4, '0-10': 313, '20-30': 702.5}, 'csDiffPerMinDeltas': {'10-20': -0.10000000000000009, '0-10': 1.7000000000000002, '20-30': -0.30000000000000027}, 'xpDiffPerMinDeltas': {'10-20': -79.00000000000003, '0-10': 39.10000000000002, '20-30': 188.4}, 'damageTakenPerMinDeltas': {'10-20': 755.3, '0-10': 199.6, '20-30': 894.6}, 'damageTakenDiffPerMinDeltas': {'10-20': -67, '0-10': -178.3, '20-30': 31.19999999999999}, 'role': 'SOLO', 'lane': 'MIDDLE'}}, {'participantId': 3, 'teamId': 100, 'championId': 236, 'spell1Id': 4, 'spell2Id': 7, 'stats': {'participantId': 3, 'win': False, 'item0': 3153, 'item1': 3046, 'item2': 3006, 'item3': 3031, 'item4': 3508, 'item5': 1055, 'item6': 3363, 'kills': 5, 'deaths': 7, 'assists': 8, 'largestKillingSpree': 2, 'largestMultiKill': 2, 'killingSprees': 1, 'longestTimeSpentLiving': 552, 'doubleKills': 1, 'tripleKills': 0, 'quadraKills': 0, 'pentaKills': 0, 'unrealKills': 0, 'totalDamageDealt': 249480, 'magicDamageDealt': 9259, 'physicalDamageDealt': 234877, 'trueDamageDealt': 5343, 'largestCriticalStrike': 860, 'totalDamageDealtToChampions': 27368, 'magicDamageDealtToChampions': 2219, 'physicalDamageDealtToChampions': 23098, 'trueDamageDealtToChampions': 2051, 'totalHeal': 4953, 'totalUnitsHealed': 4, 'damageSelfMitigated': 14321, 'damageDealtToObjectives': 12587, 'damageDealtToTurrets': 278, 'visionScore': 34, 'timeCCingOthers': 5, 'totalDamageTaken': 28450, 'magicalDamageTaken': 6522, 'physicalDamageTaken': 20127, 'trueDamageTaken': 1800, 'goldEarned': 15235, 'goldSpent': 14650, 'turretKills': 0, 'inhibitorKills': 0, 'totalMinionsKilled': 263, 'neutralMinionsKilled': 49, 'neutralMinionsKilledTeamJungle': 42, 'neutralMinionsKilledEnemyJungle': 0, 'totalTimeCrowdControlDealt': 86, 'champLevel': 17, 'visionWardsBoughtInGame': 2, 'sightWardsBoughtInGame': 0, 'wardsPlaced': 12, 'wardsKilled': 8, 'firstBloodKill': False, 'firstBloodAssist': False, 'firstTowerKill': False, 'firstTowerAssist': False, 'combatPlayerScore': 0, 'objectivePlayerScore': 0, 'totalPlayerScore': 0, 'totalScoreRank': 0, 'playerScore0': 0, 'playerScore1': 0, 'playerScore2': 0, 'playerScore3': 0, 'playerScore4': 0, 'playerScore5': 0, 'playerScore6': 0, 'playerScore7': 0, 'playerScore8': 0, 'playerScore9': 0, 'perk0': 8005, 'perk0Var1': 1543, 'perk0Var2': 833, 'perk0Var3': 709, 'perk1': 9111, 'perk1Var1': 660, 'perk1Var2': 260, 'perk1Var3': 0, 'perk2': 9104, 'perk2Var1': 17, 'perk2Var2': 30, 'perk2Var3': 0, 'perk3': 8014, 'perk3Var1': 633, 'perk3Var2': 0, 'perk3Var3': 0, 'perk4': 8304, 'perk4Var1': 10, 'perk4Var2': 3, 'perk4Var3': 0, 'perk5': 8345, 'perk5Var1': 3, 'perk5Var2': 0, 'perk5Var3': 0, 'perkPrimaryStyle': 8000, 'perkSubStyle': 8300, 'statPerk0': 5005, 'statPerk1': 5008, 'statPerk2': 5002}, 'timeline': {'participantId': 3, 'creepsPerMinDeltas': {'10-20': 8.2, '0-10': 6.8999999999999995, '20-30': 7.1}, 'xpPerMinDeltas': {'10-20': 475.29999999999995, '0-10': 324.9, '20-30': 732.5999999999999}, 'goldPerMinDeltas': {'10-20': 447.9, '0-10': 266.3, '20-30': 492.5}, 'csDiffPerMinDeltas': {'10-20': -0.30000000000000027, '0-10': -0.10000000000000031, '20-30': 0.6999999999999996}, 'xpDiffPerMinDeltas': {'10-20': -72.1, '0-10': -13.800000000000011, '20-30': 164.14999999999998}, 'damageTakenPerMinDeltas': {'10-20': 921.6, '0-10': 384.9, '20-30': 1021.8}, 'damageTakenDiffPerMinDeltas': {'10-20': -64.85000000000002, '0-10': -9.65000000000002, '20-30': 128.39999999999986}, 'role': 'DUO_CARRY', 'lane': 'BOTTOM'}}, {'participantId': 4, 'teamId': 100, 'championId': 78, 'spell1Id': 4, 'spell2Id': 11, 'stats': {'participantId': 4, 'win': False, 'item0': 3143, 'item1': 3076, 'item2': 2055, 'item3': 1401, 'item4': 3742, 'item5': 3047, 'item6': 3364, 'kills': 3, 'deaths': 6, 'assists': 11, 'largestKillingSpree': 0, 'largestMultiKill': 1, 'killingSprees': 0, 'longestTimeSpentLiving': 739, 'doubleKills': 0, 'tripleKills': 0, 'quadraKills': 0, 'pentaKills': 0, 'unrealKills': 0, 'totalDamageDealt': 180074, 'magicDamageDealt': 64635, 'physicalDamageDealt': 108417, 'trueDamageDealt': 7021, 'largestCriticalStrike': 16, 'totalDamageDealtToChampions': 16389, 'magicDamageDealtToChampions': 3565, 'physicalDamageDealtToChampions': 9678, 'trueDamageDealtToChampions': 3145, 'totalHeal': 6573, 'totalUnitsHealed': 1, 'damageSelfMitigated': 45214, 'damageDealtToObjectives': 5917, 'damageDealtToTurrets': 302, 'visionScore': 61, 'timeCCingOthers': 38, 'totalDamageTaken': 33393, 'magicalDamageTaken': 8030, 'physicalDamageTaken': 22845, 'trueDamageTaken': 2517, 'goldEarned': 12162, 'goldSpent': 11800, 'turretKills': 0, 'inhibitorKills': 0, 'totalMinionsKilled': 65, 'neutralMinionsKilled': 143, 'neutralMinionsKilledTeamJungle': 100, 'neutralMinionsKilledEnemyJungle': 10, 'totalTimeCrowdControlDealt': 1026, 'champLevel': 16, 'visionWardsBoughtInGame': 10, 'sightWardsBoughtInGame': 0, 'wardsPlaced': 26, 'wardsKilled': 14, 'firstBloodKill': False, 'firstBloodAssist': False, 'firstTowerKill': False, 'firstTowerAssist': False, 'combatPlayerScore': 0, 'objectivePlayerScore': 0, 'totalPlayerScore': 0, 'totalScoreRank': 0, 'playerScore0': 0, 'playerScore1': 0, 'playerScore2': 0, 'playerScore3': 0, 'playerScore4': 0, 'playerScore5': 0, 'playerScore6': 0, 'playerScore7': 0, 'playerScore8': 0, 'playerScore9': 0, 'perk0': 9923, 'perk0Var1': 34, 'perk0Var2': 62, 'perk0Var3': 0, 'perk1': 8126, 'perk1Var1': 883, 'perk1Var2': 0, 'perk1Var3': 0, 'perk2': 8136, 'perk2Var1': 17, 'perk2Var2': 30, 'perk2Var3': 0, 'perk3': 8105, 'perk3Var1': 15, 'perk3Var2': 5, 'perk3Var3': 0, 'perk4': 8232, 'perk4Var1': 7, 'perk4Var2': 0, 'perk4Var3': 0, 'perk5': 8275, 'perk5Var1': 23, 'perk5Var2': 0, 'perk5Var3': 0, 'perkPrimaryStyle': 8100, 'perkSubStyle': 8200, 'statPerk0': 5005, 'statPerk1': 5008, 'statPerk2': 5002}, 'timeline': {'participantId': 4, 'creepsPerMinDeltas': {'10-20': 3, '0-10': 1.1, '20-30': 2.0999999999999996}, 'xpPerMinDeltas': {'10-20': 592.2, '0-10': 395.9, '20-30': 420.8}, 'goldPerMinDeltas': {'10-20': 448.3, '0-10': 296.1, '20-30': 305.4}, 'csDiffPerMinDeltas': {'10-20': 1.3, '0-10': -0.3000000000000001, '20-30': 0.1999999999999998}, 'xpDiffPerMinDeltas': {'10-20': 53.89999999999998, '0-10': 53.19999999999999, '20-30': -66.99999999999997}, 'damageTakenPerMinDeltas': {'10-20': 874.3, '0-10': 611.9, '20-30': 1196.7}, 'damageTakenDiffPerMinDeltas': {'10-20': -629.9, '0-10': -94.6, '20-30': -344.6}, 'role': 'NONE', 'lane': 'JUNGLE'}}, {'participantId': 5, 'teamId': 100, 'championId': 98, 'spell1Id': 12, 'spell2Id': 4, 'stats': {'participantId': 5, 'win': False, 'item0': 3075, 'item1': 3068, 'item2': 3190, 'item3': 3047, 'item4': 2055, 'item5': 1028, 'item6': 3363, 'kills': 3, 'deaths': 8, 'assists': 9, 'largestKillingSpree': 0, 'largestMultiKill': 1, 'killingSprees': 0, 'longestTimeSpentLiving': 741, 'doubleKills': 0, 'tripleKills': 0, 'quadraKills': 0, 'pentaKills': 0, 'unrealKills': 0, 'totalDamageDealt': 119116, 'magicDamageDealt': 64899, 'physicalDamageDealt': 37283, 'trueDamageDealt': 16931, 'largestCriticalStrike': 31, 'totalDamageDealtToChampions': 13095, 'magicDamageDealtToChampions': 7447, 'physicalDamageDealtToChampions': 4886, 'trueDamageDealtToChampions': 761, 'totalHeal': 3517, 'totalUnitsHealed': 1, 'damageSelfMitigated': 60717, 'damageDealtToObjectives': 2210, 'damageDealtToTurrets': 334, 'visionScore': 32, 'timeCCingOthers': 24, 'totalDamageTaken': 35557, 'magicalDamageTaken': 5229, 'physicalDamageTaken': 25975, 'trueDamageTaken': 4352, 'goldEarned': 10997, 'goldSpent': 11000, 'turretKills': 0, 'inhibitorKills': 0, 'totalMinionsKilled': 169, 'neutralMinionsKilled': 12, 'neutralMinionsKilledTeamJungle': 3, 'neutralMinionsKilledEnemyJungle': 0, 'totalTimeCrowdControlDealt': 415, 'champLevel': 16, 'visionWardsBoughtInGame': 6, 'sightWardsBoughtInGame': 0, 'wardsPlaced': 15, 'wardsKilled': 4, 'firstBloodKill': False, 'firstBloodAssist': False, 'firstTowerKill': False, 'firstTowerAssist': False, 'combatPlayerScore': 0, 'objectivePlayerScore': 0, 'totalPlayerScore': 0, 'totalScoreRank': 0, 'playerScore0': 0, 'playerScore1': 0, 'playerScore2': 0, 'playerScore3': 0, 'playerScore4': 0, 'playerScore5': 0, 'playerScore6': 0, 'playerScore7': 0, 'playerScore8': 0, 'playerScore9': 0, 'perk0': 8437, 'perk0Var1': 900, 'perk0Var2': 745, 'perk0Var3': 0, 'perk1': 8401, 'perk1Var1': 514, 'perk1Var2': 0, 'perk1Var3': 0, 'perk2': 8444, 'perk2Var1': 2039, 'perk2Var2': 0, 'perk2Var3': 0, 'perk3': 8453, 'perk3Var1': 618, 'perk3Var2': 1308, 'perk3Var3': 0, 'perk4': 8126, 'perk4Var1': 677, 'perk4Var2': 0, 'perk4Var3': 0, 'perk5': 8106, 'perk5Var1': 5, 'perk5Var2': 0, 'perk5Var3': 0, 'perkPrimaryStyle': 8400, 'perkSubStyle': 8100, 'statPerk0': 5008, 'statPerk1': 5002, 'statPerk2': 5002}, 'timeline': {'participantId': 5, 'creepsPerMinDeltas': {'10-20': 4.9, '0-10': 6.5, '20-30': 4.3}, 'xpPerMinDeltas': {'10-20': 374.2, '0-10': 444.7, '20-30': 655.2}, 'goldPerMinDeltas': {'10-20': 248.4, '0-10': 259.1, '20-30': 423.6}, 'csDiffPerMinDeltas': {'10-20': -4.2, '0-10': -1.7000000000000002, '20-30': -1.9000000000000004}, 'xpDiffPerMinDeltas': {'10-20': -230.79999999999998, '0-10': -50, '20-30': 140.30000000000004}, 'damageTakenPerMinDeltas': {'10-20': 1057.2, '0-10': 456.1, '20-30': 1418.3}, 'damageTakenDiffPerMinDeltas': {'10-20': 325.9, '0-10': 287, '20-30': 278.20000000000005}, 'role': 'SOLO', 'lane': 'TOP'}}, {'participantId': 6, 'teamId': 200, 'championId': 875, 'spell1Id': 14, 'spell2Id': 4, 'stats': {'participantId': 6, 'win': True, 'item0': 3857, 'item1': 3211, 'item2': 3193, 'item3': 0, 'item4': 3742, 'item5': 3009, 'item6': 3364, 'kills': 7, 'deaths': 6, 'assists': 17, 'largestKillingSpree': 3, 'largestMultiKill': 1, 'killingSprees': 2, 'longestTimeSpentLiving': 549, 'doubleKills': 0, 'tripleKills': 0, 'quadraKills': 0, 'pentaKills': 0, 'unrealKills': 0, 'totalDamageDealt': 37797, 'magicDamageDealt': 2215, 'physicalDamageDealt': 21709, 'trueDamageDealt': 13873, 'largestCriticalStrike': 0, 'totalDamageDealtToChampions': 14616, 'magicDamageDealtToChampions': 1521, 'physicalDamageDealtToChampions': 7352, 'trueDamageDealtToChampions': 5741, 'totalHeal': 4396, 'totalUnitsHealed': 1, 'damageSelfMitigated': 38667, 'damageDealtToObjectives': 4363, 'damageDealtToTurrets': 2675, 'visionScore': 87, 'timeCCingOthers': 44, 'totalDamageTaken': 32148, 'magicalDamageTaken': 16116, 'physicalDamageTaken': 14522, 'trueDamageTaken': 1509, 'goldEarned': 10646, 'goldSpent': 9150, 'turretKills': 2, 'inhibitorKills': 0, 'totalMinionsKilled': 38, 'neutralMinionsKilled': 0, 'neutralMinionsKilledTeamJungle': 0, 'neutralMinionsKilledEnemyJungle': 0, 'totalTimeCrowdControlDealt': 110, 'champLevel': 15, 'visionWardsBoughtInGame': 8, 'sightWardsBoughtInGame': 0, 'wardsPlaced': 37, 'wardsKilled': 13, 'firstBloodKill': True, 'firstBloodAssist': False, 'firstTowerKill': False, 'firstTowerAssist': False, 'combatPlayerScore': 0, 'objectivePlayerScore': 0, 'totalPlayerScore': 0, 'totalScoreRank': 0, 'playerScore0': 0, 'playerScore1': 0, 'playerScore2': 0, 'playerScore3': 0, 'playerScore4': 0, 'playerScore5': 0, 'playerScore6': 0, 'playerScore7': 0, 'playerScore8': 0, 'playerScore9': 0, 'perk0': 8439, 'perk0Var1': 1712, 'perk0Var2': 0, 'perk0Var3': 0, 'perk1': 8446, 'perk1Var1': 1775, 'perk1Var2': 0, 'perk1Var3': 0, 'perk2': 8473, 'perk2Var1': 1284, 'perk2Var2': 0, 'perk2Var3': 0, 'perk3': 8451, 'perk3Var1': 185, 'perk3Var2': 0, 'perk3Var3': 0, 'perk4': 8306, 'perk4Var1': 11, 'perk4Var2': 0, 'perk4Var3': 0, 'perk5': 8352, 'perk5Var1': 310, 'perk5Var2': 1763, 'perk5Var3': 0, 'perkPrimaryStyle': 8400, 'perkSubStyle': 8300, 'statPerk0': 5005, 'statPerk1': 5008, 'statPerk2': 5002}, 'timeline': {'participantId': 6, 'creepsPerMinDeltas': {'10-20': 1.5, '0-10': 1.1, '20-30': 0.6000000000000001}, 'xpPerMinDeltas': {'10-20': 400.70000000000005, '0-10': 274.4, '20-30': 356}, 'goldPerMinDeltas': {'10-20': 363, '0-10': 221.3, '20-30': 226.60000000000002}, 'csDiffPerMinDeltas': {'10-20': 0.30000000000000027, '0-10': 0.10000000000000031, '20-30': -0.6999999999999996}, 'xpDiffPerMinDeltas': {'10-20': 72.1, '0-10': 13.800000000000011, '20-30': -164.14999999999998}, 'damageTakenPerMinDeltas': {'10-20': 1130.9, '0-10': 404.4, '20-30': 1191.9}, 'damageTakenDiffPerMinDeltas': {'10-20': 64.85000000000002, '0-10': 9.65000000000002, '20-30': -128.39999999999986}, 'role': 'DUO_SUPPORT', 'lane': 'BOTTOM'}}, {'participantId': 7, 'teamId': 200, 'championId': 41, 'spell1Id': 4, 'spell2Id': 12, 'stats': {'participantId': 7, 'win': True, 'item0': 3078, 'item1': 3508, 'item2': 3031, 'item3': 3036, 'item4': 3047, 'item5': 0, 'item6': 3363, 'kills': 9, 'deaths': 3, 'assists': 11, 'largestKillingSpree': 4, 'largestMultiKill': 1, 'killingSprees': 3, 'longestTimeSpentLiving': 1221, 'doubleKills': 0, 'tripleKills': 0, 'quadraKills': 0, 'pentaKills': 0, 'unrealKills': 0, 'totalDamageDealt': 284304, 'magicDamageDealt': 11283, 'physicalDamageDealt': 257643, 'trueDamageDealt': 15376, 'largestCriticalStrike': 1182, 'totalDamageDealtToChampions': 39176, 'magicDamageDealtToChampions': 10380, 'physicalDamageDealtToChampions': 23764, 'trueDamageDealtToChampions': 5032, 'totalHeal': 9300, 'totalUnitsHealed': 1, 'damageSelfMitigated': 14456, 'damageDealtToObjectives': 11565, 'damageDealtToTurrets': 3878, 'visionScore': 33, 'timeCCingOthers': 30, 'totalDamageTaken': 24209, 'magicalDamageTaken': 9239, 'physicalDamageTaken': 13570, 'trueDamageTaken': 1399, 'goldEarned': 16651, 'goldSpent': 15658, 'turretKills': 2, 'inhibitorKills': 0, 'totalMinionsKilled': 262, 'neutralMinionsKilled': 9, 'neutralMinionsKilledTeamJungle': 1, 'neutralMinionsKilledEnemyJungle': 4, 'totalTimeCrowdControlDealt': 436, 'champLevel': 18, 'visionWardsBoughtInGame': 8, 'sightWardsBoughtInGame': 0, 'wardsPlaced': 19, 'wardsKilled': 6, 'firstBloodKill': False, 'firstBloodAssist': False, 'firstTowerKill': False, 'firstTowerAssist': False, 'combatPlayerScore': 0, 'objectivePlayerScore': 0, 'totalPlayerScore': 0, 'totalScoreRank': 0, 'playerScore0': 0, 'playerScore1': 0, 'playerScore2': 0, 'playerScore3': 0, 'playerScore4': 0, 'playerScore5': 0, 'playerScore6': 0, 'playerScore7': 0, 'playerScore8': 0, 'playerScore9': 0, 'perk0': 8437, 'perk0Var1': 2291, 'perk0Var2': 1701, 'perk0Var3': 0, 'perk1': 8446, 'perk1Var1': 943, 'perk1Var2': 0, 'perk1Var3': 0, 'perk2': 8444, 'perk2Var1': 1117, 'perk2Var2': 0, 'perk2Var3': 0, 'perk3': 8451, 'perk3Var1': 219, 'perk3Var2': 0, 'perk3Var3': 0, 'perk4': 8139, 'perk4Var1': 1616, 'perk4Var2': 0, 'perk4Var3': 0, 'perk5': 8106, 'perk5Var1': 5, 'perk5Var2': 0, 'perk5Var3': 0, 'perkPrimaryStyle': 8400, 'perkSubStyle': 8100, 'statPerk0': 5008, 'statPerk1': 5002, 'statPerk2': 5002}, 'timeline': {'participantId': 7, 'creepsPerMinDeltas': {'10-20': 9.1, '0-10': 8.2, '20-30': 6.2}, 'xpPerMinDeltas': {'10-20': 605, '0-10': 494.7, '20-30': 514.9}, 'goldPerMinDeltas': {'10-20': 514.7, '0-10': 293.5, '20-30': 542.5}, 'csDiffPerMinDeltas': {'10-20': 4.2, '0-10': 1.7000000000000002, '20-30': 1.9000000000000004}, 'xpDiffPerMinDeltas': {'10-20': 230.79999999999998, '0-10': 50, '20-30': -140.30000000000004}, 'damageTakenPerMinDeltas': {'10-20': 731.3, '0-10': 169.1, '20-30': 1140.1}, 'damageTakenDiffPerMinDeltas': {'10-20': -325.9, '0-10': -287, '20-30': -278.20000000000005}, 'role': 'SOLO', 'lane': 'TOP'}}, {'participantId': 8, 'teamId': 200, 'championId': 21, 'spell1Id': 7, 'spell2Id': 4, 'stats': {'participantId': 8, 'win': True, 'item0': 3140, 'item1': 3094, 'item2': 3031, 'item3': 3006, 'item4': 3508, 'item5': 3036, 'item6': 3363, 'kills': 12, 'deaths': 4, 'assists': 13, 'largestKillingSpree': 6, 'largestMultiKill': 2, 'killingSprees': 2, 'longestTimeSpentLiving': 554, 'doubleKills': 2, 'tripleKills': 0, 'quadraKills': 0, 'pentaKills': 0, 'unrealKills': 0, 'totalDamageDealt': 260034, 'magicDamageDealt': 9995, 'physicalDamageDealt': 243118, 'trueDamageDealt': 6920, 'largestCriticalStrike': 1053, 'totalDamageDealtToChampions': 44672, 'magicDamageDealtToChampions': 3183, 'physicalDamageDealtToChampions': 39425, 'trueDamageDealtToChampions': 2064, 'totalHeal': 2177, 'totalUnitsHealed': 3, 'damageSelfMitigated': 16777, 'damageDealtToObjectives': 33337, 'damageDealtToTurrets': 5161, 'visionScore': 29, 'timeCCingOthers': 23, 'totalDamageTaken': 18751, 'magicalDamageTaken': 5980, 'physicalDamageTaken': 11720, 'trueDamageTaken': 1051, 'goldEarned': 18097, 'goldSpent': 15700, 'turretKills': 0, 'inhibitorKills': 0, 'totalMinionsKilled': 257, 'neutralMinionsKilled': 36, 'neutralMinionsKilledTeamJungle': 24, 'neutralMinionsKilledEnemyJungle': 4, 'totalTimeCrowdControlDealt': 302, 'champLevel': 17, 'visionWardsBoughtInGame': 1, 'sightWardsBoughtInGame': 0, 'wardsPlaced': 11, 'wardsKilled': 12, 'firstBloodKill': False, 'firstBloodAssist': False, 'firstTowerKill': False, 'firstTowerAssist': False, 'combatPlayerScore': 0, 'objectivePlayerScore': 0, 'totalPlayerScore': 0, 'totalScoreRank': 0, 'playerScore0': 0, 'playerScore1': 0, 'playerScore2': 0, 'playerScore3': 0, 'playerScore4': 0, 'playerScore5': 0, 'playerScore6': 0, 'playerScore7': 0, 'playerScore8': 0, 'playerScore9': 0, 'perk0': 8005, 'perk0Var1': 1937, 'perk0Var2': 1006, 'perk0Var3': 931, 'perk1': 9101, 'perk1Var1': 7806, 'perk1Var2': 7146, 'perk1Var3': 0, 'perk2': 9103, 'perk2Var1': 20, 'perk2Var2': 0, 'perk2Var3': 0, 'perk3': 8017, 'perk3Var1': 2591, 'perk3Var2': 0, 'perk3Var3': 0, 'perk4': 8275, 'perk4Var1': 11, 'perk4Var2': 0, 'perk4Var3': 0, 'perk5': 8236, 'perk5Var1': 28, 'perk5Var2': 0, 'perk5Var3': 0, 'perkPrimaryStyle': 8000, 'perkSubStyle': 8200, 'statPerk0': 5005, 'statPerk1': 5008, 'statPerk2': 5002}, 'timeline': {'participantId': 8, 'creepsPerMinDeltas': {'10-20': 9.7, '0-10': 7.5, '20-30': 5.6}, 'xpPerMinDeltas': {'10-20': 626.6, '0-10': 308.3, '20-30': 508.29999999999995}, 'goldPerMinDeltas': {'10-20': 599.8, '0-10': 326.3, '20-30': 549.4}, 'csDiffPerMinDeltas': {'10-20': 0.30000000000000027, '0-10': 0.10000000000000031, '20-30': -0.6999999999999996}, 'xpDiffPerMinDeltas': {'10-20': 72.1, '0-10': 13.800000000000011, '20-30': -164.14999999999998}, 'damageTakenPerMinDeltas': {'10-20': 598.6, '0-10': 310.9, '20-30': 769.1999999999999}, 'damageTakenDiffPerMinDeltas': {'10-20': 64.85000000000002, '0-10': 9.65000000000002, '20-30': -128.39999999999986}, 'role': 'DUO_CARRY', 'lane': 'BOTTOM'}}, {'participantId': 9, 'teamId': 200, 'championId': 154, 'spell1Id': 11, 'spell2Id': 4, 'stats': {'participantId': 9, 'win': True, 'item0': 3157, 'item1': 0, 'item2': 3111, 'item3': 1401, 'item4': 1052, 'item5': 3165, 'item6': 3364, 'kills': 2, 'deaths': 6, 'assists': 18, 'largestKillingSpree': 0, 'largestMultiKill': 1, 'killingSprees': 0, 'longestTimeSpentLiving': 737, 'doubleKills': 0, 'tripleKills': 0, 'quadraKills': 0, 'pentaKills': 0, 'unrealKills': 0, 'totalDamageDealt': 195975, 'magicDamageDealt': 151921, 'physicalDamageDealt': 31417, 'trueDamageDealt': 12636, 'largestCriticalStrike': 0, 'totalDamageDealtToChampions': 14612, 'magicDamageDealtToChampions': 11772, 'physicalDamageDealtToChampions': 812, 'trueDamageDealtToChampions': 2027, 'totalHeal': 45204, 'totalUnitsHealed': 5, 'damageSelfMitigated': 34812, 'damageDealtToObjectives': 27207, 'damageDealtToTurrets': 20, 'visionScore': 57, 'timeCCingOthers': 39, 'totalDamageTaken': 44546, 'magicalDamageTaken': 13066, 'physicalDamageTaken': 26545, 'trueDamageTaken': 4934, 'goldEarned': 11967, 'goldSpent': 10835, 'turretKills': 0, 'inhibitorKills': 0, 'totalMinionsKilled': 58, 'neutralMinionsKilled': 152, 'neutralMinionsKilledTeamJungle': 108, 'neutralMinionsKilledEnemyJungle': 12, 'totalTimeCrowdControlDealt': 502, 'champLevel': 17, 'visionWardsBoughtInGame': 10, 'sightWardsBoughtInGame': 0, 'wardsPlaced': 11, 'wardsKilled': 19, 'firstBloodKill': False, 'firstBloodAssist': False, 'firstTowerKill': False, 'firstTowerAssist': False, 'combatPlayerScore': 0, 'objectivePlayerScore': 0, 'totalPlayerScore': 0, 'totalScoreRank': 0, 'playerScore0': 0, 'playerScore1': 0, 'playerScore2': 0, 'playerScore3': 0, 'playerScore4': 0, 'playerScore5': 0, 'playerScore6': 0, 'playerScore7': 0, 'playerScore8': 0, 'playerScore9': 0, 'perk0': 8439, 'perk0Var1': 517, 'perk0Var2': 0, 'perk0Var3': 0, 'perk1': 8463, 'perk1Var1': 1327, 'perk1Var2': 0, 'perk1Var3': 0, 'perk2': 8429, 'perk2Var1': 71, 'perk2Var2': 17, 'perk2Var3': 13, 'perk3': 8453, 'perk3Var1': 3341, 'perk3Var2': 0, 'perk3Var3': 0, 'perk4': 8126, 'perk4Var1': 660, 'perk4Var2': 0, 'perk4Var3': 0, 'perk5': 8135, 'perk5Var1': 11507, 'perk5Var2': 5, 'perk5Var3': 0, 'perkPrimaryStyle': 8400, 'perkSubStyle': 8100, 'statPerk0': 5005, 'statPerk1': 5003, 'statPerk2': 5002}, 'timeline': {'participantId': 9, 'creepsPerMinDeltas': {'10-20': 1.7000000000000002, '0-10': 1.4000000000000001, '20-30': 1.9000000000000001}, 'xpPerMinDeltas': {'10-20': 538.3, '0-10': 342.70000000000005, '20-30': 487.79999999999995}, 'goldPerMinDeltas': {'10-20': 365.8, '0-10': 245.2, '20-30': 346.20000000000005}, 'csDiffPerMinDeltas': {'10-20': -1.3, '0-10': 0.3000000000000001, '20-30': -0.1999999999999998}, 'xpDiffPerMinDeltas': {'10-20': -53.89999999999998, '0-10': -53.19999999999999, '20-30': 66.99999999999997}, 'damageTakenPerMinDeltas': {'10-20': 1504.1999999999998, '0-10': 706.5, '20-30': 1541.3000000000002}, 'damageTakenDiffPerMinDeltas': {'10-20': 629.9, '0-10': 94.6, '20-30': 344.6}, 'role': 'NONE', 'lane': 'JUNGLE'}}, {'participantId': 10, 'teamId': 200, 'championId': 157, 'spell1Id': 4, 'spell2Id': 1, 'stats': {'participantId': 10, 'win': True, 'item0': 3153, 'item1': 2421, 'item2': 3031, 'item3': 3046, 'item4': 3006, 'item5': 0, 'item6': 3340, 'kills': 6, 'deaths': 7, 'assists': 13, 'largestKillingSpree': 4, 'largestMultiKill': 1, 'killingSprees': 2, 'longestTimeSpentLiving': 444, 'doubleKills': 0, 'tripleKills': 0, 'quadraKills': 0, 'pentaKills': 0, 'unrealKills': 0, 'totalDamageDealt': 180574, 'magicDamageDealt': 13793, 'physicalDamageDealt': 163613, 'trueDamageDealt': 3167, 'largestCriticalStrike': 547, 'totalDamageDealtToChampions': 12790, 'magicDamageDealtToChampions': 904, 'physicalDamageDealtToChampions': 11886, 'trueDamageDealtToChampions': 0, 'totalHeal': 4235, 'totalUnitsHealed': 1, 'damageSelfMitigated': 24781, 'damageDealtToObjectives': 11730, 'damageDealtToTurrets': 2546, 'visionScore': 37, 'timeCCingOthers': 27, 'totalDamageTaken': 25018, 'magicalDamageTaken': 8674, 'physicalDamageTaken': 14385, 'trueDamageTaken': 1958, 'goldEarned': 13167, 'goldSpent': 12550, 'turretKills': 1, 'inhibitorKills': 0, 'totalMinionsKilled': 217, 'neutralMinionsKilled': 8, 'neutralMinionsKilledTeamJungle': 6, 'neutralMinionsKilledEnemyJungle': 0, 'totalTimeCrowdControlDealt': 146, 'champLevel': 17, 'visionWardsBoughtInGame': 6, 'sightWardsBoughtInGame': 0, 'wardsPlaced': 18, 'wardsKilled': 6, 'firstBloodKill': False, 'firstBloodAssist': False, 'firstTowerKill': False, 'firstTowerAssist': False, 'combatPlayerScore': 0, 'objectivePlayerScore': 0, 'totalPlayerScore': 0, 'totalScoreRank': 0, 'playerScore0': 0, 'playerScore1': 0, 'playerScore2': 0, 'playerScore3': 0, 'playerScore4': 0, 'playerScore5': 0, 'playerScore6': 0, 'playerScore7': 0, 'playerScore8': 0, 'playerScore9': 0, 'perk0': 8021, 'perk0Var1': 2715, 'perk0Var2': 0, 'perk0Var3': 0, 'perk1': 9111, 'perk1Var1': 1265, 'perk1Var2': 380, 'perk1Var3': 0, 'perk2': 9104, 'perk2Var1': 13, 'perk2Var2': 10, 'perk2Var3': 0, 'perk3': 8014, 'perk3Var1': 305, 'perk3Var2': 0, 'perk3Var3': 0, 'perk4': 8444, 'perk4Var1': 807, 'perk4Var2': 0, 'perk4Var3': 0, 'perk5': 8446, 'perk5Var1': 422, 'perk5Var2': 0, 'perk5Var3': 0, 'perkPrimaryStyle': 8000, 'perkSubStyle': 8400, 'statPerk0': 5005, 'statPerk1': 5008, 'statPerk2': 5003}, 'timeline': {'participantId': 10, 'creepsPerMinDeltas': {'10-20': 7.2, '0-10': 7.4, '20-30': 4.5}, 'xpPerMinDeltas': {'10-20': 573.5, '0-10': 456.7, '20-30': 347.7}, 'goldPerMinDeltas': {'10-20': 520.9000000000001, '0-10': 278.7, '20-30': 271.9}, 'csDiffPerMinDeltas': {'10-20': 0.10000000000000009, '0-10': -1.7000000000000002, '20-30': 0.30000000000000027}, 'xpDiffPerMinDeltas': {'10-20': 79.00000000000003, '0-10': -39.10000000000002, '20-30': -188.4}, 'damageTakenPerMinDeltas': {'10-20': 822.3, '0-10': 377.9, '20-30': 863.4000000000001}, 'damageTakenDiffPerMinDeltas': {'10-20': 67, '0-10': 178.3, '20-30': -31.19999999999999}, 'role': 'SOLO', 'lane': 'MIDDLE'}}]",KR,420.0,13.0,,
4,1584973382886.0,2344.0,4241538868.0,CLASSIC,MATCHED_GAME,10.6.313.8894,11.0,"[{'participantId': 1, 'player': {'platformId': 'KR', 'accountId': 'ImPwfj9Gb0tPHcMMnjVc6w44AedoxngtlVZJiqLqOKBRVP8neMBoEYHa', 'summonerName': 'ggffggg', 'summonerId': 'n_2q6lxDY6zivMxIy1lJSyq7S7kV11RBpl29ccDzj20LMSI', 'currentPlatformId': 'KR', 'currentAccountId': 'ImPwfj9Gb0tPHcMMnjVc6w44AedoxngtlVZJiqLqOKBRVP8neMBoEYHa', 'matchHistoryUri': '/v1/stats/player_history/KR/2372727679749504', 'profileIcon': 27}}, {'participantId': 2, 'player': {'platformId': 'KR', 'accountId': '7JKrpNmHAW6w9y28naNUOR9RSFo08TOR0g7BkjGY945jvao', 'summonerName': '곽김보태성민광희', 'summonerId': 'AmzUl0S9tzG8zmeDS3yftE7Ex_2tFG09g3Vj7bPAEDCDMAM', 'currentPlatformId': 'KR', 'currentAccountId': '7JKrpNmHAW6w9y28naNUOR9RSFo08TOR0g7BkjGY945jvao', 'matchHistoryUri': '/v1/stats/player_history/KR/207884486', 'profileIcon': 4227}}, {'participantId': 3, 'player': {'platformId': 'KR', 'accountId': 'ST4I323iLmSpFw5L6XosnzGqwCZhXUXENcdUURRTug1HwNQ', 'summonerName': '한 줌의 재가되어', 'summonerId': '7dGjG4GgbBVl6_Go0lZ8YbzFmMGxzHDmHmBtods4x3pnLTA', 'currentPlatformId': 'KR', 'currentAccountId': 'ST4I323iLmSpFw5L6XosnzGqwCZhXUXENcdUURRTug1HwNQ', 'matchHistoryUri': '/v1/stats/player_history/KR/206939709', 'profileIcon': 939}}, {'participantId': 4, 'player': {'platformId': 'KR', 'accountId': 'JMvYNBltKqodbowF-przG6hYYx4xjEebAlNpjnVxedJvc3YtpGl4-p08', 'summonerName': 'zhong men dui ju', 'summonerId': '41foCgS8tN9qwcFvXfKDba48aULtpourP2foWMCreNRC4C4', 'currentPlatformId': 'KR', 'currentAccountId': 'JMvYNBltKqodbowF-przG6hYYx4xjEebAlNpjnVxedJvc3YtpGl4-p08', 'matchHistoryUri': '/v1/stats/player_history/KR/2372729821441408', 'profileIcon': 29}}, {'participantId': 5, 'player': {'platformId': 'KR', 'accountId': 'U3LZ7mAw6fpTIwh0OPlnUD85HtSm6SE0VUhp8mnuJh0_', 'summonerName': 'JustLikeThatKR', 'summonerId': 'MVSVpln9JXR08yuzELMzAO4NhMsj0ofNEc4DZC7TN954ow', 'currentPlatformId': 'KR', 'currentAccountId': 'U3LZ7mAw6fpTIwh0OPlnUD85HtSm6SE0VUhp8mnuJh0_', 'matchHistoryUri': '/v1/stats/player_history/KR/3494294', 'profileIcon': 3017}}, {'participantId': 6, 'player': {'platformId': 'KR', 'accountId': 'IIWG7FRiqE8CuZaCslKkNxkglwpgnePPxDslb2tv66FKrgo', 'summonerName': 'Youtube Thal', 'summonerId': '8Cx100isJ6RMMeOmUX_-Wg0CESabVTYk-e8P8Ijj3zuIiB4', 'currentPlatformId': 'KR', 'currentAccountId': 'IIWG7FRiqE8CuZaCslKkNxkglwpgnePPxDslb2tv66FKrgo', 'matchHistoryUri': '/v1/stats/player_history/KR/201236882', 'profileIcon': 4090}}, {'participantId': 7, 'player': {'platformId': 'KR', 'accountId': 'TBRkf-hfcz3qKVgN8i651195GRd93_k4BWu773M-CTMIamw', 'summonerName': '사랑해 김린아', 'summonerId': 'pL6-dSMULV0J5oK5d6HMbF282XLzmCYe8tRI6CD-Rr84uCU', 'currentPlatformId': 'KR', 'currentAccountId': 'TBRkf-hfcz3qKVgN8i651195GRd93_k4BWu773M-CTMIamw', 'matchHistoryUri': '/v1/stats/player_history/KR/200767254', 'profileIcon': 4080}}, {'participantId': 8, 'player': {'platformId': 'KR', 'accountId': 'XqaB1vGuxNb8EVlTar7SU13YAuwPgGpfBjb9xFDzQuWVHLg', 'summonerName': '너와나의연결Gori', 'summonerId': 'gnEKZmrlluX29bsxK07hGJtEoLcIZTltn0zBAMKbVg_1a-A', 'currentPlatformId': 'KR', 'currentAccountId': 'XqaB1vGuxNb8EVlTar7SU13YAuwPgGpfBjb9xFDzQuWVHLg', 'matchHistoryUri': '/v1/stats/player_history/KR/209503412', 'profileIcon': 4022}}, {'participantId': 9, 'player': {'platformId': 'KR', 'accountId': 'LhCH2yaixm5FZ6dHybuexqHNckeV0RQh4-W3pB8vJP2_', 'summonerName': '쪼렙이다말로하자', 'summonerId': 'YTMZt7CQ7cHXiADp1ZtI1GjNHdAE_HQbbSxxq_gllWinqQ', 'currentPlatformId': 'KR', 'currentAccountId': 'LhCH2yaixm5FZ6dHybuexqHNckeV0RQh4-W3pB8vJP2_', 'matchHistoryUri': '/v1/stats/player_history/KR/2725181', 'profileIcon': 3019}}, {'participantId': 10, 'player': {'platformId': 'KR', 'accountId': 'C5kaawNjDdMLodFtogGCPSkSKElEs39imb80iTvjfWWfy9k', 'summonerName': '불질러', 'summonerId': 'exNXyACl33qZjrQ5F9jsvojM3AHK8BhYFGmOtdCPM3IDBG4', 'currentPlatformId': 'KR', 'currentAccountId': 'C5kaawNjDdMLodFtogGCPSkSKElEs39imb80iTvjfWWfy9k', 'matchHistoryUri': '/v1/stats/player_history/KR/207078123', 'profileIcon': 1458}}]","[{'participantId': 1, 'teamId': 100, 'championId': 145, 'spell1Id': 4, 'spell2Id': 7, 'stats': {'participantId': 1, 'win': True, 'item0': 3156, 'item1': 3026, 'item2': 3042, 'item3': 3085, 'item4': 3124, 'item5': 3006, 'item6': 3363, 'kills': 7, 'deaths': 12, 'assists': 12, 'largestKillingSpree': 2, 'largestMultiKill': 1, 'killingSprees': 1, 'longestTimeSpentLiving': 377, 'doubleKills': 0, 'tripleKills': 0, 'quadraKills': 0, 'pentaKills': 0, 'unrealKills': 0, 'totalDamageDealt': 269340, 'magicDamageDealt': 41262, 'physicalDamageDealt': 224449, 'trueDamageDealt': 3628, 'largestCriticalStrike': 782, 'totalDamageDealtToChampions': 36749, 'magicDamageDealtToChampions': 8910, 'physicalDamageDealtToChampions': 26824, 'trueDamageDealtToChampions': 1014, 'totalHeal': 8355, 'totalUnitsHealed': 3, 'damageSelfMitigated': 19728, 'damageDealtToObjectives': 26607, 'damageDealtToTurrets': 8067, 'visionScore': 21, 'timeCCingOthers': 4, 'totalDamageTaken': 33275, 'magicalDamageTaken': 13606, 'physicalDamageTaken': 16527, 'trueDamageTaken': 3142, 'goldEarned': 18545, 'goldSpent': 20205, 'turretKills': 2, 'inhibitorKills': 1, 'totalMinionsKilled': 223, 'neutralMinionsKilled': 59, 'neutralMinionsKilledTeamJungle': 45, 'neutralMinionsKilledEnemyJungle': 10, 'totalTimeCrowdControlDealt': 114, 'champLevel': 17, 'visionWardsBoughtInGame': 1, 'sightWardsBoughtInGame': 0, 'wardsPlaced': 9, 'wardsKilled': 8, 'firstBloodKill': True, 'firstBloodAssist': False, 'firstTowerKill': False, 'firstTowerAssist': False, 'firstInhibitorKill': False, 'firstInhibitorAssist': False, 'combatPlayerScore': 0, 'objectivePlayerScore': 0, 'totalPlayerScore': 0, 'totalScoreRank': 0, 'playerScore0': 0, 'playerScore1': 0, 'playerScore2': 0, 'playerScore3': 0, 'playerScore4': 0, 'playerScore5': 0, 'playerScore6': 0, 'playerScore7': 0, 'playerScore8': 0, 'playerScore9': 0, 'perk0': 9923, 'perk0Var1': 76, 'perk0Var2': 84, 'perk0Var3': 0, 'perk1': 8139, 'perk1Var1': 1394, 'perk1Var2': 0, 'perk1Var3': 0, 'perk2': 8138, 'perk2Var1': 18, 'perk2Var2': 0, 'perk2Var3': 0, 'perk3': 8135, 'perk3Var1': 3725, 'perk3Var2': 5, 'perk3Var3': 0, 'perk4': 9103, 'perk4Var1': 23, 'perk4Var2': 50, 'perk4Var3': 0, 'perk5': 8014, 'perk5Var1': 948, 'perk5Var2': 0, 'perk5Var3': 0, 'perkPrimaryStyle': 8100, 'perkSubStyle': 8000, 'statPerk0': 5005, 'statPerk1': 5008, 'statPerk2': 5002}, 'timeline': {'participantId': 1, 'creepsPerMinDeltas': {'10-20': 7.6, '0-10': 7.4, '30-end': 4.6, '20-30': 2.8}, 'xpPerMinDeltas': {'10-20': 410.79999999999995, '0-10': 332.20000000000005, '30-end': 391, '20-30': 540.5}, 'goldPerMinDeltas': {'10-20': 476.29999999999995, '0-10': 366.29999999999995, '30-end': 403.6, '20-30': 468.7}, 'csDiffPerMinDeltas': {'10-20': -0.44999999999999996, '0-10': 1.0000000000000002, '30-end': -0.20000000000000018, '20-30': -1.3499999999999999}, 'xpDiffPerMinDeltas': {'10-20': -120.60000000000001, '0-10': -7.649999999999977, '30-end': -254.39999999999998, '20-30': -99.14999999999998}, 'damageTakenPerMinDeltas': {'10-20': 761.5, '0-10': 315.3, '30-end': 763.4, '20-30': 1113.9}, 'damageTakenDiffPerMinDeltas': {'10-20': 391.9, '0-10': 155.8, '30-end': 806.8, '20-30': 561.85}, 'role': 'DUO_CARRY', 'lane': 'BOTTOM'}}, {'participantId': 2, 'teamId': 100, 'championId': 875, 'spell1Id': 14, 'spell2Id': 4, 'stats': {'participantId': 2, 'win': True, 'item0': 3857, 'item1': 3105, 'item2': 3193, 'item3': 3067, 'item4': 3111, 'item5': 3742, 'item6': 3364, 'kills': 2, 'deaths': 12, 'assists': 12, 'largestKillingSpree': 2, 'largestMultiKill': 1, 'killingSprees': 1, 'longestTimeSpentLiving': 437, 'doubleKills': 0, 'tripleKills': 0, 'quadraKills': 0, 'pentaKills': 0, 'unrealKills': 0, 'totalDamageDealt': 45826, 'magicDamageDealt': 996, 'physicalDamageDealt': 28334, 'trueDamageDealt': 16496, 'largestCriticalStrike': 0, 'totalDamageDealtToChampions': 14963, 'magicDamageDealtToChampions': 289, 'physicalDamageDealtToChampions': 8869, 'trueDamageDealtToChampions': 5804, 'totalHeal': 2727, 'totalUnitsHealed': 1, 'damageSelfMitigated': 46479, 'damageDealtToObjectives': 8712, 'damageDealtToTurrets': 3775, 'visionScore': 102, 'timeCCingOthers': 32, 'totalDamageTaken': 36453, 'magicalDamageTaken': 15155, 'physicalDamageTaken': 13465, 'trueDamageTaken': 7833, 'goldEarned': 10619, 'goldSpent': 9725, 'turretKills': 0, 'inhibitorKills': 0, 'totalMinionsKilled': 40, 'neutralMinionsKilled': 0, 'neutralMinionsKilledTeamJungle': 0, 'neutralMinionsKilledEnemyJungle': 0, 'totalTimeCrowdControlDealt': 107, 'champLevel': 14, 'visionWardsBoughtInGame': 9, 'sightWardsBoughtInGame': 0, 'wardsPlaced': 46, 'wardsKilled': 6, 'firstBloodKill': False, 'firstBloodAssist': False, 'firstTowerKill': False, 'firstTowerAssist': True, 'firstInhibitorKill': False, 'firstInhibitorAssist': False, 'combatPlayerScore': 0, 'objectivePlayerScore': 0, 'totalPlayerScore': 0, 'totalScoreRank': 0, 'playerScore0': 0, 'playerScore1': 0, 'playerScore2': 0, 'playerScore3': 0, 'playerScore4': 0, 'playerScore5': 0, 'playerScore6': 0, 'playerScore7': 0, 'playerScore8': 0, 'playerScore9': 0, 'perk0': 8358, 'perk0Var1': 35, 'perk0Var2': 527, 'perk0Var3': 16, 'perk1': 8306, 'perk1Var1': 14, 'perk1Var2': 0, 'perk1Var3': 0, 'perk2': 8321, 'perk2Var1': 7, 'perk2Var2': 0, 'perk2Var3': 0, 'perk3': 8352, 'perk3Var1': 267, 'perk3Var2': 1584, 'perk3Var3': 0, 'perk4': 8275, 'perk4Var1': 29, 'perk4Var2': 0, 'perk4Var3': 0, 'perk5': 8234, 'perk5Var1': 16211, 'perk5Var2': 0, 'perk5Var3': 0, 'perkPrimaryStyle': 8300, 'perkSubStyle': 8200, 'statPerk0': 5005, 'statPerk1': 5008, 'statPerk2': 5002}, 'timeline': {'participantId': 2, 'creepsPerMinDeltas': {'10-20': 1.3, '0-10': 1.1, '30-end': 0.4, '20-30': 1.3}, 'xpPerMinDeltas': {'10-20': 140, '0-10': 242.9, '30-end': 345.8, '20-30': 365.9}, 'goldPerMinDeltas': {'10-20': 291.1, '0-10': 243, '30-end': 200.4, '20-30': 250.9}, 'csDiffPerMinDeltas': {'10-20': -0.44999999999999996, '0-10': 1.0000000000000002, '30-end': -0.20000000000000018, '20-30': -1.3499999999999999}, 'xpDiffPerMinDeltas': {'10-20': -120.60000000000001, '0-10': -7.649999999999977, '30-end': -254.39999999999998, '20-30': -99.14999999999998}, 'damageTakenPerMinDeltas': {'10-20': 605, '0-10': 454, '30-end': 1374.2, '20-30': 1161.6}, 'damageTakenDiffPerMinDeltas': {'10-20': 391.9, '0-10': 155.8, '30-end': 806.8, '20-30': 561.85}, 'role': 'DUO_SUPPORT', 'lane': 'BOTTOM'}}, {'participantId': 3, 'teamId': 100, 'championId': 236, 'spell1Id': 12, 'spell2Id': 4, 'stats': {'participantId': 3, 'win': True, 'item0': 3153, 'item1': 3140, 'item2': 3006, 'item3': 1038, 'item4': 3071, 'item5': 3508, 'item6': 3363, 'kills': 6, 'deaths': 7, 'assists': 8, 'largestKillingSpree': 3, 'largestMultiKill': 1, 'killingSprees': 1, 'longestTimeSpentLiving': 599, 'doubleKills': 0, 'tripleKills': 0, 'quadraKills': 0, 'pentaKills': 0, 'unrealKills': 0, 'totalDamageDealt': 242862, 'magicDamageDealt': 10150, 'physicalDamageDealt': 230542, 'trueDamageDealt': 2169, 'largestCriticalStrike': 727, 'totalDamageDealtToChampions': 33182, 'magicDamageDealtToChampions': 2841, 'physicalDamageDealtToChampions': 29877, 'trueDamageDealtToChampions': 464, 'totalHeal': 3486, 'totalUnitsHealed': 1, 'damageSelfMitigated': 20899, 'damageDealtToObjectives': 17333, 'damageDealtToTurrets': 7615, 'visionScore': 37, 'timeCCingOthers': 7, 'totalDamageTaken': 27485, 'magicalDamageTaken': 13782, 'physicalDamageTaken': 12091, 'trueDamageTaken': 1611, 'goldEarned': 16521, 'goldSpent': 14750, 'turretKills': 4, 'inhibitorKills': 2, 'totalMinionsKilled': 264, 'neutralMinionsKilled': 28, 'neutralMinionsKilledTeamJungle': 0, 'neutralMinionsKilledEnemyJungle': 19, 'totalTimeCrowdControlDealt': 118, 'champLevel': 18, 'visionWardsBoughtInGame': 2, 'sightWardsBoughtInGame': 0, 'wardsPlaced': 15, 'wardsKilled': 4, 'firstBloodKill': False, 'firstBloodAssist': False, 'firstTowerKill': False, 'firstTowerAssist': False, 'firstInhibitorKill': True, 'firstInhibitorAssist': False, 'combatPlayerScore': 0, 'objectivePlayerScore': 0, 'totalPlayerScore': 0, 'totalScoreRank': 0, 'playerScore0': 0, 'playerScore1': 0, 'playerScore2': 0, 'playerScore3': 0, 'playerScore4': 0, 'playerScore5': 0, 'playerScore6': 0, 'playerScore7': 0, 'playerScore8': 0, 'playerScore9': 0, 'perk0': 8005, 'perk0Var1': 2373, 'perk0Var2': 1039, 'perk0Var3': 1334, 'perk1': 9101, 'perk1Var1': 5565, 'perk1Var2': 7430, 'perk1Var3': 0, 'perk2': 9103, 'perk2Var1': 24, 'perk2Var2': 40, 'perk2Var3': 0, 'perk3': 8017, 'perk3Var1': 1530, 'perk3Var2': 0, 'perk3Var3': 0, 'perk4': 8345, 'perk4Var1': 3, 'perk4Var2': 0, 'perk4Var3': 0, 'perk5': 8352, 'perk5Var1': 237, 'perk5Var2': 1068, 'perk5Var3': 807, 'perkPrimaryStyle': 8000, 'perkSubStyle': 8300, 'statPerk0': 5005, 'statPerk1': 5008, 'statPerk2': 5002}, 'timeline': {'participantId': 3, 'creepsPerMinDeltas': {'10-20': 7.1, '0-10': 8, '30-end': 6.6, '20-30': 5.1}, 'xpPerMinDeltas': {'10-20': 399.9, '0-10': 493.20000000000005, '30-end': 407, '20-30': 625.5}, 'goldPerMinDeltas': {'10-20': 336.9, '0-10': 325.1, '30-end': 321, '20-30': 545.3}, 'csDiffPerMinDeltas': {'10-20': 0.3999999999999999, '0-10': 2.1999999999999997, '30-end': 2.1999999999999993, '20-30': -0.30000000000000027}, 'xpDiffPerMinDeltas': {'10-20': -72.30000000000001, '0-10': 96.80000000000004, '30-end': -203.79999999999995, '20-30': 213.6}, 'damageTakenPerMinDeltas': {'10-20': 273.6, '0-10': 285.8, '30-end': 704.2, '20-30': 1360.2}, 'damageTakenDiffPerMinDeltas': {'10-20': -179.29999999999998, '0-10': -167.9, '30-end': -513.5999999999999, '20-30': 168.39999999999998}, 'role': 'SOLO', 'lane': 'TOP'}}, {'participantId': 4, 'teamId': 100, 'championId': 34, 'spell1Id': 4, 'spell2Id': 12, 'stats': {'participantId': 4, 'win': True, 'item0': 0, 'item1': 3135, 'item2': 3165, 'item3': 3151, 'item4': 3027, 'item5': 3009, 'item6': 3363, 'kills': 5, 'deaths': 3, 'assists': 7, 'largestKillingSpree': 4, 'largestMultiKill': 3, 'killingSprees': 1, 'longestTimeSpentLiving': 1663, 'doubleKills': 1, 'tripleKills': 1, 'quadraKills': 0, 'pentaKills': 0, 'unrealKills': 0, 'totalDamageDealt': 212689, 'magicDamageDealt': 194879, 'physicalDamageDealt': 13592, 'trueDamageDealt': 4217, 'largestCriticalStrike': 0, 'totalDamageDealtToChampions': 27136, 'magicDamageDealtToChampions': 24820, 'physicalDamageDealtToChampions': 1122, 'trueDamageDealtToChampions': 1192, 'totalHeal': 10146, 'totalUnitsHealed': 1, 'damageSelfMitigated': 15179, 'damageDealtToObjectives': 12313, 'damageDealtToTurrets': 2590, 'visionScore': 44, 'timeCCingOthers': 48, 'totalDamageTaken': 34919, 'magicalDamageTaken': 25399, 'physicalDamageTaken': 8266, 'trueDamageTaken': 1253, 'goldEarned': 15360, 'goldSpent': 13925, 'turretKills': 2, 'inhibitorKills': 0, 'totalMinionsKilled': 263, 'neutralMinionsKilled': 29, 'neutralMinionsKilledTeamJungle': 20, 'neutralMinionsKilledEnemyJungle': 9, 'totalTimeCrowdControlDealt': 1219, 'champLevel': 18, 'visionWardsBoughtInGame': 7, 'sightWardsBoughtInGame': 0, 'wardsPlaced': 19, 'wardsKilled': 4, 'firstBloodKill': False, 'firstBloodAssist': False, 'firstTowerKill': False, 'firstTowerAssist': False, 'firstInhibitorKill': False, 'firstInhibitorAssist': False, 'combatPlayerScore': 0, 'objectivePlayerScore': 0, 'totalPlayerScore': 0, 'totalScoreRank': 0, 'playerScore0': 0, 'playerScore1': 0, 'playerScore2': 0, 'playerScore3': 0, 'playerScore4': 0, 'playerScore5': 0, 'playerScore6': 0, 'playerScore7': 0, 'playerScore8': 0, 'playerScore9': 0, 'perk0': 8112, 'perk0Var1': 1168, 'perk0Var2': 0, 'perk0Var3': 0, 'perk1': 8126, 'perk1Var1': 1192, 'perk1Var2': 0, 'perk1Var3': 0, 'perk2': 8120, 'perk2Var1': 5, 'perk2Var2': 30, 'perk2Var3': 7, 'perk3': 8105, 'perk3Var1': 16, 'perk3Var2': 5, 'perk3Var3': 0, 'perk4': 8009, 'perk4Var1': 2736, 'perk4Var2': 500, 'perk4Var3': 0, 'perk5': 9105, 'perk5Var1': 20, 'perk5Var2': 20, 'perk5Var3': 0, 'perkPrimaryStyle': 8100, 'perkSubStyle': 8000, 'statPerk0': 5005, 'statPerk1': 5008, 'statPerk2': 5003}, 'timeline': {'participantId': 4, 'creepsPerMinDeltas': {'10-20': 9.2, '0-10': 8.5, '30-end': 5.4, '20-30': 4.2}, 'xpPerMinDeltas': {'10-20': 518.7, '0-10': 498.1, '30-end': 298.4, '20-30': 500.8}, 'goldPerMinDeltas': {'10-20': 375.29999999999995, '0-10': 295.70000000000005, '30-end': 278.6, '20-30': 476.20000000000005}, 'csDiffPerMinDeltas': {'10-20': 0.8000000000000007, '0-10': 1.4999999999999996, '30-end': -5, '20-30': 1.5000000000000002}, 'xpDiffPerMinDeltas': {'10-20': 27.69999999999999, '0-10': 47.50000000000003, '30-end': -788.0000000000001, '20-30': 93.20000000000005}, 'damageTakenPerMinDeltas': {'10-20': 422.2, '0-10': 189.2, '30-end': 1333.8, '20-30': 1308.6}, 'damageTakenDiffPerMinDeltas': {'10-20': -377.80000000000007, '0-10': -137.3, '30-end': -616.4000000000001, '20-30': -185.20000000000016}, 'role': 'SOLO', 'lane': 'MIDDLE'}}, {'participantId': 5, 'teamId': 100, 'championId': 60, 'spell1Id': 11, 'spell2Id': 4, 'stats': {'participantId': 5, 'win': True, 'item0': 3157, 'item1': 2055, 'item2': 3135, 'item3': 3020, 'item4': 3165, 'item5': 1402, 'item6': 3364, 'kills': 7, 'deaths': 6, 'assists': 8, 'largestKillingSpree': 4, 'largestMultiKill': 2, 'killingSprees': 1, 'longestTimeSpentLiving': 821, 'doubleKills': 1, 'tripleKills': 0, 'quadraKills': 0, 'pentaKills': 0, 'unrealKills': 0, 'totalDamageDealt': 173471, 'magicDamageDealt': 129681, 'physicalDamageDealt': 35472, 'trueDamageDealt': 8317, 'largestCriticalStrike': 0, 'totalDamageDealtToChampions': 22796, 'magicDamageDealtToChampions': 19668, 'physicalDamageDealtToChampions': 1510, 'trueDamageDealtToChampions': 1617, 'totalHeal': 12447, 'totalUnitsHealed': 1, 'damageSelfMitigated': 15089, 'damageDealtToObjectives': 30322, 'damageDealtToTurrets': 2093, 'visionScore': 74, 'timeCCingOthers': 28, 'totalDamageTaken': 30349, 'magicalDamageTaken': 15098, 'physicalDamageTaken': 14113, 'trueDamageTaken': 1136, 'goldEarned': 13910, 'goldSpent': 12975, 'turretKills': 2, 'inhibitorKills': 0, 'totalMinionsKilled': 41, 'neutralMinionsKilled': 136, 'neutralMinionsKilledTeamJungle': 94, 'neutralMinionsKilledEnemyJungle': 0, 'totalTimeCrowdControlDealt': 138, 'champLevel': 16, 'visionWardsBoughtInGame': 9, 'sightWardsBoughtInGame': 0, 'wardsPlaced': 25, 'wardsKilled': 13, 'firstBloodKill': False, 'firstBloodAssist': False, 'firstTowerKill': False, 'firstTowerAssist': False, 'firstInhibitorKill': False, 'firstInhibitorAssist': False, 'combatPlayerScore': 0, 'objectivePlayerScore': 0, 'totalPlayerScore': 0, 'totalScoreRank': 0, 'playerScore0': 0, 'playerScore1': 0, 'playerScore2': 0, 'playerScore3': 0, 'playerScore4': 0, 'playerScore5': 0, 'playerScore6': 0, 'playerScore7': 0, 'playerScore8': 0, 'playerScore9': 0, 'perk0': 8112, 'perk0Var1': 1059, 'perk0Var2': 0, 'perk0Var3': 0, 'perk1': 8126, 'perk1Var1': 622, 'perk1Var2': 0, 'perk1Var3': 0, 'perk2': 8136, 'perk2Var1': 18, 'perk2Var2': 30, 'perk2Var3': 0, 'perk3': 8105, 'perk3Var1': 15, 'perk3Var2': 5, 'perk3Var3': 0, 'perk4': 8275, 'perk4Var1': 20, 'perk4Var2': 0, 'perk4Var3': 0, 'perk5': 8232, 'perk5Var1': 7, 'perk5Var2': 10, 'perk5Var3': 0, 'perkPrimaryStyle': 8100, 'perkSubStyle': 8200, 'statPerk0': 5005, 'statPerk1': 5008, 'statPerk2': 5002}, 'timeline': {'participantId': 5, 'creepsPerMinDeltas': {'10-20': 1.2000000000000002, '0-10': 0.7, '30-end': 1.4, '20-30': 1.2}, 'xpPerMinDeltas': {'10-20': 453.1, '0-10': 296.8, '30-end': 282.4, '20-30': 444.7}, 'goldPerMinDeltas': {'10-20': 477.20000000000005, '0-10': 267.1, '30-end': 214, '20-30': 349.5}, 'csDiffPerMinDeltas': {'10-20': -0.5, '0-10': 0.6, '30-end': 1.2, '20-30': -0.3}, 'xpDiffPerMinDeltas': {'10-20': 36.80000000000001, '0-10': -55.400000000000006, '30-end': -305.20000000000005, '20-30': 27.69999999999999}, 'damageTakenPerMinDeltas': {'10-20': 488, '0-10': 382.6, '30-end': 1114.6, '20-30': 1058.5}, 'damageTakenDiffPerMinDeltas': {'10-20': -134.10000000000005, '0-10': -274.7, '30-end': -233.20000000000005, '20-30': -1359.5}, 'role': 'NONE', 'lane': 'JUNGLE'}}, {'participantId': 6, 'teamId': 200, 'championId': 62, 'spell1Id': 4, 'spell2Id': 12, 'stats': {'participantId': 6, 'win': False, 'item0': 3194, 'item1': 2421, 'item2': 3078, 'item3': 3075, 'item4': 3047, 'item5': 1057, 'item6': 3364, 'kills': 3, 'deaths': 8, 'assists': 14, 'largestKillingSpree': 3, 'largestMultiKill': 1, 'killingSprees': 1, 'longestTimeSpentLiving': 611, 'doubleKills': 0, 'tripleKills': 0, 'quadraKills': 0, 'pentaKills': 0, 'unrealKills': 0, 'totalDamageDealt': 149954, 'magicDamageDealt': 44628, 'physicalDamageDealt': 99384, 'trueDamageDealt': 5942, 'largestCriticalStrike': 23, 'totalDamageDealtToChampions': 14985, 'magicDamageDealtToChampions': 5052, 'physicalDamageDealtToChampions': 9932, 'trueDamageDealtToChampions': 0, 'totalHeal': 2117, 'totalUnitsHealed': 1, 'damageSelfMitigated': 37742, 'damageDealtToObjectives': 10996, 'damageDealtToTurrets': 4887, 'visionScore': 39, 'timeCCingOthers': 15, 'totalDamageTaken': 36254, 'magicalDamageTaken': 16777, 'physicalDamageTaken': 18054, 'trueDamageTaken': 1422, 'goldEarned': 13878, 'goldSpent': 13378, 'turretKills': 3, 'inhibitorKills': 1, 'totalMinionsKilled': 210, 'neutralMinionsKilled': 17, 'neutralMinionsKilledTeamJungle': 13, 'neutralMinionsKilledEnemyJungle': 4, 'totalTimeCrowdControlDealt': 147, 'champLevel': 17, 'visionWardsBoughtInGame': 11, 'sightWardsBoughtInGame': 0, 'wardsPlaced': 15, 'wardsKilled': 10, 'firstBloodKill': False, 'firstBloodAssist': False, 'firstTowerKill': False, 'firstTowerAssist': False, 'firstInhibitorKill': False, 'firstInhibitorAssist': False, 'combatPlayerScore': 0, 'objectivePlayerScore': 0, 'totalPlayerScore': 0, 'totalScoreRank': 0, 'playerScore0': 0, 'playerScore1': 0, 'playerScore2': 0, 'playerScore3': 0, 'playerScore4': 0, 'playerScore5': 0, 'playerScore6': 0, 'playerScore7': 0, 'playerScore8': 0, 'playerScore9': 0, 'perk0': 8010, 'perk0Var1': 1016, 'perk0Var2': 0, 'perk0Var3': 0, 'perk1': 9111, 'perk1Var1': 1300, 'perk1Var2': 340, 'perk1Var3': 0, 'perk2': 9104, 'perk2Var1': 20, 'perk2Var2': 40, 'perk2Var3': 0, 'perk3': 8299, 'perk3Var1': 454, 'perk3Var2': 0, 'perk3Var3': 0, 'perk4': 8345, 'perk4Var1': 3, 'perk4Var2': 0, 'perk4Var3': 0, 'perk5': 8347, 'perk5Var1': 0, 'perk5Var2': 0, 'perk5Var3': 0, 'perkPrimaryStyle': 8000, 'perkSubStyle': 8300, 'statPerk0': 5008, 'statPerk1': 5002, 'statPerk2': 5002}, 'timeline': {'participantId': 6, 'creepsPerMinDeltas': {'10-20': 6.699999999999999, '0-10': 5.800000000000001, '30-end': 4.4, '20-30': 5.4}, 'xpPerMinDeltas': {'10-20': 472.20000000000005, '0-10': 396.4, '30-end': 610.8, '20-30': 411.9}, 'goldPerMinDeltas': {'10-20': 334.4, '0-10': 233.8, '30-end': 530.2, '20-30': 329.7}, 'csDiffPerMinDeltas': {'10-20': -0.3999999999999999, '0-10': -2.1999999999999997, '30-end': -2.1999999999999993, '20-30': 0.30000000000000027}, 'xpDiffPerMinDeltas': {'10-20': 72.30000000000001, '0-10': -96.80000000000004, '30-end': 203.79999999999995, '20-30': -213.6}, 'damageTakenPerMinDeltas': {'10-20': 452.9, '0-10': 453.7, '30-end': 1217.8, '20-30': 1191.8000000000002}, 'damageTakenDiffPerMinDeltas': {'10-20': 179.29999999999998, '0-10': 167.9, '30-end': 513.5999999999999, '20-30': -168.39999999999998}, 'role': 'SOLO', 'lane': 'TOP'}}, {'participantId': 7, 'teamId': 200, 'championId': 2, 'spell1Id': 11, 'spell2Id': 4, 'stats': {'participantId': 7, 'win': False, 'item0': 1038, 'item1': 3053, 'item2': 3071, 'item3': 1400, 'item4': 3065, 'item5': 3047, 'item6': 3364, 'kills': 11, 'deaths': 5, 'assists': 12, 'largestKillingSpree': 6, 'largestMultiKill': 2, 'killingSprees': 2, 'longestTimeSpentLiving': 728, 'doubleKills': 1, 'tripleKills': 0, 'quadraKills': 0, 'pentaKills': 0, 'unrealKills': 0, 'totalDamageDealt': 214160, 'magicDamageDealt': 5216, 'physicalDamageDealt': 174344, 'trueDamageDealt': 34599, 'largestCriticalStrike': 0, 'totalDamageDealtToChampions': 27811, 'magicDamageDealtToChampions': 194, 'physicalDamageDealtToChampions': 17786, 'trueDamageDealtToChampions': 9830, 'totalHeal': 11777, 'totalUnitsHealed': 1, 'damageSelfMitigated': 51180, 'damageDealtToObjectives': 29142, 'damageDealtToTurrets': 550, 'visionScore': 41, 'timeCCingOthers': 19, 'totalDamageTaken': 59784, 'magicalDamageTaken': 17628, 'physicalDamageTaken': 38672, 'trueDamageTaken': 3483, 'goldEarned': 15541, 'goldSpent': 15850, 'turretKills': 0, 'inhibitorKills': 0, 'totalMinionsKilled': 40, 'neutralMinionsKilled': 170, 'neutralMinionsKilledTeamJungle': 95, 'neutralMinionsKilledEnemyJungle': 18, 'totalTimeCrowdControlDealt': 579, 'champLevel': 17, 'visionWardsBoughtInGame': 7, 'sightWardsBoughtInGame': 0, 'wardsPlaced': 8, 'wardsKilled': 14, 'firstBloodKill': False, 'firstBloodAssist': False, 'firstTowerKill': False, 'firstTowerAssist': False, 'firstInhibitorKill': False, 'firstInhibitorAssist': False, 'combatPlayerScore': 0, 'objectivePlayerScore': 0, 'totalPlayerScore': 0, 'totalScoreRank': 0, 'playerScore0': 0, 'playerScore1': 0, 'playerScore2': 0, 'playerScore3': 0, 'playerScore4': 0, 'playerScore5': 0, 'playerScore6': 0, 'playerScore7': 0, 'playerScore8': 0, 'playerScore9': 0, 'perk0': 8010, 'perk0Var1': 1279, 'perk0Var2': 0, 'perk0Var3': 0, 'perk1': 9111, 'perk1Var1': 2087, 'perk1Var2': 460, 'perk1Var3': 0, 'perk2': 9104, 'perk2Var1': 13, 'perk2Var2': 40, 'perk2Var3': 0, 'perk3': 8299, 'perk3Var1': 554, 'perk3Var2': 0, 'perk3Var3': 0, 'perk4': 8304, 'perk4Var1': 9, 'perk4Var2': 4, 'perk4Var3': 5, 'perk5': 8410, 'perk5Var1': 141, 'perk5Var2': 0, 'perk5Var3': 0, 'perkPrimaryStyle': 8000, 'perkSubStyle': 8300, 'statPerk0': 5008, 'statPerk1': 5008, 'statPerk2': 5003}, 'timeline': {'participantId': 7, 'creepsPerMinDeltas': {'10-20': 1.7000000000000002, '0-10': 0.1, '30-end': 0.2, '20-30': 1.5}, 'xpPerMinDeltas': {'10-20': 416.3, '0-10': 352.20000000000005, '30-end': 587.6, '20-30': 417}, 'goldPerMinDeltas': {'10-20': 447, '0-10': 345.8, '30-end': 392.6, '20-30': 381.3}, 'csDiffPerMinDeltas': {'10-20': 0.5, '0-10': -0.6, '30-end': -1.2, '20-30': 0.3}, 'xpDiffPerMinDeltas': {'10-20': -36.80000000000001, '0-10': 55.400000000000006, '30-end': 305.20000000000005, '20-30': -27.69999999999999}, 'damageTakenPerMinDeltas': {'10-20': 622.1, '0-10': 657.3, '30-end': 1347.8, '20-30': 2418}, 'damageTakenDiffPerMinDeltas': {'10-20': 134.10000000000005, '0-10': 274.7, '30-end': 233.20000000000005, '20-30': 1359.5}, 'role': 'NONE', 'lane': 'JUNGLE'}}, {'participantId': 8, 'teamId': 200, 'championId': 517, 'spell1Id': 12, 'spell2Id': 4, 'stats': {'participantId': 8, 'win': False, 'item0': 3152, 'item1': 3157, 'item2': 3089, 'item3': 3111, 'item4': 1052, 'item5': 3100, 'item6': 3340, 'kills': 8, 'deaths': 3, 'assists': 12, 'largestKillingSpree': 6, 'largestMultiKill': 2, 'killingSprees': 1, 'longestTimeSpentLiving': 1246, 'doubleKills': 1, 'tripleKills': 0, 'quadraKills': 0, 'pentaKills': 0, 'unrealKills': 0, 'totalDamageDealt': 225848, 'magicDamageDealt': 200719, 'physicalDamageDealt': 19578, 'trueDamageDealt': 5551, 'largestCriticalStrike': 0, 'totalDamageDealtToChampions': 30716, 'magicDamageDealtToChampions': 24646, 'physicalDamageDealtToChampions': 5956, 'trueDamageDealtToChampions': 114, 'totalHeal': 15409, 'totalUnitsHealed': 1, 'damageSelfMitigated': 34351, 'damageDealtToObjectives': 17239, 'damageDealtToTurrets': 8736, 'visionScore': 37, 'timeCCingOthers': 22, 'totalDamageTaken': 44760, 'magicalDamageTaken': 15956, 'physicalDamageTaken': 26272, 'trueDamageTaken': 2531, 'goldEarned': 15756, 'goldSpent': 15535, 'turretKills': 3, 'inhibitorKills': 0, 'totalMinionsKilled': 257, 'neutralMinionsKilled': 24, 'neutralMinionsKilledTeamJungle': 13, 'neutralMinionsKilledEnemyJungle': 0, 'totalTimeCrowdControlDealt': 583, 'champLevel': 18, 'visionWardsBoughtInGame': 9, 'sightWardsBoughtInGame': 0, 'wardsPlaced': 22, 'wardsKilled': 5, 'firstBloodKill': False, 'firstBloodAssist': False, 'firstTowerKill': False, 'firstTowerAssist': False, 'firstInhibitorKill': False, 'firstInhibitorAssist': False, 'combatPlayerScore': 0, 'objectivePlayerScore': 0, 'totalPlayerScore': 0, 'totalScoreRank': 0, 'playerScore0': 0, 'playerScore1': 0, 'playerScore2': 0, 'playerScore3': 0, 'playerScore4': 0, 'playerScore5': 0, 'playerScore6': 0, 'playerScore7': 0, 'playerScore8': 0, 'playerScore9': 0, 'perk0': 8010, 'perk0Var1': 1942, 'perk0Var2': 0, 'perk0Var3': 0, 'perk1': 8009, 'perk1Var1': 5241, 'perk1Var2': 500, 'perk1Var3': 0, 'perk2': 9105, 'perk2Var1': 19, 'perk2Var2': 0, 'perk2Var3': 0, 'perk3': 8299, 'perk3Var1': 1178, 'perk3Var2': 0, 'perk3Var3': 0, 'perk4': 8345, 'perk4Var1': 3, 'perk4Var2': 0, 'perk4Var3': 0, 'perk5': 8352, 'perk5Var1': 482, 'perk5Var2': 2596, 'perk5Var3': 1714, 'perkPrimaryStyle': 8000, 'perkSubStyle': 8300, 'statPerk0': 5007, 'statPerk1': 5008, 'statPerk2': 5003}, 'timeline': {'participantId': 8, 'creepsPerMinDeltas': {'10-20': 8.399999999999999, '0-10': 7, '30-end': 10.4, '20-30': 2.7}, 'xpPerMinDeltas': {'10-20': 491, '0-10': 450.6, '30-end': 1086.4, '20-30': 407.59999999999997}, 'goldPerMinDeltas': {'10-20': 399.5, '0-10': 239.20000000000002, '30-end': 680.8, '20-30': 319}, 'csDiffPerMinDeltas': {'10-20': -0.8000000000000007, '0-10': -1.4999999999999996, '30-end': 5, '20-30': -1.5000000000000002}, 'xpDiffPerMinDeltas': {'10-20': -27.69999999999999, '0-10': -47.50000000000003, '30-end': 788.0000000000001, '20-30': -93.20000000000005}, 'damageTakenPerMinDeltas': {'10-20': 800, '0-10': 326.5, '30-end': 1950.2, '20-30': 1493.8000000000002}, 'damageTakenDiffPerMinDeltas': {'10-20': 377.80000000000007, '0-10': 137.3, '30-end': 616.4000000000001, '20-30': 185.20000000000016}, 'role': 'SOLO', 'lane': 'MIDDLE'}}, {'participantId': 9, 'teamId': 200, 'championId': 142, 'spell1Id': 14, 'spell2Id': 4, 'stats': {'participantId': 9, 'win': False, 'item0': 3165, 'item1': 3020, 'item2': 3285, 'item3': 3102, 'item4': 3041, 'item5': 3089, 'item6': 3364, 'kills': 15, 'deaths': 8, 'assists': 11, 'largestKillingSpree': 8, 'largestMultiKill': 2, 'killingSprees': 3, 'longestTimeSpentLiving': 657, 'doubleKills': 2, 'tripleKills': 0, 'quadraKills': 0, 'pentaKills': 0, 'unrealKills': 0, 'totalDamageDealt': 235261, 'magicDamageDealt': 209840, 'physicalDamageDealt': 16633, 'trueDamageDealt': 8787, 'largestCriticalStrike': 0, 'totalDamageDealtToChampions': 34927, 'magicDamageDealtToChampions': 29381, 'physicalDamageDealtToChampions': 1654, 'trueDamageDealtToChampions': 3891, 'totalHeal': 6772, 'totalUnitsHealed': 3, 'damageSelfMitigated': 10789, 'damageDealtToObjectives': 4303, 'damageDealtToTurrets': 1093, 'visionScore': 29, 'timeCCingOthers': 28, 'totalDamageTaken': 23861, 'magicalDamageTaken': 6694, 'physicalDamageTaken': 15285, 'trueDamageTaken': 1881, 'goldEarned': 18084, 'goldSpent': 18185, 'turretKills': 0, 'inhibitorKills': 0, 'totalMinionsKilled': 250, 'neutralMinionsKilled': 14, 'neutralMinionsKilledTeamJungle': 12, 'neutralMinionsKilledEnemyJungle': 1, 'totalTimeCrowdControlDealt': 176, 'champLevel': 17, 'visionWardsBoughtInGame': 6, 'sightWardsBoughtInGame': 0, 'wardsPlaced': 10, 'wardsKilled': 7, 'firstBloodKill': False, 'firstBloodAssist': False, 'firstTowerKill': False, 'firstTowerAssist': False, 'firstInhibitorKill': False, 'firstInhibitorAssist': False, 'combatPlayerScore': 0, 'objectivePlayerScore': 0, 'totalPlayerScore': 0, 'totalScoreRank': 0, 'playerScore0': 0, 'playerScore1': 0, 'playerScore2': 0, 'playerScore3': 0, 'playerScore4': 0, 'playerScore5': 0, 'playerScore6': 0, 'playerScore7': 0, 'playerScore8': 0, 'playerScore9': 0, 'perk0': 8112, 'perk0Var1': 1827, 'perk0Var2': 0, 'perk0Var3': 0, 'perk1': 8139, 'perk1Var1': 1341, 'perk1Var2': 0, 'perk1Var3': 0, 'perk2': 8138, 'perk2Var1': 30, 'perk2Var2': 0, 'perk2Var3': 0, 'perk3': 8135, 'perk3Var1': 4244, 'perk3Var2': 5, 'perk3Var3': 0, 'perk4': 8345, 'perk4Var1': 3, 'perk4Var2': 0, 'perk4Var3': 0, 'perk5': 8352, 'perk5Var1': 176, 'perk5Var2': 589, 'perk5Var3': 579, 'perkPrimaryStyle': 8100, 'perkSubStyle': 8300, 'statPerk0': 5008, 'statPerk1': 5008, 'statPerk2': 5002}, 'timeline': {'participantId': 9, 'creepsPerMinDeltas': {'10-20': 8.7, '0-10': 4.699999999999999, '30-end': 5.4, '20-30': 6.4}, 'xpPerMinDeltas': {'10-20': 516, '0-10': 277, '30-end': 654.8, '20-30': 554.5}, 'goldPerMinDeltas': {'10-20': 435.1, '0-10': 241.8, '30-end': 542.8, '20-30': 677.3}, 'csDiffPerMinDeltas': {'10-20': 0.44999999999999996, '0-10': -1.0000000000000002, '30-end': 0.20000000000000018, '20-30': 1.3499999999999999}, 'xpDiffPerMinDeltas': {'10-20': 120.60000000000001, '0-10': 7.649999999999977, '30-end': 254.39999999999998, '20-30': 99.14999999999998}, 'damageTakenPerMinDeltas': {'10-20': 452, '0-10': 340.29999999999995, '30-end': 318.2, '20-30': 913.6999999999999}, 'damageTakenDiffPerMinDeltas': {'10-20': -391.9, '0-10': -155.8, '30-end': -806.8, '20-30': -561.85}, 'role': 'DUO_CARRY', 'lane': 'BOTTOM'}}, {'participantId': 10, 'teamId': 200, 'championId': 350, 'spell1Id': 3, 'spell2Id': 7, 'stats': {'participantId': 10, 'win': False, 'item0': 3107, 'item1': 3860, 'item2': 1058, 'item3': 3041, 'item4': 3174, 'item5': 3504, 'item6': 3364, 'kills': 3, 'deaths': 3, 'assists': 34, 'largestKillingSpree': 0, 'largestMultiKill': 1, 'killingSprees': 0, 'longestTimeSpentLiving': 664, 'doubleKills': 0, 'tripleKills': 0, 'quadraKills': 0, 'pentaKills': 0, 'unrealKills': 0, 'totalDamageDealt': 45127, 'magicDamageDealt': 35590, 'physicalDamageDealt': 3602, 'trueDamageDealt': 5934, 'largestCriticalStrike': 0, 'totalDamageDealtToChampions': 23097, 'magicDamageDealtToChampions': 21137, 'physicalDamageDealtToChampions': 819, 'trueDamageDealtToChampions': 1140, 'totalHeal': 50356, 'totalUnitsHealed': 6, 'damageSelfMitigated': 3663, 'damageDealtToObjectives': 2461, 'damageDealtToTurrets': 1681, 'visionScore': 91, 'timeCCingOthers': 34, 'totalDamageTaken': 5891, 'magicalDamageTaken': 2346, 'physicalDamageTaken': 2770, 'trueDamageTaken': 773, 'goldEarned': 11337, 'goldSpent': 10962, 'turretKills': 0, 'inhibitorKills': 0, 'totalMinionsKilled': 37, 'neutralMinionsKilled': 2, 'neutralMinionsKilledTeamJungle': 2, 'neutralMinionsKilledEnemyJungle': 0, 'totalTimeCrowdControlDealt': 73, 'champLevel': 16, 'visionWardsBoughtInGame': 12, 'sightWardsBoughtInGame': 0, 'wardsPlaced': 45, 'wardsKilled': 7, 'firstBloodKill': False, 'firstBloodAssist': False, 'firstTowerKill': False, 'firstTowerAssist': False, 'firstInhibitorKill': False, 'firstInhibitorAssist': False, 'combatPlayerScore': 0, 'objectivePlayerScore': 0, 'totalPlayerScore': 0, 'totalScoreRank': 0, 'playerScore0': 0, 'playerScore1': 0, 'playerScore2': 0, 'playerScore3': 0, 'playerScore4': 0, 'playerScore5': 0, 'playerScore6': 0, 'playerScore7': 0, 'playerScore8': 0, 'playerScore9': 0, 'perk0': 8229, 'perk0Var1': 2489, 'perk0Var2': 0, 'perk0Var3': 0, 'perk1': 8226, 'perk1Var1': 250, 'perk1Var2': 1637, 'perk1Var3': 0, 'perk2': 8210, 'perk2Var1': 0, 'perk2Var2': 0, 'perk2Var3': 0, 'perk3': 8237, 'perk3Var1': 828, 'perk3Var2': 0, 'perk3Var3': 0, 'perk4': 8009, 'perk4Var1': 10565, 'perk4Var2': 500, 'perk4Var3': 0, 'perk5': 8017, 'perk5Var1': 1745, 'perk5Var2': 0, 'perk5Var3': 0, 'perkPrimaryStyle': 8200, 'perkSubStyle': 8000, 'statPerk0': 5008, 'statPerk1': 5008, 'statPerk2': 5002}, 'timeline': {'participantId': 10, 'creepsPerMinDeltas': {'10-20': 1.1, '0-10': 1.8, '30-end': 0, '20-30': 0.4}, 'xpPerMinDeltas': {'10-20': 276, '0-10': 313.4, '30-end': 590.8, '20-30': 550.2}, 'goldPerMinDeltas': {'10-20': 266.6, '0-10': 248.20000000000002, '30-end': 333.8, '20-30': 262.1}, 'csDiffPerMinDeltas': {'10-20': 0.44999999999999996, '0-10': -1.0000000000000002, '30-end': 0.20000000000000018, '20-30': 1.3499999999999999}, 'xpDiffPerMinDeltas': {'10-20': 120.60000000000001, '0-10': 7.649999999999977, '30-end': 254.39999999999998, '20-30': 99.14999999999998}, 'damageTakenPerMinDeltas': {'10-20': 130.7, '0-10': 117.4, '30-end': 205.8, '20-30': 238.10000000000002}, 'damageTakenDiffPerMinDeltas': {'10-20': -391.9, '0-10': -155.8, '30-end': -806.8, '20-30': -561.85}, 'role': 'DUO_SUPPORT', 'lane': 'BOTTOM'}}]",KR,420.0,13.0,,
5,1584970057084.0,1567.0,4241394461.0,CLASSIC,MATCHED_GAME,10.6.313.8894,11.0,"[{'participantId': 1, 'player': {'platformId': 'KR', 'accountId': 'IIWG7FRiqE8CuZaCslKkNxkglwpgnePPxDslb2tv66FKrgo', 'summonerName': 'Youtube Thal', 'summonerId': '8Cx100isJ6RMMeOmUX_-Wg0CESabVTYk-e8P8Ijj3zuIiB4', 'currentPlatformId': 'KR', 'currentAccountId': 'IIWG7FRiqE8CuZaCslKkNxkglwpgnePPxDslb2tv66FKrgo', 'matchHistoryUri': '/v1/stats/player_history/KR/201236882', 'profileIcon': 4090}}, {'participantId': 2, 'player': {'platformId': 'KR', 'accountId': 'W5QWj6ej2VQgu1UunwFuGcNgBBz_io7T01Gg-ClYiVLS', 'summonerName': '213321123', 'summonerId': 'umFfeIr7pGqTVyD_z14fjaSIsw_7Y1VUm9NypE3ePUUkm5E', 'currentPlatformId': 'KR', 'currentAccountId': 'W5QWj6ej2VQgu1UunwFuGcNgBBz_io7T01Gg-ClYiVLS', 'matchHistoryUri': '/v1/stats/player_history/KR/7820965', 'profileIcon': 4492}}, {'participantId': 3, 'player': {'platformId': 'KR', 'accountId': 'OAYQbYy6CFOjKlYpBZPJHS-JQbq36dS2tqo3rVrV0JI', 'summonerName': 'Mizuhara Chizuru', 'summonerId': '1rDObHmXbDrm8u3auYYXHEFMzliMmuTsmevApVZgJsPCNw', 'currentPlatformId': 'KR', 'currentAccountId': 'OAYQbYy6CFOjKlYpBZPJHS-JQbq36dS2tqo3rVrV0JI', 'matchHistoryUri': '/v1/stats/player_history/KR/767204', 'profileIcon': 4491}}, {'participantId': 4, 'player': {'platformId': 'KR', 'accountId': 'MSos0aN4VXVqHX_p0q0RXVeNPkwSImC1ORuDdtsZkSLe4fQ7tB4pv_to', 'summonerName': '막내현진 구독', 'summonerId': 'xeC1wacIR-zudxvq-FxAqHi3AqUffUH_1XOx6rMA6yfKVzI', 'currentPlatformId': 'KR', 'currentAccountId': 'MSos0aN4VXVqHX_p0q0RXVeNPkwSImC1ORuDdtsZkSLe4fQ7tB4pv_to', 'matchHistoryUri': '/v1/stats/player_history/KR/2045138107158496', 'profileIcon': 4418}}, {'participantId': 5, 'player': {'platformId': 'KR', 'accountId': '0LqekDOPPRrvGhqwtL_pA4vgqsB8d8kFzk9Z_-32SmR23x4', 'summonerName': '트위치 아라드', 'summonerId': '9ZBFiAifgeAXflE65MgXvVHYpn9uXfQRLRr0MDTv3vpF4VQ', 'currentPlatformId': 'KR', 'currentAccountId': '0LqekDOPPRrvGhqwtL_pA4vgqsB8d8kFzk9Z_-32SmR23x4', 'matchHistoryUri': '/v1/stats/player_history/KR/200605635', 'profileIcon': 939}}, {'participantId': 6, 'player': {'platformId': 'KR', 'accountId': 'LhCH2yaixm5FZ6dHybuexqHNckeV0RQh4-W3pB8vJP2_', 'summonerName': '쪼렙이다말로하자', 'summonerId': 'YTMZt7CQ7cHXiADp1ZtI1GjNHdAE_HQbbSxxq_gllWinqQ', 'currentPlatformId': 'KR', 'currentAccountId': 'LhCH2yaixm5FZ6dHybuexqHNckeV0RQh4-W3pB8vJP2_', 'matchHistoryUri': '/v1/stats/player_history/KR/2725181', 'profileIcon': 3019}}, {'participantId': 7, 'player': {'platformId': 'KR', 'accountId': 'C5kaawNjDdMLodFtogGCPSkSKElEs39imb80iTvjfWWfy9k', 'summonerName': '불질러', 'summonerId': 'exNXyACl33qZjrQ5F9jsvojM3AHK8BhYFGmOtdCPM3IDBG4', 'currentPlatformId': 'KR', 'currentAccountId': 'C5kaawNjDdMLodFtogGCPSkSKElEs39imb80iTvjfWWfy9k', 'matchHistoryUri': '/v1/stats/player_history/KR/207078123', 'profileIcon': 1458}}, {'participantId': 8, 'player': {'platformId': 'KR', 'accountId': 'xGk6hmYH1xpSIg8dPG7yIx82He4dL_GLkHFN1kVl6MCmjWA', 'summonerName': 'SANDBOX Natalie', 'summonerId': '9OXFlX_ickISgaXZpFabTA_d6K9wyrwZ3C4uCDuazac-et4', 'currentPlatformId': 'KR', 'currentAccountId': 'xGk6hmYH1xpSIg8dPG7yIx82He4dL_GLkHFN1kVl6MCmjWA', 'matchHistoryUri': '/v1/stats/player_history/KR/208917246', 'profileIcon': 3788}}, {'participantId': 9, 'player': {'platformId': 'KR', 'accountId': 'laVp9S-sMWhsLTd5Rl0rdUtRP8tNaEV0ph2bhwzIF2ZFmlVS-WGjlCCw', 'summonerName': '죽이지 마라1', 'summonerId': 'wAx8YND0e4p0prS2pBdSIiSt7S6E2DltenDV3JQHJd_SY90', 'currentPlatformId': 'KR', 'currentAccountId': 'laVp9S-sMWhsLTd5Rl0rdUtRP8tNaEV0ph2bhwzIF2ZFmlVS-WGjlCCw', 'matchHistoryUri': '/v1/stats/player_history/KR/2309152638176608', 'profileIcon': 6}}, {'participantId': 10, 'player': {'platformId': 'KR', 'accountId': 'DotaUIWsBXIuo0gdcYWikps5-nvtz6M0qq_MiLvQKU9n85U-Nojyr6z3', 'summonerName': 'jymmlbzj', 'summonerId': 'aTYFTWJnhaPUKlXVpFBL6GIFzd7mKKxLgEQPMJjpkPmF3Fs', 'currentPlatformId': 'KR', 'currentAccountId': 'DotaUIWsBXIuo0gdcYWikps5-nvtz6M0qq_MiLvQKU9n85U-Nojyr6z3', 'matchHistoryUri': '/v1/stats/player_history/KR/2372727291161856', 'profileIcon': 7}}]","[{'participantId': 1, 'teamId': 100, 'championId': 83, 'spell1Id': 4, 'spell2Id': 12, 'stats': {'participantId': 1, 'win': True, 'item0': 1054, 'item1': 3078, 'item2': 3047, 'item3': 3123, 'item4': 3053, 'item5': 3211, 'item6': 3363, 'kills': 4, 'deaths': 1, 'assists': 6, 'largestKillingSpree': 2, 'largestMultiKill': 2, 'killingSprees': 2, 'longestTimeSpentLiving': 1059, 'doubleKills': 1, 'tripleKills': 0, 'quadraKills': 0, 'pentaKills': 0, 'unrealKills': 0, 'totalDamageDealt': 147798, 'magicDamageDealt': 28045, 'physicalDamageDealt': 119732, 'trueDamageDealt': 19, 'largestCriticalStrike': 0, 'totalDamageDealtToChampions': 11866, 'magicDamageDealtToChampions': 3632, 'physicalDamageDealtToChampions': 8234, 'trueDamageDealtToChampions': 0, 'totalHeal': 4767, 'totalUnitsHealed': 1, 'damageSelfMitigated': 18846, 'damageDealtToObjectives': 20141, 'damageDealtToTurrets': 12245, 'visionScore': 29, 'timeCCingOthers': 5, 'totalDamageTaken': 18766, 'magicalDamageTaken': 3887, 'physicalDamageTaken': 14734, 'trueDamageTaken': 144, 'goldEarned': 12176, 'goldSpent': 11483, 'turretKills': 5, 'inhibitorKills': 0, 'totalMinionsKilled': 187, 'neutralMinionsKilled': 19, 'neutralMinionsKilledTeamJungle': 10, 'neutralMinionsKilledEnemyJungle': 4, 'totalTimeCrowdControlDealt': 105, 'champLevel': 15, 'visionWardsBoughtInGame': 4, 'sightWardsBoughtInGame': 0, 'wardsPlaced': 10, 'wardsKilled': 4, 'firstBloodKill': False, 'firstBloodAssist': False, 'firstTowerKill': False, 'firstTowerAssist': True, 'firstInhibitorKill': False, 'firstInhibitorAssist': True, 'combatPlayerScore': 0, 'objectivePlayerScore': 0, 'totalPlayerScore': 0, 'totalScoreRank': 0, 'playerScore0': 0, 'playerScore1': 0, 'playerScore2': 0, 'playerScore3': 0, 'playerScore4': 0, 'playerScore5': 0, 'playerScore6': 0, 'playerScore7': 0, 'playerScore8': 0, 'playerScore9': 0, 'perk0': 8437, 'perk0Var1': 384, 'perk0Var2': 275, 'perk0Var3': 0, 'perk1': 8446, 'perk1Var1': 2033, 'perk1Var2': 0, 'perk1Var3': 0, 'perk2': 8444, 'perk2Var1': 883, 'perk2Var2': 0, 'perk2Var3': 0, 'perk3': 8451, 'perk3Var1': 219, 'perk3Var2': 0, 'perk3Var3': 0, 'perk4': 9101, 'perk4Var1': 2169, 'perk4Var2': 2417, 'perk4Var3': 0, 'perk5': 9103, 'perk5Var1': 25, 'perk5Var2': 20, 'perk5Var3': 0, 'perkPrimaryStyle': 8400, 'perkSubStyle': 8000, 'statPerk0': 5008, 'statPerk1': 5002, 'statPerk2': 5002}, 'timeline': {'participantId': 1, 'creepsPerMinDeltas': {'10-20': 7.8, '0-10': 6.1}, 'xpPerMinDeltas': {'10-20': 523.9, '0-10': 425.9}, 'goldPerMinDeltas': {'10-20': 544.0999999999999, '0-10': 302.3}, 'csDiffPerMinDeltas': {'10-20': -0.10000000000000009, '0-10': -2.1}, 'xpDiffPerMinDeltas': {'10-20': 40.99999999999997, '0-10': -12.799999999999983}, 'damageTakenPerMinDeltas': {'10-20': 624.7, '0-10': 477.2}, 'damageTakenDiffPerMinDeltas': {'10-20': 13.700000000000045, '0-10': 105.29999999999998}, 'role': 'SOLO', 'lane': 'TOP'}}, {'participantId': 2, 'teamId': 100, 'championId': 517, 'spell1Id': 4, 'spell2Id': 11, 'stats': {'participantId': 2, 'win': True, 'item0': 3152, 'item1': 3157, 'item2': 1402, 'item3': 3158, 'item4': 0, 'item5': 1033, 'item6': 3364, 'kills': 7, 'deaths': 3, 'assists': 8, 'largestKillingSpree': 3, 'largestMultiKill': 2, 'killingSprees': 2, 'longestTimeSpentLiving': 578, 'doubleKills': 1, 'tripleKills': 0, 'quadraKills': 0, 'pentaKills': 0, 'unrealKills': 0, 'totalDamageDealt': 141911, 'magicDamageDealt': 115078, 'physicalDamageDealt': 17145, 'trueDamageDealt': 9687, 'largestCriticalStrike': 0, 'totalDamageDealtToChampions': 19884, 'magicDamageDealtToChampions': 18136, 'physicalDamageDealtToChampions': 775, 'trueDamageDealtToChampions': 972, 'totalHeal': 18966, 'totalUnitsHealed': 1, 'damageSelfMitigated': 15187, 'damageDealtToObjectives': 16409, 'damageDealtToTurrets': 2334, 'visionScore': 31, 'timeCCingOthers': 27, 'totalDamageTaken': 31685, 'magicalDamageTaken': 11085, 'physicalDamageTaken': 19329, 'trueDamageTaken': 1270, 'goldEarned': 11015, 'goldSpent': 9625, 'turretKills': 1, 'inhibitorKills': 1, 'totalMinionsKilled': 26, 'neutralMinionsKilled': 125, 'neutralMinionsKilledTeamJungle': 74, 'neutralMinionsKilledEnemyJungle': 13, 'totalTimeCrowdControlDealt': 368, 'champLevel': 14, 'visionWardsBoughtInGame': 3, 'sightWardsBoughtInGame': 0, 'wardsPlaced': 9, 'wardsKilled': 3, 'firstBloodKill': False, 'firstBloodAssist': False, 'firstTowerKill': True, 'firstTowerAssist': False, 'firstInhibitorKill': True, 'firstInhibitorAssist': False, 'combatPlayerScore': 0, 'objectivePlayerScore': 0, 'totalPlayerScore': 0, 'totalScoreRank': 0, 'playerScore0': 0, 'playerScore1': 0, 'playerScore2': 0, 'playerScore3': 0, 'playerScore4': 0, 'playerScore5': 0, 'playerScore6': 0, 'playerScore7': 0, 'playerScore8': 0, 'playerScore9': 0, 'perk0': 8010, 'perk0Var1': 1465, 'perk0Var2': 0, 'perk0Var3': 0, 'perk1': 8009, 'perk1Var1': 2406, 'perk1Var2': 500, 'perk1Var3': 0, 'perk2': 9105, 'perk2Var1': 12, 'perk2Var2': 40, 'perk2Var3': 0, 'perk3': 8299, 'perk3Var1': 504, 'perk3Var2': 0, 'perk3Var3': 0, 'perk4': 8143, 'perk4Var1': 690, 'perk4Var2': 0, 'perk4Var3': 0, 'perk5': 8135, 'perk5Var1': 6335, 'perk5Var2': 5, 'perk5Var3': 0, 'perkPrimaryStyle': 8000, 'perkSubStyle': 8100, 'statPerk0': 5008, 'statPerk1': 5008, 'statPerk2': 5002}, 'timeline': {'participantId': 2, 'creepsPerMinDeltas': {'10-20': 0.7, '0-10': 0.5}, 'xpPerMinDeltas': {'10-20': 531.2, '0-10': 309.2}, 'goldPerMinDeltas': {'10-20': 467.79999999999995, '0-10': 335.29999999999995}, 'damageTakenPerMinDeltas': {'10-20': 1779, '0-10': 776.8}, 'role': 'NONE', 'lane': 'JUNGLE'}}, {'participantId': 3, 'teamId': 100, 'championId': 18, 'spell1Id': 4, 'spell2Id': 1, 'stats': {'participantId': 3, 'win': True, 'item0': 3153, 'item1': 1038, 'item2': 2015, 'item3': 3006, 'item4': 3123, 'item5': 1055, 'item6': 3363, 'kills': 4, 'deaths': 4, 'assists': 5, 'largestKillingSpree': 3, 'largestMultiKill': 1, 'killingSprees': 1, 'longestTimeSpentLiving': 327, 'doubleKills': 0, 'tripleKills': 0, 'quadraKills': 0, 'pentaKills': 0, 'unrealKills': 0, 'totalDamageDealt': 97320, 'magicDamageDealt': 17810, 'physicalDamageDealt': 68604, 'trueDamageDealt': 10905, 'largestCriticalStrike': 0, 'totalDamageDealtToChampions': 9778, 'magicDamageDealtToChampions': 2143, 'physicalDamageDealtToChampions': 7634, 'trueDamageDealtToChampions': 0, 'totalHeal': 1746, 'totalUnitsHealed': 1, 'damageSelfMitigated': 5002, 'damageDealtToObjectives': 4537, 'damageDealtToTurrets': 4366, 'visionScore': 35, 'timeCCingOthers': 3, 'totalDamageTaken': 13785, 'magicalDamageTaken': 4756, 'physicalDamageTaken': 8640, 'trueDamageTaken': 388, 'goldEarned': 8772, 'goldSpent': 7875, 'turretKills': 0, 'inhibitorKills': 0, 'totalMinionsKilled': 151, 'neutralMinionsKilled': 0, 'neutralMinionsKilledTeamJungle': 0, 'neutralMinionsKilledEnemyJungle': 0, 'totalTimeCrowdControlDealt': 23, 'champLevel': 13, 'visionWardsBoughtInGame': 1, 'sightWardsBoughtInGame': 0, 'wardsPlaced': 8, 'wardsKilled': 7, 'firstBloodKill': False, 'firstBloodAssist': False, 'firstTowerKill': False, 'firstTowerAssist': False, 'firstInhibitorKill': False, 'firstInhibitorAssist': True, 'combatPlayerScore': 0, 'objectivePlayerScore': 0, 'totalPlayerScore': 0, 'totalScoreRank': 0, 'playerScore0': 0, 'playerScore1': 0, 'playerScore2': 0, 'playerScore3': 0, 'playerScore4': 0, 'playerScore5': 0, 'playerScore6': 0, 'playerScore7': 0, 'playerScore8': 0, 'playerScore9': 0, 'perk0': 9923, 'perk0Var1': 48, 'perk0Var2': 84, 'perk0Var3': 0, 'perk1': 8139, 'perk1Var1': 531, 'perk1Var2': 0, 'perk1Var3': 0, 'perk2': 8138, 'perk2Var1': 10, 'perk2Var2': 0, 'perk2Var3': 0, 'perk3': 8105, 'perk3Var1': 16, 'perk3Var2': 5, 'perk3Var3': 0, 'perk4': 8275, 'perk4Var1': 4, 'perk4Var2': 0, 'perk4Var3': 0, 'perk5': 8236, 'perk5Var1': 14, 'perk5Var2': 0, 'perk5Var3': 0, 'perkPrimaryStyle': 8100, 'perkSubStyle': 8200, 'statPerk0': 5005, 'statPerk1': 5008, 'statPerk2': 5003}, 'timeline': {'participantId': 3, 'creepsPerMinDeltas': {'10-20': 6.8999999999999995, '0-10': 6.3}, 'xpPerMinDeltas': {'10-20': 472.9, '0-10': 350.3}, 'goldPerMinDeltas': {'10-20': 396.4, '0-10': 241.3}, 'csDiffPerMinDeltas': {'10-20': 0.2999999999999994, '0-10': -0.40000000000000036}, 'xpDiffPerMinDeltas': {'10-20': 43.099999999999966, '0-10': -101.1}, 'damageTakenPerMinDeltas': {'10-20': 591.7, '0-10': 420.20000000000005}, 'damageTakenDiffPerMinDeltas': {'10-20': -176.90000000000003, '0-10': 0}, 'role': 'SOLO', 'lane': 'MIDDLE'}}, {'participantId': 4, 'teamId': 100, 'championId': 44, 'spell1Id': 4, 'spell2Id': 14, 'stats': {'participantId': 4, 'win': True, 'item0': 3860, 'item1': 3107, 'item2': 0, 'item3': 3050, 'item4': 3009, 'item5': 3067, 'item6': 3364, 'kills': 3, 'deaths': 4, 'assists': 18, 'largestKillingSpree': 2, 'largestMultiKill': 2, 'killingSprees': 1, 'longestTimeSpentLiving': 808, 'doubleKills': 1, 'tripleKills': 0, 'quadraKills': 0, 'pentaKills': 0, 'unrealKills': 0, 'totalDamageDealt': 28940, 'magicDamageDealt': 13289, 'physicalDamageDealt': 8978, 'trueDamageDealt': 6672, 'largestCriticalStrike': 0, 'totalDamageDealtToChampions': 4839, 'magicDamageDealtToChampions': 2506, 'physicalDamageDealtToChampions': 1148, 'trueDamageDealtToChampions': 1184, 'totalHeal': 11085, 'totalUnitsHealed': 7, 'damageSelfMitigated': 13588, 'damageDealtToObjectives': 1049, 'damageDealtToTurrets': 1049, 'visionScore': 51, 'timeCCingOthers': 15, 'totalDamageTaken': 12599, 'magicalDamageTaken': 4690, 'physicalDamageTaken': 7666, 'trueDamageTaken': 242, 'goldEarned': 8532, 'goldSpent': 7600, 'turretKills': 0, 'inhibitorKills': 0, 'totalMinionsKilled': 40, 'neutralMinionsKilled': 0, 'neutralMinionsKilledTeamJungle': 0, 'neutralMinionsKilledEnemyJungle': 0, 'totalTimeCrowdControlDealt': 58, 'champLevel': 12, 'visionWardsBoughtInGame': 10, 'sightWardsBoughtInGame': 0, 'wardsPlaced': 27, 'wardsKilled': 4, 'firstBloodKill': True, 'firstBloodAssist': False, 'firstTowerKill': False, 'firstTowerAssist': False, 'firstInhibitorKill': False, 'firstInhibitorAssist': True, 'combatPlayerScore': 0, 'objectivePlayerScore': 0, 'totalPlayerScore': 0, 'totalScoreRank': 0, 'playerScore0': 0, 'playerScore1': 0, 'playerScore2': 0, 'playerScore3': 0, 'playerScore4': 0, 'playerScore5': 0, 'playerScore6': 0, 'playerScore7': 0, 'playerScore8': 0, 'playerScore9': 0, 'perk0': 8465, 'perk0Var1': 2660, 'perk0Var2': 0, 'perk0Var3': 0, 'perk1': 8463, 'perk1Var1': 584, 'perk1Var2': 0, 'perk1Var3': 0, 'perk2': 8473, 'perk2Var1': 329, 'perk2Var2': 0, 'perk2Var3': 0, 'perk3': 8453, 'perk3Var1': 1036, 'perk3Var2': 612, 'perk3Var3': 0, 'perk4': 9105, 'perk4Var1': 9, 'perk4Var2': 30, 'perk4Var3': 0, 'perk5': 8009, 'perk5Var1': 3476, 'perk5Var2': 500, 'perk5Var3': 0, 'perkPrimaryStyle': 8400, 'perkSubStyle': 8000, 'statPerk0': 5005, 'statPerk1': 5002, 'statPerk2': 5002}, 'timeline': {'participantId': 4, 'creepsPerMinDeltas': {'10-20': 1.4, '0-10': 1.7}, 'xpPerMinDeltas': {'10-20': 371.6, '0-10': 288.9}, 'goldPerMinDeltas': {'10-20': 285.20000000000005, '0-10': 302.2}, 'damageTakenPerMinDeltas': {'10-20': 240.6, '0-10': 569.7}, 'role': 'SOLO', 'lane': 'BOTTOM'}}, {'participantId': 5, 'teamId': 100, 'championId': 203, 'spell1Id': 3, 'spell2Id': 4, 'stats': {'participantId': 5, 'win': True, 'item0': 1055, 'item1': 3140, 'item2': 0, 'item3': 3031, 'item4': 3006, 'item5': 3095, 'item6': 3363, 'kills': 8, 'deaths': 6, 'assists': 6, 'largestKillingSpree': 2, 'largestMultiKill': 1, 'killingSprees': 3, 'longestTimeSpentLiving': 474, 'doubleKills': 0, 'tripleKills': 0, 'quadraKills': 0, 'pentaKills': 0, 'unrealKills': 0, 'totalDamageDealt': 134464, 'magicDamageDealt': 9382, 'physicalDamageDealt': 122759, 'trueDamageDealt': 2323, 'largestCriticalStrike': 550, 'totalDamageDealtToChampions': 13472, 'magicDamageDealtToChampions': 1718, 'physicalDamageDealtToChampions': 11610, 'trueDamageDealtToChampions': 144, 'totalHeal': 4361, 'totalUnitsHealed': 9, 'damageSelfMitigated': 8431, 'damageDealtToObjectives': 9719, 'damageDealtToTurrets': 2378, 'visionScore': 27, 'timeCCingOthers': 6, 'totalDamageTaken': 18162, 'magicalDamageTaken': 7102, 'physicalDamageTaken': 10275, 'trueDamageTaken': 784, 'goldEarned': 11726, 'goldSpent': 10075, 'turretKills': 2, 'inhibitorKills': 0, 'totalMinionsKilled': 172, 'neutralMinionsKilled': 27, 'neutralMinionsKilledTeamJungle': 15, 'neutralMinionsKilledEnemyJungle': 8, 'totalTimeCrowdControlDealt': 54, 'champLevel': 12, 'visionWardsBoughtInGame': 5, 'sightWardsBoughtInGame': 0, 'wardsPlaced': 11, 'wardsKilled': 5, 'firstBloodKill': False, 'firstBloodAssist': False, 'firstTowerKill': False, 'firstTowerAssist': False, 'firstInhibitorKill': False, 'firstInhibitorAssist': True, 'combatPlayerScore': 0, 'objectivePlayerScore': 0, 'totalPlayerScore': 0, 'totalScoreRank': 0, 'playerScore0': 0, 'playerScore1': 0, 'playerScore2': 0, 'playerScore3': 0, 'playerScore4': 0, 'playerScore5': 0, 'playerScore6': 0, 'playerScore7': 0, 'playerScore8': 0, 'playerScore9': 0, 'perk0': 8005, 'perk0Var1': 645, 'perk0Var2': 517, 'perk0Var3': 127, 'perk1': 8009, 'perk1Var1': 1953, 'perk1Var2': 500, 'perk1Var3': 0, 'perk2': 9103, 'perk2Var1': 22, 'perk2Var2': 20, 'perk2Var3': 0, 'perk3': 8299, 'perk3Var1': 421, 'perk3Var2': 0, 'perk3Var3': 0, 'perk4': 8275, 'perk4Var1': 9, 'perk4Var2': 0, 'perk4Var3': 0, 'perk5': 8236, 'perk5Var1': 14, 'perk5Var2': 0, 'perk5Var3': 0, 'perkPrimaryStyle': 8000, 'perkSubStyle': 8200, 'statPerk0': 5005, 'statPerk1': 5008, 'statPerk2': 5002}, 'timeline': {'participantId': 5, 'creepsPerMinDeltas': {'10-20': 7.3999999999999995, '0-10': 5.9}, 'xpPerMinDeltas': {'10-20': 354.1, '0-10': 320.5}, 'goldPerMinDeltas': {'10-20': 367.5, '0-10': 462}, 'damageTakenPerMinDeltas': {'10-20': 717.3, '0-10': 764.8}, 'role': 'NONE', 'lane': 'JUNGLE'}}, {'participantId': 6, 'teamId': 200, 'championId': 142, 'spell1Id': 14, 'spell2Id': 4, 'stats': {'participantId': 6, 'win': False, 'item0': 3165, 'item1': 3020, 'item2': 1082, 'item3': 3285, 'item4': 3108, 'item5': 1058, 'item6': 3364, 'kills': 10, 'deaths': 3, 'assists': 2, 'largestKillingSpree': 8, 'largestMultiKill': 3, 'killingSprees': 2, 'longestTimeSpentLiving': 1076, 'doubleKills': 1, 'tripleKills': 1, 'quadraKills': 0, 'pentaKills': 0, 'unrealKills': 0, 'totalDamageDealt': 115749, 'magicDamageDealt': 102210, 'physicalDamageDealt': 10945, 'trueDamageDealt': 2593, 'largestCriticalStrike': 0, 'totalDamageDealtToChampions': 21415, 'magicDamageDealtToChampions': 18075, 'physicalDamageDealtToChampions': 1327, 'trueDamageDealtToChampions': 2012, 'totalHeal': 3136, 'totalUnitsHealed': 1, 'damageSelfMitigated': 7772, 'damageDealtToObjectives': 3215, 'damageDealtToTurrets': 2380, 'visionScore': 19, 'timeCCingOthers': 14, 'totalDamageTaken': 16359, 'magicalDamageTaken': 8224, 'physicalDamageTaken': 7855, 'trueDamageTaken': 280, 'goldEarned': 11218, 'goldSpent': 11100, 'turretKills': 1, 'inhibitorKills': 0, 'totalMinionsKilled': 151, 'neutralMinionsKilled': 15, 'neutralMinionsKilledTeamJungle': 15, 'neutralMinionsKilledEnemyJungle': 0, 'totalTimeCrowdControlDealt': 76, 'champLevel': 13, 'visionWardsBoughtInGame': 4, 'sightWardsBoughtInGame': 0, 'wardsPlaced': 7, 'wardsKilled': 4, 'firstBloodKill': False, 'firstBloodAssist': False, 'firstTowerKill': False, 'firstTowerAssist': False, 'firstInhibitorKill': False, 'firstInhibitorAssist': False, 'combatPlayerScore': 0, 'objectivePlayerScore': 0, 'totalPlayerScore': 0, 'totalScoreRank': 0, 'playerScore0': 0, 'playerScore1': 0, 'playerScore2': 0, 'playerScore3': 0, 'playerScore4': 0, 'playerScore5': 0, 'playerScore6': 0, 'playerScore7': 0, 'playerScore8': 0, 'playerScore9': 0, 'perk0': 8112, 'perk0Var1': 956, 'perk0Var2': 0, 'perk0Var3': 0, 'perk1': 8139, 'perk1Var1': 723, 'perk1Var2': 0, 'perk1Var3': 0, 'perk2': 8138, 'perk2Var1': 30, 'perk2Var2': 0, 'perk2Var3': 0, 'perk3': 8135, 'perk3Var1': 1829, 'perk3Var2': 4, 'perk3Var3': 0, 'perk4': 8345, 'perk4Var1': 3, 'perk4Var2': 0, 'perk4Var3': 0, 'perk5': 8352, 'perk5Var1': 158, 'perk5Var2': 623, 'perk5Var3': 528, 'perkPrimaryStyle': 8100, 'perkSubStyle': 8300, 'statPerk0': 5008, 'statPerk1': 5008, 'statPerk2': 5003}, 'timeline': {'participantId': 6, 'creepsPerMinDeltas': {'10-20': 6.6, '0-10': 6.7}, 'xpPerMinDeltas': {'10-20': 429.8, '0-10': 451.4}, 'goldPerMinDeltas': {'10-20': 403.29999999999995, '0-10': 457.4}, 'csDiffPerMinDeltas': {'10-20': -0.2999999999999994, '0-10': 0.40000000000000036}, 'xpDiffPerMinDeltas': {'10-20': -43.099999999999966, '0-10': 101.1}, 'damageTakenPerMinDeltas': {'10-20': 768.6, '0-10': 420.20000000000005}, 'damageTakenDiffPerMinDeltas': {'10-20': 176.90000000000003, '0-10': 0}, 'role': 'SOLO', 'lane': 'MIDDLE'}}, {'participantId': 7, 'teamId': 200, 'championId': 350, 'spell1Id': 7, 'spell2Id': 3, 'stats': {'participantId': 7, 'win': False, 'item0': 3114, 'item1': 3853, 'item2': 2055, 'item3': 3504, 'item4': 0, 'item5': 3174, 'item6': 3364, 'kills': 1, 'deaths': 4, 'assists': 13, 'largestKillingSpree': 0, 'largestMultiKill': 1, 'killingSprees': 0, 'longestTimeSpentLiving': 891, 'doubleKills': 0, 'tripleKills': 0, 'quadraKills': 0, 'pentaKills': 0, 'unrealKills': 0, 'totalDamageDealt': 13080, 'magicDamageDealt': 10960, 'physicalDamageDealt': 2119, 'trueDamageDealt': 0, 'largestCriticalStrike': 0, 'totalDamageDealtToChampions': 7254, 'magicDamageDealtToChampions': 6155, 'physicalDamageDealtToChampions': 1099, 'trueDamageDealtToChampions': 0, 'totalHeal': 14596, 'totalUnitsHealed': 5, 'damageSelfMitigated': 3749, 'damageDealtToObjectives': 481, 'damageDealtToTurrets': 481, 'visionScore': 36, 'timeCCingOthers': 18, 'totalDamageTaken': 6161, 'magicalDamageTaken': 2805, 'physicalDamageTaken': 3084, 'trueDamageTaken': 272, 'goldEarned': 6411, 'goldSpent': 5975, 'turretKills': 0, 'inhibitorKills': 0, 'totalMinionsKilled': 7, 'neutralMinionsKilled': 0, 'neutralMinionsKilledTeamJungle': 0, 'neutralMinionsKilledEnemyJungle': 0, 'totalTimeCrowdControlDealt': 38, 'champLevel': 10, 'visionWardsBoughtInGame': 5, 'sightWardsBoughtInGame': 0, 'wardsPlaced': 20, 'wardsKilled': 1, 'firstBloodKill': False, 'firstBloodAssist': False, 'firstTowerKill': False, 'firstTowerAssist': False, 'firstInhibitorKill': False, 'firstInhibitorAssist': False, 'combatPlayerScore': 0, 'objectivePlayerScore': 0, 'totalPlayerScore': 0, 'totalScoreRank': 0, 'playerScore0': 0, 'playerScore1': 0, 'playerScore2': 0, 'playerScore3': 0, 'playerScore4': 0, 'playerScore5': 0, 'playerScore6': 0, 'playerScore7': 0, 'playerScore8': 0, 'playerScore9': 0, 'perk0': 8229, 'perk0Var1': 981, 'perk0Var2': 0, 'perk0Var3': 0, 'perk1': 8226, 'perk1Var1': 250, 'perk1Var2': 757, 'perk1Var3': 0, 'perk2': 8210, 'perk2Var1': 0, 'perk2Var2': 0, 'perk2Var3': 0, 'perk3': 8237, 'perk3Var1': 393, 'perk3Var2': 0, 'perk3Var3': 0, 'perk4': 8009, 'perk4Var1': 2689, 'perk4Var2': 500, 'perk4Var3': 0, 'perk5': 8017, 'perk5Var1': 691, 'perk5Var2': 0, 'perk5Var3': 0, 'perkPrimaryStyle': 8200, 'perkSubStyle': 8000, 'statPerk0': 5008, 'statPerk1': 5008, 'statPerk2': 5002}, 'timeline': {'participantId': 7, 'creepsPerMinDeltas': {'10-20': 0.2, '0-10': 0.5}, 'xpPerMinDeltas': {'10-20': 261.5, '0-10': 295.4}, 'goldPerMinDeltas': {'10-20': 208.3, '0-10': 255.8}, 'damageTakenPerMinDeltas': {'10-20': 277.5, '0-10': 183.39999999999998}, 'role': 'DUO_SUPPORT', 'lane': 'BOTTOM'}}, {'participantId': 8, 'teamId': 200, 'championId': 64, 'spell1Id': 11, 'spell2Id': 4, 'stats': {'participantId': 8, 'win': False, 'item0': 1412, 'item1': 3071, 'item2': 1011, 'item3': 3047, 'item4': 3082, 'item5': 0, 'item6': 3340, 'kills': 5, 'deaths': 6, 'assists': 7, 'largestKillingSpree': 2, 'largestMultiKill': 1, 'killingSprees': 1, 'longestTimeSpentLiving': 462, 'doubleKills': 0, 'tripleKills': 0, 'quadraKills': 0, 'pentaKills': 0, 'unrealKills': 0, 'totalDamageDealt': 115445, 'magicDamageDealt': 20290, 'physicalDamageDealt': 90990, 'trueDamageDealt': 4165, 'largestCriticalStrike': 0, 'totalDamageDealtToChampions': 11570, 'magicDamageDealtToChampions': 1452, 'physicalDamageDealtToChampions': 9360, 'trueDamageDealtToChampions': 757, 'totalHeal': 5533, 'totalUnitsHealed': 1, 'damageSelfMitigated': 19592, 'damageDealtToObjectives': 10433, 'damageDealtToTurrets': 1420, 'visionScore': 29, 'timeCCingOthers': 19, 'totalDamageTaken': 23932, 'magicalDamageTaken': 8407, 'physicalDamageTaken': 14785, 'trueDamageTaken': 739, 'goldEarned': 9186, 'goldSpent': 9375, 'turretKills': 0, 'inhibitorKills': 0, 'totalMinionsKilled': 29, 'neutralMinionsKilled': 98, 'neutralMinionsKilledTeamJungle': 74, 'neutralMinionsKilledEnemyJungle': 0, 'totalTimeCrowdControlDealt': 341, 'champLevel': 12, 'visionWardsBoughtInGame': 6, 'sightWardsBoughtInGame': 0, 'wardsPlaced': 12, 'wardsKilled': 9, 'firstBloodKill': False, 'firstBloodAssist': False, 'firstTowerKill': False, 'firstTowerAssist': False, 'firstInhibitorKill': False, 'firstInhibitorAssist': False, 'combatPlayerScore': 0, 'objectivePlayerScore': 0, 'totalPlayerScore': 0, 'totalScoreRank': 0, 'playerScore0': 0, 'playerScore1': 0, 'playerScore2': 0, 'playerScore3': 0, 'playerScore4': 0, 'playerScore5': 0, 'playerScore6': 0, 'playerScore7': 0, 'playerScore8': 0, 'playerScore9': 0, 'perk0': 8010, 'perk0Var1': 609, 'perk0Var2': 0, 'perk0Var3': 0, 'perk1': 9111, 'perk1Var1': 610, 'perk1Var2': 240, 'perk1Var3': 0, 'perk2': 9104, 'perk2Var1': 9, 'perk2Var2': 30, 'perk2Var3': 0, 'perk3': 8299, 'perk3Var1': 445, 'perk3Var2': 0, 'perk3Var3': 0, 'perk4': 8304, 'perk4Var1': 7, 'perk4Var2': 3, 'perk4Var3': 0, 'perk5': 8347, 'perk5Var1': 0, 'perk5Var2': 0, 'perk5Var3': 0, 'perkPrimaryStyle': 8000, 'perkSubStyle': 8300, 'statPerk0': 5005, 'statPerk1': 5008, 'statPerk2': 5002}, 'timeline': {'participantId': 8, 'creepsPerMinDeltas': {'10-20': 1.7000000000000002, '0-10': 0.4}, 'xpPerMinDeltas': {'10-20': 444.5, '0-10': 303}, 'goldPerMinDeltas': {'10-20': 386.9, '0-10': 333.2}, 'damageTakenPerMinDeltas': {'10-20': 1072.7, '0-10': 795.3}, 'role': 'NONE', 'lane': 'JUNGLE'}}, {'participantId': 9, 'teamId': 200, 'championId': 126, 'spell1Id': 4, 'spell2Id': 12, 'stats': {'participantId': 9, 'win': False, 'item0': 3142, 'item1': 3814, 'item2': 0, 'item3': 3147, 'item4': 2422, 'item5': 0, 'item6': 3363, 'kills': 1, 'deaths': 6, 'assists': 3, 'largestKillingSpree': 0, 'largestMultiKill': 1, 'killingSprees': 0, 'longestTimeSpentLiving': 509, 'doubleKills': 0, 'tripleKills': 0, 'quadraKills': 0, 'pentaKills': 0, 'unrealKills': 0, 'totalDamageDealt': 149643, 'magicDamageDealt': 15320, 'physicalDamageDealt': 131334, 'trueDamageDealt': 2988, 'largestCriticalStrike': 0, 'totalDamageDealtToChampions': 11426, 'magicDamageDealtToChampions': 2266, 'physicalDamageDealtToChampions': 9100, 'trueDamageDealtToChampions': 60, 'totalHeal': 476, 'totalUnitsHealed': 1, 'damageSelfMitigated': 10715, 'damageDealtToObjectives': 4120, 'damageDealtToTurrets': 851, 'visionScore': 20, 'timeCCingOthers': 5, 'totalDamageTaken': 16208, 'magicalDamageTaken': 5066, 'physicalDamageTaken': 10592, 'trueDamageTaken': 549, 'goldEarned': 9286, 'goldSpent': 9000, 'turretKills': 1, 'inhibitorKills': 0, 'totalMinionsKilled': 204, 'neutralMinionsKilled': 24, 'neutralMinionsKilledTeamJungle': 15, 'neutralMinionsKilledEnemyJungle': 0, 'totalTimeCrowdControlDealt': 112, 'champLevel': 14, 'visionWardsBoughtInGame': 2, 'sightWardsBoughtInGame': 0, 'wardsPlaced': 10, 'wardsKilled': 0, 'firstBloodKill': False, 'firstBloodAssist': False, 'firstTowerKill': False, 'firstTowerAssist': False, 'firstInhibitorKill': False, 'firstInhibitorAssist': False, 'combatPlayerScore': 0, 'objectivePlayerScore': 0, 'totalPlayerScore': 0, 'totalScoreRank': 0, 'playerScore0': 0, 'playerScore1': 0, 'playerScore2': 0, 'playerScore3': 0, 'playerScore4': 0, 'playerScore5': 0, 'playerScore6': 0, 'playerScore7': 0, 'playerScore8': 0, 'playerScore9': 0, 'perk0': 8230, 'perk0Var1': 7, 'perk0Var2': 0, 'perk0Var3': 0, 'perk1': 8226, 'perk1Var1': 250, 'perk1Var2': 402, 'perk1Var3': 0, 'perk2': 8233, 'perk2Var1': 16, 'perk2Var2': 20, 'perk2Var3': 0, 'perk3': 8237, 'perk3Var1': 316, 'perk3Var2': 0, 'perk3Var3': 0, 'perk4': 8345, 'perk4Var1': 3, 'perk4Var2': 0, 'perk4Var3': 0, 'perk5': 8304, 'perk5Var1': 11, 'perk5Var2': 1, 'perk5Var3': 5, 'perkPrimaryStyle': 8200, 'perkSubStyle': 8300, 'statPerk0': 5008, 'statPerk1': 5008, 'statPerk2': 5002}, 'timeline': {'participantId': 9, 'creepsPerMinDeltas': {'10-20': 7.9, '0-10': 8.2}, 'xpPerMinDeltas': {'10-20': 482.9, '0-10': 438.7}, 'goldPerMinDeltas': {'10-20': 382.70000000000005, '0-10': 279.2}, 'csDiffPerMinDeltas': {'10-20': 0.10000000000000009, '0-10': 2.1}, 'xpDiffPerMinDeltas': {'10-20': -40.99999999999997, '0-10': 12.799999999999983}, 'damageTakenPerMinDeltas': {'10-20': 611, '0-10': 371.9}, 'damageTakenDiffPerMinDeltas': {'10-20': -13.700000000000045, '0-10': -105.29999999999998}, 'role': 'SOLO', 'lane': 'TOP'}}, {'participantId': 10, 'teamId': 200, 'championId': 110, 'spell1Id': 4, 'spell2Id': 21, 'stats': {'participantId': 10, 'win': False, 'item0': 2033, 'item1': 3142, 'item2': 2055, 'item3': 3123, 'item4': 3004, 'item5': 3009, 'item6': 3363, 'kills': 1, 'deaths': 7, 'assists': 9, 'largestKillingSpree': 0, 'largestMultiKill': 1, 'killingSprees': 0, 'longestTimeSpentLiving': 504, 'doubleKills': 0, 'tripleKills': 0, 'quadraKills': 0, 'pentaKills': 0, 'unrealKills': 0, 'totalDamageDealt': 106738, 'magicDamageDealt': 5091, 'physicalDamageDealt': 98806, 'trueDamageDealt': 2840, 'largestCriticalStrike': 0, 'totalDamageDealtToChampions': 12577, 'magicDamageDealtToChampions': 2431, 'physicalDamageDealtToChampions': 10145, 'trueDamageDealtToChampions': 0, 'totalHeal': 0, 'totalUnitsHealed': 0, 'damageSelfMitigated': 6235, 'damageDealtToObjectives': 1883, 'damageDealtToTurrets': 1883, 'visionScore': 17, 'timeCCingOthers': 26, 'totalDamageTaken': 12976, 'magicalDamageTaken': 5080, 'physicalDamageTaken': 7436, 'trueDamageTaken': 459, 'goldEarned': 8179, 'goldSpent': 7650, 'turretKills': 0, 'inhibitorKills': 0, 'totalMinionsKilled': 164, 'neutralMinionsKilled': 3, 'neutralMinionsKilledTeamJungle': 3, 'neutralMinionsKilledEnemyJungle': 0, 'totalTimeCrowdControlDealt': 246, 'champLevel': 12, 'visionWardsBoughtInGame': 3, 'sightWardsBoughtInGame': 0, 'wardsPlaced': 9, 'wardsKilled': 4, 'firstBloodKill': False, 'firstBloodAssist': False, 'firstTowerKill': False, 'firstTowerAssist': False, 'firstInhibitorKill': False, 'firstInhibitorAssist': False, 'combatPlayerScore': 0, 'objectivePlayerScore': 0, 'totalPlayerScore': 0, 'totalScoreRank': 0, 'playerScore0': 0, 'playerScore1': 0, 'playerScore2': 0, 'playerScore3': 0, 'playerScore4': 0, 'playerScore5': 0, 'playerScore6': 0, 'playerScore7': 0, 'playerScore8': 0, 'playerScore9': 0, 'perk0': 8229, 'perk0Var1': 942, 'perk0Var2': 0, 'perk0Var3': 0, 'perk1': 8226, 'perk1Var1': 250, 'perk1Var2': 656, 'perk1Var3': 0, 'perk2': 8210, 'perk2Var1': 0, 'perk2Var2': 0, 'perk2Var3': 0, 'perk3': 8236, 'perk3Var1': 14, 'perk3Var2': 0, 'perk3Var3': 0, 'perk4': 8313, 'perk4Var1': 0, 'perk4Var2': 0, 'perk4Var3': 0, 'perk5': 8345, 'perk5Var1': 3, 'perk5Var2': 0, 'perk5Var3': 0, 'perkPrimaryStyle': 8200, 'perkSubStyle': 8300, 'statPerk0': 5008, 'statPerk1': 5008, 'statPerk2': 5002}, 'timeline': {'participantId': 10, 'creepsPerMinDeltas': {'10-20': 7.8999999999999995, '0-10': 4.6}, 'xpPerMinDeltas': {'10-20': 395.1, '0-10': 264.4}, 'goldPerMinDeltas': {'10-20': 317.5, '0-10': 271.6}, 'damageTakenPerMinDeltas': {'10-20': 376.4, '0-10': 557.7}, 'role': 'DUO_CARRY', 'lane': 'BOTTOM'}}]",KR,420.0,13.0,,
6,1584732478766.0,1686.0,4233222221.0,CLASSIC,MATCHED_GAME,10.6.313.8894,11.0,"[{'participantId': 1, 'player': {'platformId': 'KR', 'accountId': 'vy6M6L5hxysIYmAS5-II0TLn5YkzB4y_xTuoLn_swWYkLLpQqI4TStNv', 'summonerName': 'ikusikus', 'summonerId': 'Y2MafjTuenDn5yb-rWHTWMFX5oI0Q4swg_ymHFevsnb98_k', 'currentPlatformId': 'KR', 'currentAccountId': 'vy6M6L5hxysIYmAS5-II0TLn5YkzB4y_xTuoLn_swWYkLLpQqI4TStNv', 'matchHistoryUri': '/v1/stats/player_history/KR/2372723103476928', 'profileIcon': 3840}}, {'participantId': 2, 'player': {'platformId': 'KR', 'accountId': 'klmSv6z1ihXYo-lBbrimL2KitwBGZtM0b6IxRa5EYgwHyKpxns_4jIof', 'summonerName': '0gank jg', 'summonerId': 'kqaj0M8VbwtSbOB2xMGx8XjN2FEXz9Z6c3CIlCbJaH7AbjM', 'currentPlatformId': 'KR', 'currentAccountId': 'klmSv6z1ihXYo-lBbrimL2KitwBGZtM0b6IxRa5EYgwHyKpxns_4jIof', 'matchHistoryUri': '/v1/stats/player_history/KR/2372728850304288', 'profileIcon': 29}}, {'participantId': 3, 'player': {'platformId': 'KR', 'accountId': 'i4Y7790x00DAFtinQUjw7vB92y6z-1Ryd0zALYuxcOI', 'summonerName': 'znhy', 'summonerId': 'd63veTXZRp0jt6btpZOB1lthuxgELwnGnPvSVTHRoFxx2Q', 'currentPlatformId': 'KR', 'currentAccountId': 'i4Y7790x00DAFtinQUjw7vB92y6z-1Ryd0zALYuxcOI', 'matchHistoryUri': '/v1/stats/player_history/KR/797737', 'profileIcon': 544}}, {'participantId': 4, 'player': {'platformId': 'kr', 'accountId': 'poOMoQHoEoTzQz46BuOL4CaAO_G_VNLYYqZdyGeCigCWisw', 'summonerName': 'Clever7', 'summonerId': 'fsVX4BExsamxN5dBOeVeBnGSeTOzCuZjDdyCURa0MemoR0o', 'currentPlatformId': 'KR', 'currentAccountId': 'poOMoQHoEoTzQz46BuOL4CaAO_G_VNLYYqZdyGeCigCWisw', 'matchHistoryUri': '/v1/stats/player_history/kr/210596246', 'profileIcon': 7}}, {'participantId': 5, 'player': {'platformId': 'KR', 'accountId': 'DotaUIWsBXIuo0gdcYWikps5-nvtz6M0qq_MiLvQKU9n85U-Nojyr6z3', 'summonerName': 'jymmlbzj', 'summonerId': 'aTYFTWJnhaPUKlXVpFBL6GIFzd7mKKxLgEQPMJjpkPmF3Fs', 'currentPlatformId': 'KR', 'currentAccountId': 'DotaUIWsBXIuo0gdcYWikps5-nvtz6M0qq_MiLvQKU9n85U-Nojyr6z3', 'matchHistoryUri': '/v1/stats/player_history/KR/2372727291161856', 'profileIcon': 7}}, {'participantId': 6, 'player': {'platformId': 'KR', 'accountId': 'nGoKoBwhRvZr81H-4TVcGJ6caqwQgJ5P33qYbUbE_1h9YHU', 'summonerName': 'U R my light dad', 'summonerId': 'sJF2uCrwgDpFH0yWKm51Uj9iJZpjTQVfhgOR0MwEaccF0rY', 'currentPlatformId': 'KR', 'currentAccountId': 'nGoKoBwhRvZr81H-4TVcGJ6caqwQgJ5P33qYbUbE_1h9YHU', 'matchHistoryUri': '/v1/stats/player_history/KR/203020098', 'profileIcon': 4281}}, {'participantId': 7, 'player': {'platformId': 'KR', 'accountId': 'OBzE7jo2WVNK_tuWqrLXvFDOTjMgQENrwEecNsnmuwg3DM4', 'summonerName': '돌아온마비', 'summonerId': '7x-b6Z0Kp0sLlvyqvzHhCytX_rX127T32YMxjgafkeqHEHo', 'currentPlatformId': 'KR', 'currentAccountId': 'OBzE7jo2WVNK_tuWqrLXvFDOTjMgQENrwEecNsnmuwg3DM4', 'matchHistoryUri': '/v1/stats/player_history/KR/208189482', 'profileIcon': 1596}}, {'participantId': 8, 'player': {'platformId': 'KR', 'accountId': '0yCm8fYo6IGCf-fhQH8xuJX9KSIItVnaqfmaW_Y-YONDSyg', 'summonerName': 'Cai Qi', 'summonerId': 'o_od4BCAUx9SMCp1hakylwhSCtvBPAERVjSlfT0k02m_AN0', 'currentPlatformId': 'KR', 'currentAccountId': '0yCm8fYo6IGCf-fhQH8xuJX9KSIItVnaqfmaW_Y-YONDSyg', 'matchHistoryUri': '/v1/stats/player_history/KR/204801635', 'profileIcon': 6}}, {'participantId': 9, 'player': {'platformId': 'KR', 'accountId': 'IIWG7FRiqE8CuZaCslKkNxkglwpgnePPxDslb2tv66FKrgo', 'summonerName': 'Youtube Thal', 'summonerId': '8Cx100isJ6RMMeOmUX_-Wg0CESabVTYk-e8P8Ijj3zuIiB4', 'currentPlatformId': 'KR', 'currentAccountId': 'IIWG7FRiqE8CuZaCslKkNxkglwpgnePPxDslb2tv66FKrgo', 'matchHistoryUri': '/v1/stats/player_history/KR/201236882', 'profileIcon': 4090}}, {'participantId': 10, 'player': {'platformId': 'KR', 'accountId': '_ymhVSho1OtTs-o3Cj_Didfu6ESr81mVtp-pVdgkWNwwS4Ml3POj4uz6', 'summonerName': '밧형욱', 'summonerId': 'BfMSdtWT3rBV7VCZGsOkRrtsLDxXhPb-H5I_VuYpEscPn1I', 'currentPlatformId': 'KR', 'currentAccountId': '_ymhVSho1OtTs-o3Cj_Didfu6ESr81mVtp-pVdgkWNwwS4Ml3POj4uz6', 'matchHistoryUri': '/v1/stats/player_history/KR/2143589097631136', 'profileIcon': 4404}}]","[{'participantId': 1, 'teamId': 100, 'championId': 39, 'spell1Id': 12, 'spell2Id': 4, 'stats': {'participantId': 1, 'win': False, 'item0': 2033, 'item1': 3153, 'item2': 3052, 'item3': 3071, 'item4': 1055, 'item5': 3047, 'item6': 3340, 'kills': 3, 'deaths': 5, 'assists': 7, 'largestKillingSpree': 2, 'largestMultiKill': 1, 'killingSprees': 1, 'longestTimeSpentLiving': 838, 'doubleKills': 0, 'tripleKills': 0, 'quadraKills': 0, 'pentaKills': 0, 'unrealKills': 0, 'totalDamageDealt': 142356, 'magicDamageDealt': 20421, 'physicalDamageDealt': 118374, 'trueDamageDealt': 3560, 'largestCriticalStrike': 0, 'totalDamageDealtToChampions': 12949, 'magicDamageDealtToChampions': 4161, 'physicalDamageDealtToChampions': 8751, 'trueDamageDealtToChampions': 36, 'totalHeal': 2473, 'totalUnitsHealed': 1, 'damageSelfMitigated': 16316, 'damageDealtToObjectives': 8084, 'damageDealtToTurrets': 1202, 'visionScore': 21, 'timeCCingOthers': 13, 'totalDamageTaken': 17759, 'magicalDamageTaken': 5105, 'physicalDamageTaken': 10207, 'trueDamageTaken': 2446, 'goldEarned': 10655, 'goldSpent': 9550, 'turretKills': 0, 'inhibitorKills': 0, 'totalMinionsKilled': 206, 'neutralMinionsKilled': 16, 'neutralMinionsKilledTeamJungle': 8, 'neutralMinionsKilledEnemyJungle': 0, 'totalTimeCrowdControlDealt': 87, 'champLevel': 15, 'visionWardsBoughtInGame': 0, 'sightWardsBoughtInGame': 0, 'wardsPlaced': 9, 'wardsKilled': 5, 'firstBloodKill': False, 'firstBloodAssist': False, 'firstTowerKill': False, 'firstTowerAssist': True, 'firstInhibitorKill': False, 'firstInhibitorAssist': False, 'combatPlayerScore': 0, 'objectivePlayerScore': 0, 'totalPlayerScore': 0, 'totalScoreRank': 0, 'playerScore0': 0, 'playerScore1': 0, 'playerScore2': 0, 'playerScore3': 0, 'playerScore4': 0, 'playerScore5': 0, 'playerScore6': 0, 'playerScore7': 0, 'playerScore8': 0, 'playerScore9': 0, 'perk0': 8010, 'perk0Var1': 726, 'perk0Var2': 0, 'perk0Var3': 0, 'perk1': 9101, 'perk1Var1': 2954, 'perk1Var2': 5047, 'perk1Var3': 0, 'perk2': 9104, 'perk2Var1': 19, 'perk2Var2': 30, 'perk2Var3': 0, 'perk3': 8299, 'perk3Var1': 382, 'perk3Var2': 0, 'perk3Var3': 0, 'perk4': 8345, 'perk4Var1': 3, 'perk4Var2': 0, 'perk4Var3': 0, 'perk5': 8352, 'perk5Var1': 264, 'perk5Var2': 744, 'perk5Var3': 834, 'perkPrimaryStyle': 8000, 'perkSubStyle': 8300, 'statPerk0': 5008, 'statPerk1': 5008, 'statPerk2': 5002}, 'timeline': {'participantId': 1, 'creepsPerMinDeltas': {'10-20': 10.1, '0-10': 7.1000000000000005}, 'xpPerMinDeltas': {'10-20': 591.9, '0-10': 420.40000000000003}, 'goldPerMinDeltas': {'10-20': 445.4, '0-10': 282.29999999999995}, 'damageTakenPerMinDeltas': {'10-20': 54.9, '0-10': 303.8}, 'role': 'SOLO', 'lane': 'TOP'}}, {'participantId': 2, 'teamId': 100, 'championId': 64, 'spell1Id': 4, 'spell2Id': 11, 'stats': {'participantId': 2, 'win': False, 'item0': 2421, 'item1': 3047, 'item2': 3071, 'item3': 1028, 'item4': 1028, 'item5': 1412, 'item6': 3340, 'kills': 4, 'deaths': 10, 'assists': 4, 'largestKillingSpree': 0, 'largestMultiKill': 1, 'killingSprees': 0, 'longestTimeSpentLiving': 475, 'doubleKills': 0, 'tripleKills': 0, 'quadraKills': 0, 'pentaKills': 0, 'unrealKills': 0, 'totalDamageDealt': 119365, 'magicDamageDealt': 23248, 'physicalDamageDealt': 85968, 'trueDamageDealt': 10147, 'largestCriticalStrike': 0, 'totalDamageDealtToChampions': 9587, 'magicDamageDealtToChampions': 1091, 'physicalDamageDealtToChampions': 7722, 'trueDamageDealtToChampions': 773, 'totalHeal': 5162, 'totalUnitsHealed': 1, 'damageSelfMitigated': 21971, 'damageDealtToObjectives': 16786, 'damageDealtToTurrets': 102, 'visionScore': 28, 'timeCCingOthers': 13, 'totalDamageTaken': 28888, 'magicalDamageTaken': 7742, 'physicalDamageTaken': 19738, 'trueDamageTaken': 1407, 'goldEarned': 9432, 'goldSpent': 8625, 'turretKills': 1, 'inhibitorKills': 0, 'totalMinionsKilled': 31, 'neutralMinionsKilled': 103, 'neutralMinionsKilledTeamJungle': 76, 'neutralMinionsKilledEnemyJungle': 11, 'totalTimeCrowdControlDealt': 357, 'champLevel': 12, 'visionWardsBoughtInGame': 9, 'sightWardsBoughtInGame': 0, 'wardsPlaced': 13, 'wardsKilled': 7, 'firstBloodKill': False, 'firstBloodAssist': False, 'firstTowerKill': True, 'firstTowerAssist': False, 'firstInhibitorKill': False, 'firstInhibitorAssist': False, 'combatPlayerScore': 0, 'objectivePlayerScore': 0, 'totalPlayerScore': 0, 'totalScoreRank': 0, 'playerScore0': 0, 'playerScore1': 0, 'playerScore2': 0, 'playerScore3': 0, 'playerScore4': 0, 'playerScore5': 0, 'playerScore6': 0, 'playerScore7': 0, 'playerScore8': 0, 'playerScore9': 0, 'perk0': 8010, 'perk0Var1': 290, 'perk0Var2': 0, 'perk0Var3': 0, 'perk1': 9111, 'perk1Var1': 393, 'perk1Var2': 160, 'perk1Var3': 0, 'perk2': 9104, 'perk2Var1': 16, 'perk2Var2': 20, 'perk2Var3': 0, 'perk3': 8014, 'perk3Var1': 227, 'perk3Var2': 0, 'perk3Var3': 0, 'perk4': 8304, 'perk4Var1': 10, 'perk4Var2': 3, 'perk4Var3': 0, 'perk5': 8347, 'perk5Var1': 0, 'perk5Var2': 0, 'perk5Var3': 0, 'perkPrimaryStyle': 8000, 'perkSubStyle': 8300, 'statPerk0': 5005, 'statPerk1': 5008, 'statPerk2': 5002}, 'timeline': {'participantId': 2, 'creepsPerMinDeltas': {'10-20': 1.7000000000000002, '0-10': 0.1}, 'xpPerMinDeltas': {'10-20': 355.2, '0-10': 274.8}, 'goldPerMinDeltas': {'10-20': 383.9, '0-10': 281.70000000000005}, 'csDiffPerMinDeltas': {'10-20': 1.1, '0-10': -0.8}, 'xpDiffPerMinDeltas': {'10-20': -9, '0-10': -79.1}, 'damageTakenPerMinDeltas': {'10-20': 828.4000000000001, '0-10': 770.9000000000001}, 'damageTakenDiffPerMinDeltas': {'10-20': 82.90000000000003, '0-10': 70.90000000000003}, 'role': 'NONE', 'lane': 'JUNGLE'}}, {'participantId': 3, 'teamId': 100, 'championId': 517, 'spell1Id': 4, 'spell2Id': 14, 'stats': {'participantId': 3, 'win': False, 'item0': 2033, 'item1': 3157, 'item2': 3152, 'item3': 3020, 'item4': 1082, 'item5': 1056, 'item6': 3364, 'kills': 2, 'deaths': 8, 'assists': 7, 'largestKillingSpree': 2, 'largestMultiKill': 1, 'killingSprees': 1, 'longestTimeSpentLiving': 378, 'doubleKills': 0, 'tripleKills': 0, 'quadraKills': 0, 'pentaKills': 0, 'unrealKills': 0, 'totalDamageDealt': 80014, 'magicDamageDealt': 68181, 'physicalDamageDealt': 7244, 'trueDamageDealt': 4589, 'largestCriticalStrike': 0, 'totalDamageDealtToChampions': 16459, 'magicDamageDealtToChampions': 14697, 'physicalDamageDealtToChampions': 347, 'trueDamageDealtToChampions': 1414, 'totalHeal': 5555, 'totalUnitsHealed': 1, 'damageSelfMitigated': 14352, 'damageDealtToObjectives': 894, 'damageDealtToTurrets': 533, 'visionScore': 21, 'timeCCingOthers': 16, 'totalDamageTaken': 23969, 'magicalDamageTaken': 6594, 'physicalDamageTaken': 16563, 'trueDamageTaken': 811, 'goldEarned': 8893, 'goldSpent': 8325, 'turretKills': 0, 'inhibitorKills': 0, 'totalMinionsKilled': 146, 'neutralMinionsKilled': 6, 'neutralMinionsKilledTeamJungle': 5, 'neutralMinionsKilledEnemyJungle': 0, 'totalTimeCrowdControlDealt': 184, 'champLevel': 13, 'visionWardsBoughtInGame': 3, 'sightWardsBoughtInGame': 0, 'wardsPlaced': 8, 'wardsKilled': 2, 'firstBloodKill': False, 'firstBloodAssist': False, 'firstTowerKill': False, 'firstTowerAssist': False, 'firstInhibitorKill': False, 'firstInhibitorAssist': False, 'combatPlayerScore': 0, 'objectivePlayerScore': 0, 'totalPlayerScore': 0, 'totalScoreRank': 0, 'playerScore0': 0, 'playerScore1': 0, 'playerScore2': 0, 'playerScore3': 0, 'playerScore4': 0, 'playerScore5': 0, 'playerScore6': 0, 'playerScore7': 0, 'playerScore8': 0, 'playerScore9': 0, 'perk0': 8010, 'perk0Var1': 867, 'perk0Var2': 0, 'perk0Var3': 0, 'perk1': 8009, 'perk1Var1': 1104, 'perk1Var2': 500, 'perk1Var3': 0, 'perk2': 9105, 'perk2Var1': 23, 'perk2Var2': 40, 'perk2Var3': 0, 'perk3': 8299, 'perk3Var1': 400, 'perk3Var2': 0, 'perk3Var3': 0, 'perk4': 8352, 'perk4Var1': 316, 'perk4Var2': 1610, 'perk4Var3': 1127, 'perk5': 8345, 'perk5Var1': 3, 'perk5Var2': 0, 'perk5Var3': 0, 'perkPrimaryStyle': 8000, 'perkSubStyle': 8300, 'statPerk0': 5008, 'statPerk1': 5008, 'statPerk2': 5003}, 'timeline': {'participantId': 3, 'creepsPerMinDeltas': {'10-20': 5.2, '0-10': 6.9}, 'xpPerMinDeltas': {'10-20': 354, '0-10': 370.7}, 'goldPerMinDeltas': {'10-20': 286.7, '0-10': 231.8}, 'damageTakenPerMinDeltas': {'10-20': 579.7, '0-10': 574.5}, 'role': 'SOLO', 'lane': 'MIDDLE'}}, {'participantId': 4, 'teamId': 100, 'championId': 523, 'spell1Id': 7, 'spell2Id': 4, 'stats': {'participantId': 4, 'win': False, 'item0': 1037, 'item1': 1038, 'item2': 3085, 'item3': 3006, 'item4': 3508, 'item5': 1055, 'item6': 3363, 'kills': 5, 'deaths': 4, 'assists': 4, 'largestKillingSpree': 2, 'largestMultiKill': 2, 'killingSprees': 2, 'longestTimeSpentLiving': 1113, 'doubleKills': 1, 'tripleKills': 0, 'quadraKills': 0, 'pentaKills': 0, 'unrealKills': 0, 'totalDamageDealt': 134829, 'magicDamageDealt': 3135, 'physicalDamageDealt': 118139, 'trueDamageDealt': 13555, 'largestCriticalStrike': 556, 'totalDamageDealtToChampions': 16910, 'magicDamageDealtToChampions': 1025, 'physicalDamageDealtToChampions': 15885, 'trueDamageDealtToChampions': 0, 'totalHeal': 1669, 'totalUnitsHealed': 2, 'damageSelfMitigated': 8081, 'damageDealtToObjectives': 4645, 'damageDealtToTurrets': 1442, 'visionScore': 14, 'timeCCingOthers': 22, 'totalDamageTaken': 13356, 'magicalDamageTaken': 5038, 'physicalDamageTaken': 7683, 'trueDamageTaken': 634, 'goldEarned': 11029, 'goldSpent': 10050, 'turretKills': 0, 'inhibitorKills': 0, 'totalMinionsKilled': 194, 'neutralMinionsKilled': 8, 'neutralMinionsKilledTeamJungle': 8, 'neutralMinionsKilledEnemyJungle': 0, 'totalTimeCrowdControlDealt': 133, 'champLevel': 13, 'visionWardsBoughtInGame': 3, 'sightWardsBoughtInGame': 0, 'wardsPlaced': 13, 'wardsKilled': 2, 'firstBloodKill': False, 'firstBloodAssist': False, 'firstTowerKill': False, 'firstTowerAssist': True, 'firstInhibitorKill': False, 'firstInhibitorAssist': False, 'combatPlayerScore': 0, 'objectivePlayerScore': 0, 'totalPlayerScore': 0, 'totalScoreRank': 0, 'playerScore0': 0, 'playerScore1': 0, 'playerScore2': 0, 'playerScore3': 0, 'playerScore4': 0, 'playerScore5': 0, 'playerScore6': 0, 'playerScore7': 0, 'playerScore8': 0, 'playerScore9': 0, 'perk0': 8010, 'perk0Var1': 470, 'perk0Var2': 0, 'perk0Var3': 0, 'perk1': 9101, 'perk1Var1': 1569, 'perk1Var2': 2891, 'perk1Var3': 0, 'perk2': 9103, 'perk2Var1': 0, 'perk2Var2': 0, 'perk2Var3': 0, 'perk3': 8014, 'perk3Var1': 259, 'perk3Var2': 0, 'perk3Var3': 0, 'perk4': 8275, 'perk4Var1': 9, 'perk4Var2': 0, 'perk4Var3': 0, 'perk5': 8233, 'perk5Var1': 19, 'perk5Var2': 40, 'perk5Var3': 0, 'perkPrimaryStyle': 8000, 'perkSubStyle': 8200, 'statPerk0': 5005, 'statPerk1': 5008, 'statPerk2': 5002}, 'timeline': {'participantId': 4, 'creepsPerMinDeltas': {'10-20': 7.8, '0-10': 8.1}, 'xpPerMinDeltas': {'10-20': 358.1, '0-10': 326.4}, 'goldPerMinDeltas': {'10-20': 381.6, '0-10': 302.5}, 'csDiffPerMinDeltas': {'10-20': -0.9500000000000006, '0-10': -0.7500000000000002}, 'xpDiffPerMinDeltas': {'10-20': -47.75, '0-10': -10.249999999999986}, 'damageTakenPerMinDeltas': {'10-20': 394.9, '0-10': 210.1}, 'damageTakenDiffPerMinDeltas': {'10-20': 18.500000000000014, '0-10': -17.649999999999977}, 'role': 'DUO_CARRY', 'lane': 'BOTTOM'}}, {'participantId': 5, 'teamId': 100, 'championId': 235, 'spell1Id': 4, 'spell2Id': 21, 'stats': {'participantId': 5, 'win': False, 'item0': 3864, 'item1': 1036, 'item2': 3134, 'item3': 3009, 'item4': 3123, 'item5': 3179, 'item6': 3364, 'kills': 2, 'deaths': 4, 'assists': 8, 'largestKillingSpree': 2, 'largestMultiKill': 2, 'killingSprees': 1, 'longestTimeSpentLiving': 1001, 'doubleKills': 1, 'tripleKills': 0, 'quadraKills': 0, 'pentaKills': 0, 'unrealKills': 0, 'totalDamageDealt': 35445, 'magicDamageDealt': 0, 'physicalDamageDealt': 35419, 'trueDamageDealt': 26, 'largestCriticalStrike': 331, 'totalDamageDealtToChampions': 14365, 'magicDamageDealtToChampions': 0, 'physicalDamageDealtToChampions': 14365, 'trueDamageDealtToChampions': 0, 'totalHeal': 5644, 'totalUnitsHealed': 5, 'damageSelfMitigated': 5668, 'damageDealtToObjectives': 1379, 'damageDealtToTurrets': 96, 'visionScore': 66, 'timeCCingOthers': 37, 'totalDamageTaken': 12464, 'magicalDamageTaken': 4500, 'physicalDamageTaken': 6743, 'trueDamageTaken': 1220, 'goldEarned': 7098, 'goldSpent': 6800, 'turretKills': 0, 'inhibitorKills': 0, 'totalMinionsKilled': 24, 'neutralMinionsKilled': 3, 'neutralMinionsKilledTeamJungle': 0, 'neutralMinionsKilledEnemyJungle': 0, 'totalTimeCrowdControlDealt': 134, 'champLevel': 12, 'visionWardsBoughtInGame': 8, 'sightWardsBoughtInGame': 0, 'wardsPlaced': 29, 'wardsKilled': 10, 'firstBloodKill': False, 'firstBloodAssist': False, 'firstTowerKill': False, 'firstTowerAssist': True, 'firstInhibitorKill': False, 'firstInhibitorAssist': False, 'combatPlayerScore': 0, 'objectivePlayerScore': 0, 'totalPlayerScore': 0, 'totalScoreRank': 0, 'playerScore0': 0, 'playerScore1': 0, 'playerScore2': 0, 'playerScore3': 0, 'playerScore4': 0, 'playerScore5': 0, 'playerScore6': 0, 'playerScore7': 0, 'playerScore8': 0, 'playerScore9': 0, 'perk0': 8351, 'perk0Var1': 48, 'perk0Var2': 0, 'perk0Var3': 0, 'perk1': 8313, 'perk1Var1': 0, 'perk1Var2': 0, 'perk1Var3': 0, 'perk2': 8345, 'perk2Var1': 3, 'perk2Var2': 0, 'perk2Var3': 0, 'perk3': 8410, 'perk3Var1': 134, 'perk3Var2': 0, 'perk3Var3': 0, 'perk4': 8009, 'perk4Var1': 1342, 'perk4Var2': 500, 'perk4Var3': 0, 'perk5': 9104, 'perk5Var1': 23, 'perk5Var2': 40, 'perk5Var3': 0, 'perkPrimaryStyle': 8300, 'perkSubStyle': 8000, 'statPerk0': 5008, 'statPerk1': 5008, 'statPerk2': 5002}, 'timeline': {'participantId': 5, 'creepsPerMinDeltas': {'10-20': 0.3, '0-10': 0.3}, 'xpPerMinDeltas': {'10-20': 308.8, '0-10': 255.9}, 'goldPerMinDeltas': {'10-20': 247.5, '0-10': 169.5}, 'csDiffPerMinDeltas': {'10-20': -0.9500000000000006, '0-10': -0.7500000000000002}, 'xpDiffPerMinDeltas': {'10-20': -47.75, '0-10': -10.249999999999986}, 'damageTakenPerMinDeltas': {'10-20': 377.1, '0-10': 278.1}, 'damageTakenDiffPerMinDeltas': {'10-20': 18.500000000000014, '0-10': -17.649999999999977}, 'role': 'DUO_SUPPORT', 'lane': 'BOTTOM'}}, {'participantId': 6, 'teamId': 200, 'championId': 22, 'spell1Id': 7, 'spell2Id': 4, 'stats': {'participantId': 6, 'win': True, 'item0': 3153, 'item1': 3046, 'item2': 1029, 'item3': 1038, 'item4': 3085, 'item5': 3006, 'item6': 3363, 'kills': 6, 'deaths': 1, 'assists': 14, 'largestKillingSpree': 6, 'largestMultiKill': 2, 'killingSprees': 1, 'longestTimeSpentLiving': 1544, 'doubleKills': 3, 'tripleKills': 0, 'quadraKills': 0, 'pentaKills': 0, 'unrealKills': 0, 'totalDamageDealt': 157201, 'magicDamageDealt': 3147, 'physicalDamageDealt': 145562, 'trueDamageDealt': 8492, 'largestCriticalStrike': 380, 'totalDamageDealtToChampions': 22378, 'magicDamageDealtToChampions': 2347, 'physicalDamageDealtToChampions': 19716, 'trueDamageDealtToChampions': 314, 'totalHeal': 1536, 'totalUnitsHealed': 3, 'damageSelfMitigated': 12133, 'damageDealtToObjectives': 13179, 'damageDealtToTurrets': 4670, 'visionScore': 42, 'timeCCingOthers': 42, 'totalDamageTaken': 9037, 'magicalDamageTaken': 911, 'physicalDamageTaken': 7863, 'trueDamageTaken': 262, 'goldEarned': 13112, 'goldSpent': 11900, 'turretKills': 2, 'inhibitorKills': 0, 'totalMinionsKilled': 220, 'neutralMinionsKilled': 32, 'neutralMinionsKilledTeamJungle': 12, 'neutralMinionsKilledEnemyJungle': 12, 'totalTimeCrowdControlDealt': 847, 'champLevel': 16, 'visionWardsBoughtInGame': 3, 'sightWardsBoughtInGame': 0, 'wardsPlaced': 10, 'wardsKilled': 10, 'firstBloodKill': False, 'firstBloodAssist': False, 'firstTowerKill': False, 'firstTowerAssist': False, 'firstInhibitorKill': False, 'firstInhibitorAssist': True, 'combatPlayerScore': 0, 'objectivePlayerScore': 0, 'totalPlayerScore': 0, 'totalScoreRank': 0, 'playerScore0': 0, 'playerScore1': 0, 'playerScore2': 0, 'playerScore3': 0, 'playerScore4': 0, 'playerScore5': 0, 'playerScore6': 1, 'playerScore7': 0, 'playerScore8': 0, 'playerScore9': 0, 'perk0': 8008, 'perk0Var1': 2, 'perk0Var2': 10, 'perk0Var3': 0, 'perk1': 9101, 'perk1Var1': 2968, 'perk1Var2': 4399, 'perk1Var3': 0, 'perk2': 9103, 'perk2Var1': 23, 'perk2Var2': 40, 'perk2Var3': 0, 'perk3': 8014, 'perk3Var1': 682, 'perk3Var2': 0, 'perk3Var3': 0, 'perk4': 8410, 'perk4Var1': 106, 'perk4Var2': 0, 'perk4Var3': 0, 'perk5': 8345, 'perk5Var1': 3, 'perk5Var2': 0, 'perk5Var3': 0, 'perkPrimaryStyle': 8000, 'perkSubStyle': 8300, 'statPerk0': 5005, 'statPerk1': 5008, 'statPerk2': 5002}, 'timeline': {'participantId': 6, 'creepsPerMinDeltas': {'10-20': 8.2, '0-10': 8.7}, 'xpPerMinDeltas': {'10-20': 470.3, '0-10': 359.9}, 'goldPerMinDeltas': {'10-20': 362.9, '0-10': 269.2}, 'csDiffPerMinDeltas': {'10-20': 0.9500000000000006, '0-10': 0.7500000000000002}, 'xpDiffPerMinDeltas': {'10-20': 47.75, '0-10': 10.249999999999986}, 'damageTakenPerMinDeltas': {'10-20': 232.4, '0-10': 188.8}, 'damageTakenDiffPerMinDeltas': {'10-20': -18.500000000000014, '0-10': 17.649999999999977}, 'role': 'DUO_CARRY', 'lane': 'BOTTOM'}}, {'participantId': 7, 'teamId': 200, 'championId': 79, 'spell1Id': 14, 'spell2Id': 4, 'stats': {'participantId': 7, 'win': True, 'item0': 3107, 'item1': 1033, 'item2': 3857, 'item3': 3047, 'item4': 3105, 'item5': 2424, 'item6': 3364, 'kills': 2, 'deaths': 4, 'assists': 15, 'largestKillingSpree': 0, 'largestMultiKill': 1, 'killingSprees': 0, 'longestTimeSpentLiving': 748, 'doubleKills': 0, 'tripleKills': 0, 'quadraKills': 0, 'pentaKills': 0, 'unrealKills': 0, 'totalDamageDealt': 26851, 'magicDamageDealt': 11504, 'physicalDamageDealt': 5772, 'trueDamageDealt': 9575, 'largestCriticalStrike': 0, 'totalDamageDealtToChampions': 8450, 'magicDamageDealtToChampions': 5818, 'physicalDamageDealtToChampions': 1082, 'trueDamageDealtToChampions': 1548, 'totalHeal': 6035, 'totalUnitsHealed': 3, 'damageSelfMitigated': 18056, 'damageDealtToObjectives': 1004, 'damageDealtToTurrets': 704, 'visionScore': 70, 'timeCCingOthers': 34, 'totalDamageTaken': 19030, 'magicalDamageTaken': 2932, 'physicalDamageTaken': 16098, 'trueDamageTaken': 0, 'goldEarned': 7667, 'goldSpent': 6850, 'turretKills': 0, 'inhibitorKills': 0, 'totalMinionsKilled': 34, 'neutralMinionsKilled': 0, 'neutralMinionsKilledTeamJungle': 0, 'neutralMinionsKilledEnemyJungle': 0, 'totalTimeCrowdControlDealt': 103, 'champLevel': 13, 'visionWardsBoughtInGame': 12, 'sightWardsBoughtInGame': 0, 'wardsPlaced': 35, 'wardsKilled': 10, 'firstBloodKill': False, 'firstBloodAssist': False, 'firstTowerKill': False, 'firstTowerAssist': False, 'firstInhibitorKill': False, 'firstInhibitorAssist': False, 'combatPlayerScore': 0, 'objectivePlayerScore': 0, 'totalPlayerScore': 0, 'totalScoreRank': 0, 'playerScore0': 0, 'playerScore1': 0, 'playerScore2': 0, 'playerScore3': 0, 'playerScore4': 0, 'playerScore5': 0, 'playerScore6': 1, 'playerScore7': 0, 'playerScore8': 0, 'playerScore9': 0, 'perk0': 8439, 'perk0Var1': 200, 'perk0Var2': 0, 'perk0Var3': 0, 'perk1': 8446, 'perk1Var1': 421, 'perk1Var2': 0, 'perk1Var3': 0, 'perk2': 8444, 'perk2Var1': 925, 'perk2Var2': 0, 'perk2Var3': 0, 'perk3': 8451, 'perk3Var1': 149, 'perk3Var2': 0, 'perk3Var3': 0, 'perk4': 8313, 'perk4Var1': 0, 'perk4Var2': 0, 'perk4Var3': 0, 'perk5': 8316, 'perk5Var1': 786, 'perk5Var2': 0, 'perk5Var3': 0, 'perkPrimaryStyle': 8400, 'perkSubStyle': 8300, 'statPerk0': 5008, 'statPerk1': 5003, 'statPerk2': 5002}, 'timeline': {'participantId': 7, 'creepsPerMinDeltas': {'10-20': 1.8, '0-10': 1.2000000000000002}, 'xpPerMinDeltas': {'10-20': 292.1, '0-10': 242.89999999999998}, 'goldPerMinDeltas': {'10-20': 273.8, '0-10': 181.5}, 'csDiffPerMinDeltas': {'10-20': 0.9500000000000006, '0-10': 0.7500000000000002}, 'xpDiffPerMinDeltas': {'10-20': 47.75, '0-10': 10.249999999999986}, 'damageTakenPerMinDeltas': {'10-20': 502.59999999999997, '0-10': 334.7}, 'damageTakenDiffPerMinDeltas': {'10-20': -18.500000000000014, '0-10': 17.649999999999977}, 'role': 'DUO_SUPPORT', 'lane': 'BOTTOM'}}, {'participantId': 8, 'teamId': 200, 'championId': 55, 'spell1Id': 4, 'spell2Id': 14, 'stats': {'participantId': 8, 'win': True, 'item0': 2421, 'item1': 3191, 'item2': 1052, 'item3': 3146, 'item4': 3165, 'item5': 3020, 'item6': 3364, 'kills': 8, 'deaths': 7, 'assists': 14, 'largestKillingSpree': 2, 'largestMultiKill': 2, 'killingSprees': 2, 'longestTimeSpentLiving': 585, 'doubleKills': 1, 'tripleKills': 0, 'quadraKills': 0, 'pentaKills': 0, 'unrealKills': 0, 'totalDamageDealt': 116795, 'magicDamageDealt': 94073, 'physicalDamageDealt': 11407, 'trueDamageDealt': 11315, 'largestCriticalStrike': 0, 'totalDamageDealtToChampions': 21247, 'magicDamageDealtToChampions': 18805, 'physicalDamageDealtToChampions': 1772, 'trueDamageDealtToChampions': 670, 'totalHeal': 5762, 'totalUnitsHealed': 1, 'damageSelfMitigated': 13467, 'damageDealtToObjectives': 5215, 'damageDealtToTurrets': 1327, 'visionScore': 16, 'timeCCingOthers': 3, 'totalDamageTaken': 23302, 'magicalDamageTaken': 6743, 'physicalDamageTaken': 16550, 'trueDamageTaken': 8, 'goldEarned': 11754, 'goldSpent': 10060, 'turretKills': 1, 'inhibitorKills': 0, 'totalMinionsKilled': 150, 'neutralMinionsKilled': 7, 'neutralMinionsKilledTeamJungle': 1, 'neutralMinionsKilledEnemyJungle': 0, 'totalTimeCrowdControlDealt': 21, 'champLevel': 14, 'visionWardsBoughtInGame': 3, 'sightWardsBoughtInGame': 0, 'wardsPlaced': 7, 'wardsKilled': 2, 'firstBloodKill': True, 'firstBloodAssist': False, 'firstTowerKill': False, 'firstTowerAssist': False, 'firstInhibitorKill': False, 'firstInhibitorAssist': False, 'combatPlayerScore': 0, 'objectivePlayerScore': 0, 'totalPlayerScore': 0, 'totalScoreRank': 0, 'playerScore0': 0, 'playerScore1': 0, 'playerScore2': 0, 'playerScore3': 0, 'playerScore4': 0, 'playerScore5': 0, 'playerScore6': 1, 'playerScore7': 0, 'playerScore8': 0, 'playerScore9': 0, 'perk0': 8112, 'perk0Var1': 1742, 'perk0Var2': 0, 'perk0Var3': 0, 'perk1': 8143, 'perk1Var1': 785, 'perk1Var2': 0, 'perk1Var3': 0, 'perk2': 8138, 'perk2Var1': 30, 'perk2Var2': 0, 'perk2Var3': 0, 'perk3': 8135, 'perk3Var1': 2355, 'perk3Var2': 5, 'perk3Var3': 0, 'perk4': 9111, 'perk4Var1': 712, 'perk4Var2': 440, 'perk4Var3': 0, 'perk5': 8014, 'perk5Var1': 468, 'perk5Var2': 0, 'perk5Var3': 0, 'perkPrimaryStyle': 8100, 'perkSubStyle': 8000, 'statPerk0': 5008, 'statPerk1': 5008, 'statPerk2': 5002}, 'timeline': {'participantId': 8, 'creepsPerMinDeltas': {'10-20': 7.3, '0-10': 4.300000000000001}, 'xpPerMinDeltas': {'10-20': 390.2, '0-10': 330.6}, 'goldPerMinDeltas': {'10-20': 345.6, '0-10': 320.3}, 'damageTakenPerMinDeltas': {'10-20': 680.5, '0-10': 527.1}, 'role': 'DUO', 'lane': 'MIDDLE'}}, {'participantId': 9, 'teamId': 200, 'championId': 122, 'spell1Id': 4, 'spell2Id': 6, 'stats': {'participantId': 9, 'win': True, 'item0': 3742, 'item1': 3193, 'item2': 3047, 'item3': 3078, 'item4': 2055, 'item5': 3053, 'item6': 3340, 'kills': 10, 'deaths': 1, 'assists': 8, 'largestKillingSpree': 10, 'largestMultiKill': 3, 'killingSprees': 1, 'longestTimeSpentLiving': 1503, 'doubleKills': 2, 'tripleKills': 1, 'quadraKills': 0, 'pentaKills': 0, 'unrealKills': 0, 'totalDamageDealt': 163751, 'magicDamageDealt': 738, 'physicalDamageDealt': 159284, 'trueDamageDealt': 3728, 'largestCriticalStrike': 0, 'totalDamageDealtToChampions': 15953, 'magicDamageDealtToChampions': 52, 'physicalDamageDealtToChampions': 14359, 'trueDamageDealtToChampions': 1540, 'totalHeal': 7760, 'totalUnitsHealed': 1, 'damageSelfMitigated': 26671, 'damageDealtToObjectives': 13146, 'damageDealtToTurrets': 5537, 'visionScore': 27, 'timeCCingOthers': 18, 'totalDamageTaken': 23424, 'magicalDamageTaken': 7452, 'physicalDamageTaken': 14913, 'trueDamageTaken': 1058, 'goldEarned': 14742, 'goldSpent': 14533, 'turretKills': 3, 'inhibitorKills': 1, 'totalMinionsKilled': 218, 'neutralMinionsKilled': 28, 'neutralMinionsKilledTeamJungle': 19, 'neutralMinionsKilledEnemyJungle': 0, 'totalTimeCrowdControlDealt': 125, 'champLevel': 16, 'visionWardsBoughtInGame': 6, 'sightWardsBoughtInGame': 0, 'wardsPlaced': 13, 'wardsKilled': 1, 'firstBloodKill': False, 'firstBloodAssist': False, 'firstTowerKill': False, 'firstTowerAssist': False, 'firstInhibitorKill': True, 'firstInhibitorAssist': False, 'combatPlayerScore': 0, 'objectivePlayerScore': 0, 'totalPlayerScore': 0, 'totalScoreRank': 0, 'playerScore0': 0, 'playerScore1': 0, 'playerScore2': 0, 'playerScore3': 0, 'playerScore4': 0, 'playerScore5': 0, 'playerScore6': 1, 'playerScore7': 0, 'playerScore8': 0, 'playerScore9': 0, 'perk0': 8010, 'perk0Var1': 561, 'perk0Var2': 0, 'perk0Var3': 0, 'perk1': 9111, 'perk1Var1': 2314, 'perk1Var2': 360, 'perk1Var3': 0, 'perk2': 9104, 'perk2Var1': 11, 'perk2Var2': 10, 'perk2Var3': 0, 'perk3': 8014, 'perk3Var1': 363, 'perk3Var2': 0, 'perk3Var3': 0, 'perk4': 8275, 'perk4Var1': 10, 'perk4Var2': 0, 'perk4Var3': 0, 'perk5': 8234, 'perk5Var1': 11272, 'perk5Var2': 0, 'perk5Var3': 0, 'perkPrimaryStyle': 8000, 'perkSubStyle': 8200, 'statPerk0': 5005, 'statPerk1': 5008, 'statPerk2': 5002}, 'timeline': {'participantId': 9, 'creepsPerMinDeltas': {'10-20': 10.3, '0-10': 7.5}, 'xpPerMinDeltas': {'10-20': 560.7, '0-10': 508.4}, 'goldPerMinDeltas': {'10-20': 499.6, '0-10': 434.1}, 'damageTakenPerMinDeltas': {'10-20': 560.1, '0-10': 246.3}, 'role': 'DUO', 'lane': 'MIDDLE'}}, {'participantId': 10, 'teamId': 200, 'championId': 2, 'spell1Id': 11, 'spell2Id': 4, 'stats': {'participantId': 10, 'win': True, 'item0': 3800, 'item1': 1011, 'item2': 3082, 'item3': 1412, 'item4': 1033, 'item5': 3047, 'item6': 3364, 'kills': 5, 'deaths': 3, 'assists': 8, 'largestKillingSpree': 4, 'largestMultiKill': 2, 'killingSprees': 1, 'longestTimeSpentLiving': 712, 'doubleKills': 1, 'tripleKills': 0, 'quadraKills': 0, 'pentaKills': 0, 'unrealKills': 0, 'totalDamageDealt': 162492, 'magicDamageDealt': 4908, 'physicalDamageDealt': 131377, 'trueDamageDealt': 26207, 'largestCriticalStrike': 0, 'totalDamageDealtToChampions': 10396, 'magicDamageDealtToChampions': 0, 'physicalDamageDealtToChampions': 7948, 'trueDamageDealtToChampions': 2447, 'totalHeal': 10322, 'totalUnitsHealed': 1, 'damageSelfMitigated': 21135, 'damageDealtToObjectives': 28496, 'damageDealtToTurrets': 1583, 'visionScore': 29, 'timeCCingOthers': 11, 'totalDamageTaken': 24610, 'magicalDamageTaken': 5391, 'physicalDamageTaken': 18324, 'trueDamageTaken': 894, 'goldEarned': 10757, 'goldSpent': 9500, 'turretKills': 1, 'inhibitorKills': 0, 'totalMinionsKilled': 18, 'neutralMinionsKilled': 147, 'neutralMinionsKilledTeamJungle': 88, 'neutralMinionsKilledEnemyJungle': 15, 'totalTimeCrowdControlDealt': 474, 'champLevel': 14, 'visionWardsBoughtInGame': 7, 'sightWardsBoughtInGame': 0, 'wardsPlaced': 7, 'wardsKilled': 6, 'firstBloodKill': False, 'firstBloodAssist': False, 'firstTowerKill': False, 'firstTowerAssist': False, 'firstInhibitorKill': False, 'firstInhibitorAssist': False, 'combatPlayerScore': 0, 'objectivePlayerScore': 0, 'totalPlayerScore': 0, 'totalScoreRank': 0, 'playerScore0': 0, 'playerScore1': 0, 'playerScore2': 0, 'playerScore3': 0, 'playerScore4': 0, 'playerScore5': 0, 'playerScore6': 1, 'playerScore7': 0, 'playerScore8': 0, 'playerScore9': 0, 'perk0': 8010, 'perk0Var1': 181, 'perk0Var2': 0, 'perk0Var3': 0, 'perk1': 9111, 'perk1Var1': 783, 'perk1Var2': 260, 'perk1Var3': 0, 'perk2': 9104, 'perk2Var1': 15, 'perk2Var2': 30, 'perk2Var3': 0, 'perk3': 8299, 'perk3Var1': 315, 'perk3Var2': 0, 'perk3Var3': 0, 'perk4': 8275, 'perk4Var1': 17, 'perk4Var2': 0, 'perk4Var3': 0, 'perk5': 8232, 'perk5Var1': 5, 'perk5Var2': 50, 'perk5Var3': 0, 'perkPrimaryStyle': 8000, 'perkSubStyle': 8200, 'statPerk0': 5005, 'statPerk1': 5008, 'statPerk2': 5002}, 'timeline': {'participantId': 10, 'creepsPerMinDeltas': {'10-20': 0.6, '0-10': 0.9}, 'xpPerMinDeltas': {'10-20': 364.2, '0-10': 353.9}, 'goldPerMinDeltas': {'10-20': 330.5, '0-10': 278.29999999999995}, 'csDiffPerMinDeltas': {'10-20': -1.1, '0-10': 0.8}, 'xpDiffPerMinDeltas': {'10-20': 9, '0-10': 79.1}, 'damageTakenPerMinDeltas': {'10-20': 745.5, '0-10': 700}, 'damageTakenDiffPerMinDeltas': {'10-20': -82.90000000000003, '0-10': -70.90000000000003}, 'role': 'NONE', 'lane': 'JUNGLE'}}]",KR,420.0,13.0,,
7,1584727831786.0,1588.0,4233113995.0,CLASSIC,MATCHED_GAME,10.6.313.8894,11.0,"[{'participantId': 1, 'player': {'platformId': 'KR', 'accountId': 'MbD-9WQ4etQWL7jsJJW2vb46ELKbozvLXjHzTzwY57FENSZpqUelfrec', 'summonerName': '려창동입니다', 'summonerId': '_jFIgI02O4lr8e9i5OSBedE84BDBsOa7yEAhJww8m2xoIGo', 'currentPlatformId': 'KR', 'currentAccountId': 'MbD-9WQ4etQWL7jsJJW2vb46ELKbozvLXjHzTzwY57FENSZpqUelfrec', 'matchHistoryUri': '/v1/stats/player_history/KR/2318403598306400', 'profileIcon': 7}}, {'participantId': 2, 'player': {'platformId': 'KR', 'accountId': 'nGoKoBwhRvZr81H-4TVcGJ6caqwQgJ5P33qYbUbE_1h9YHU', 'summonerName': 'U R my light dad', 'summonerId': 'sJF2uCrwgDpFH0yWKm51Uj9iJZpjTQVfhgOR0MwEaccF0rY', 'currentPlatformId': 'KR', 'currentAccountId': 'nGoKoBwhRvZr81H-4TVcGJ6caqwQgJ5P33qYbUbE_1h9YHU', 'matchHistoryUri': '/v1/stats/player_history/KR/203020098', 'profileIcon': 4281}}, {'participantId': 3, 'player': {'platformId': 'KR', 'accountId': 'JTPl-LVM05a-cd5mTYUd0dcmwBahqORrbGTr1aHtJu2ALKE', 'summonerName': 'Gen G Clid', 'summonerId': 'th78mli66hihVN8_bawLajrGalnASfmmYYtEZ-x62tm6vbc', 'currentPlatformId': 'KR', 'currentAccountId': 'JTPl-LVM05a-cd5mTYUd0dcmwBahqORrbGTr1aHtJu2ALKE', 'matchHistoryUri': '/v1/stats/player_history/KR/203870735', 'profileIcon': 4025}}, {'participantId': 4, 'player': {'platformId': 'KR', 'accountId': 'PoqXUGvIFqAQo19H5q-ohTjnTfPr6IkwyT4Iykk89q2J8uc', 'summonerName': '망밍맹먕몽', 'summonerId': '15npUMvwMOCP8DRd21V1YmAV0JXchwCdloccXuaxLLydrqM', 'currentPlatformId': 'KR', 'currentAccountId': 'PoqXUGvIFqAQo19H5q-ohTjnTfPr6IkwyT4Iykk89q2J8uc', 'matchHistoryUri': '/v1/stats/player_history/KR/201749262', 'profileIcon': 4368}}, {'participantId': 5, 'player': {'platformId': 'KR', 'accountId': 'Yr9NjqzPWQnhelU0xoFwtxwyTFVMGYHr_FOJanLGsxtYH_zFyZMo0pog', 'summonerName': 'lubenwel', 'summonerId': 'PONH8YTsRS5Q9LAGS2sgH36Ok_3jdIm093vUA-3x0Vu9KRw', 'currentPlatformId': 'KR', 'currentAccountId': 'Yr9NjqzPWQnhelU0xoFwtxwyTFVMGYHr_FOJanLGsxtYH_zFyZMo0pog', 'matchHistoryUri': '/v1/stats/player_history/KR/2120123688504640', 'profileIcon': 3018}}, {'participantId': 6, 'player': {'platformId': 'KR', 'accountId': 'd4zdojqtbwNVMUcMFst_vnYLhYgnWCZd7-rWp-g243TQvB4L3Tg_HSb3', 'summonerName': ' 초바 모자', 'summonerId': 'eEua0VXwjTwth2jTf5o8q1yy7i9aPXBFwIVHwYzYVPcT9rs', 'currentPlatformId': 'KR', 'currentAccountId': 'd4zdojqtbwNVMUcMFst_vnYLhYgnWCZd7-rWp-g243TQvB4L3Tg_HSb3', 'matchHistoryUri': '/v1/stats/player_history/KR/2386788285116096', 'profileIcon': 4025}}, {'participantId': 7, 'player': {'platformId': 'KR', 'accountId': 'IIWG7FRiqE8CuZaCslKkNxkglwpgnePPxDslb2tv66FKrgo', 'summonerName': 'Youtube Thal', 'summonerId': '8Cx100isJ6RMMeOmUX_-Wg0CESabVTYk-e8P8Ijj3zuIiB4', 'currentPlatformId': 'KR', 'currentAccountId': 'IIWG7FRiqE8CuZaCslKkNxkglwpgnePPxDslb2tv66FKrgo', 'matchHistoryUri': '/v1/stats/player_history/KR/201236882', 'profileIcon': 4090}}, {'participantId': 8, 'player': {'platformId': 'KR', 'accountId': 'uYzlYIkjqHXdz8aRL-MBvsWHYo9JYPSXYadSBalz-CC6ZwvV4sOGsT2R', 'summonerName': '레 탈', 'summonerId': 'Mjhu4gj-wygjv1eROhxfSGkZfkiDZn1bqaUAElG8ZnHgYVk', 'currentPlatformId': 'KR', 'currentAccountId': 'uYzlYIkjqHXdz8aRL-MBvsWHYo9JYPSXYadSBalz-CC6ZwvV4sOGsT2R', 'matchHistoryUri': '/v1/stats/player_history/KR/2268278348623392', 'profileIcon': 1107}}, {'participantId': 9, 'player': {'platformId': 'KR', 'accountId': 'bVB5-5xBCZlsY3wXNQil192ju3ALwt9xvemsbsl-oA5A2AA0R36Qj9IG', 'summonerName': 'gtqeti172', 'summonerId': 'pkPIM5YZOhg-tnpg2sEtZIcpJ95Vi8NBalfr6ffE17NITSI', 'currentPlatformId': 'KR', 'currentAccountId': 'bVB5-5xBCZlsY3wXNQil192ju3ALwt9xvemsbsl-oA5A2AA0R36Qj9IG', 'matchHistoryUri': '/v1/stats/player_history/KR/2372714243517632', 'profileIcon': 29}}, {'participantId': 10, 'player': {'platformId': 'KR', 'accountId': 'MLjrhYU-DjlO_Z-4xgVdYhojBVPmc0YQaxqmxeYTX12SdEk', 'summonerName': '핑잘안보는사람', 'summonerId': 'h65lr2rp1YyNV7ZKAmDJJT78b_UI_ebbMsoLH2IDtdXN9VA', 'currentPlatformId': 'KR', 'currentAccountId': 'MLjrhYU-DjlO_Z-4xgVdYhojBVPmc0YQaxqmxeYTX12SdEk', 'matchHistoryUri': '/v1/stats/player_history/KR/203825268', 'profileIcon': 6}}]","[{'participantId': 1, 'teamId': 100, 'championId': 84, 'spell1Id': 4, 'spell2Id': 14, 'stats': {'participantId': 1, 'win': True, 'item0': 3165, 'item1': 3146, 'item2': 2421, 'item3': 1054, 'item4': 3191, 'item5': 3020, 'item6': 3364, 'kills': 8, 'deaths': 1, 'assists': 10, 'largestKillingSpree': 7, 'largestMultiKill': 2, 'killingSprees': 1, 'longestTimeSpentLiving': 657, 'doubleKills': 2, 'tripleKills': 0, 'quadraKills': 0, 'pentaKills': 0, 'unrealKills': 0, 'totalDamageDealt': 119738, 'magicDamageDealt': 86087, 'physicalDamageDealt': 31044, 'trueDamageDealt': 2606, 'largestCriticalStrike': 0, 'totalDamageDealtToChampions': 21491, 'magicDamageDealtToChampions': 15064, 'physicalDamageDealtToChampions': 5391, 'trueDamageDealtToChampions': 1036, 'totalHeal': 8219, 'totalUnitsHealed': 1, 'damageSelfMitigated': 10125, 'damageDealtToObjectives': 4356, 'damageDealtToTurrets': 3339, 'visionScore': 25, 'timeCCingOthers': 3, 'totalDamageTaken': 19467, 'magicalDamageTaken': 8644, 'physicalDamageTaken': 10240, 'trueDamageTaken': 582, 'goldEarned': 11693, 'goldSpent': 10425, 'turretKills': 3, 'inhibitorKills': 1, 'totalMinionsKilled': 188, 'neutralMinionsKilled': 12, 'neutralMinionsKilledTeamJungle': 8, 'neutralMinionsKilledEnemyJungle': 4, 'totalTimeCrowdControlDealt': 67, 'champLevel': 15, 'visionWardsBoughtInGame': 7, 'sightWardsBoughtInGame': 0, 'wardsPlaced': 10, 'wardsKilled': 5, 'firstBloodKill': False, 'firstBloodAssist': False, 'firstTowerKill': False, 'firstTowerAssist': False, 'firstInhibitorKill': False, 'firstInhibitorAssist': False, 'combatPlayerScore': 0, 'objectivePlayerScore': 0, 'totalPlayerScore': 0, 'totalScoreRank': 0, 'playerScore0': 0, 'playerScore1': 0, 'playerScore2': 0, 'playerScore3': 0, 'playerScore4': 0, 'playerScore5': 0, 'playerScore6': 0, 'playerScore7': 0, 'playerScore8': 0, 'playerScore9': 0, 'perk0': 8010, 'perk0Var1': 1413, 'perk0Var2': 0, 'perk0Var3': 0, 'perk1': 8009, 'perk1Var1': 810, 'perk1Var2': 50, 'perk1Var3': 0, 'perk2': 9104, 'perk2Var1': 12, 'perk2Var2': 40, 'perk2Var3': 0, 'perk3': 8014, 'perk3Var1': 598, 'perk3Var2': 0, 'perk3Var3': 0, 'perk4': 8139, 'perk4Var1': 801, 'perk4Var2': 0, 'perk4Var3': 0, 'perk5': 8135, 'perk5Var1': 2261, 'perk5Var2': 5, 'perk5Var3': 0, 'perkPrimaryStyle': 8000, 'perkSubStyle': 8100, 'statPerk0': 5008, 'statPerk1': 5008, 'statPerk2': 5003}, 'timeline': {'participantId': 1, 'creepsPerMinDeltas': {'10-20': 7.8, '0-10': 7.8}, 'xpPerMinDeltas': {'10-20': 562.1, '0-10': 485.2}, 'goldPerMinDeltas': {'10-20': 472.9, '0-10': 268.8}, 'csDiffPerMinDeltas': {'10-20': 0.9999999999999996, '0-10': 0.8999999999999995}, 'xpDiffPerMinDeltas': {'10-20': 81.60000000000005, '0-10': 40.19999999999999}, 'damageTakenPerMinDeltas': {'10-20': 634.0999999999999, '0-10': 348.2}, 'damageTakenDiffPerMinDeltas': {'10-20': -620.5, '0-10': -237.4}, 'role': 'SOLO', 'lane': 'MIDDLE'}}, {'participantId': 2, 'teamId': 100, 'championId': 22, 'spell1Id': 7, 'spell2Id': 4, 'stats': {'participantId': 2, 'win': True, 'item0': 3153, 'item1': 0, 'item2': 3031, 'item3': 3085, 'item4': 1055, 'item5': 3006, 'item6': 3363, 'kills': 4, 'deaths': 3, 'assists': 20, 'largestKillingSpree': 2, 'largestMultiKill': 1, 'killingSprees': 2, 'longestTimeSpentLiving': 882, 'doubleKills': 0, 'tripleKills': 0, 'quadraKills': 0, 'pentaKills': 0, 'unrealKills': 0, 'totalDamageDealt': 158609, 'magicDamageDealt': 2605, 'physicalDamageDealt': 153765, 'trueDamageDealt': 2238, 'largestCriticalStrike': 445, 'totalDamageDealtToChampions': 16769, 'magicDamageDealtToChampions': 1605, 'physicalDamageDealtToChampions': 14677, 'trueDamageDealtToChampions': 486, 'totalHeal': 2407, 'totalUnitsHealed': 2, 'damageSelfMitigated': 12990, 'damageDealtToObjectives': 21764, 'damageDealtToTurrets': 8823, 'visionScore': 23, 'timeCCingOthers': 37, 'totalDamageTaken': 13013, 'magicalDamageTaken': 4215, 'physicalDamageTaken': 8526, 'trueDamageTaken': 270, 'goldEarned': 12504, 'goldSpent': 11800, 'turretKills': 1, 'inhibitorKills': 1, 'totalMinionsKilled': 169, 'neutralMinionsKilled': 35, 'neutralMinionsKilledTeamJungle': 17, 'neutralMinionsKilledEnemyJungle': 12, 'totalTimeCrowdControlDealt': 858, 'champLevel': 14, 'visionWardsBoughtInGame': 1, 'sightWardsBoughtInGame': 0, 'wardsPlaced': 9, 'wardsKilled': 5, 'firstBloodKill': True, 'firstBloodAssist': False, 'firstTowerKill': True, 'firstTowerAssist': False, 'firstInhibitorKill': False, 'firstInhibitorAssist': False, 'combatPlayerScore': 0, 'objectivePlayerScore': 0, 'totalPlayerScore': 0, 'totalScoreRank': 0, 'playerScore0': 0, 'playerScore1': 0, 'playerScore2': 0, 'playerScore3': 0, 'playerScore4': 0, 'playerScore5': 0, 'playerScore6': 0, 'playerScore7': 0, 'playerScore8': 0, 'playerScore9': 0, 'perk0': 8008, 'perk0Var1': 2, 'perk0Var2': 10, 'perk0Var3': 0, 'perk1': 9101, 'perk1Var1': 5068, 'perk1Var2': 5585, 'perk1Var3': 0, 'perk2': 9103, 'perk2Var1': 17, 'perk2Var2': 10, 'perk2Var3': 0, 'perk3': 8014, 'perk3Var1': 317, 'perk3Var2': 0, 'perk3Var3': 0, 'perk4': 8410, 'perk4Var1': 111, 'perk4Var2': 0, 'perk4Var3': 0, 'perk5': 8345, 'perk5Var1': 3, 'perk5Var2': 0, 'perk5Var3': 0, 'perkPrimaryStyle': 8000, 'perkSubStyle': 8300, 'statPerk0': 5005, 'statPerk1': 5008, 'statPerk2': 5002}, 'timeline': {'participantId': 2, 'creepsPerMinDeltas': {'10-20': 9, '0-10': 6.6}, 'xpPerMinDeltas': {'10-20': 601.5, '0-10': 329}, 'goldPerMinDeltas': {'10-20': 539.9000000000001, '0-10': 351.4}, 'csDiffPerMinDeltas': {'10-20': 1.1000000000000003, '0-10': 0.7999999999999998}, 'xpDiffPerMinDeltas': {'10-20': 122.49999999999997, '0-10': 52.90000000000002}, 'damageTakenPerMinDeltas': {'10-20': 359.1, '0-10': 225.29999999999998}, 'damageTakenDiffPerMinDeltas': {'10-20': -181.79999999999998, '0-10': -117.50000000000003}, 'role': 'DUO_CARRY', 'lane': 'BOTTOM'}}, {'participantId': 3, 'teamId': 100, 'championId': 59, 'spell1Id': 11, 'spell2Id': 4, 'stats': {'participantId': 3, 'win': True, 'item0': 3193, 'item1': 2055, 'item2': 3110, 'item3': 3047, 'item4': 0, 'item5': 1413, 'item6': 3364, 'kills': 5, 'deaths': 5, 'assists': 24, 'largestKillingSpree': 2, 'largestMultiKill': 1, 'killingSprees': 1, 'longestTimeSpentLiving': 463, 'doubleKills': 0, 'tripleKills': 0, 'quadraKills': 0, 'pentaKills': 0, 'unrealKills': 0, 'totalDamageDealt': 115122, 'magicDamageDealt': 35818, 'physicalDamageDealt': 71013, 'trueDamageDealt': 8290, 'largestCriticalStrike': 0, 'totalDamageDealtToChampions': 13926, 'magicDamageDealtToChampions': 2148, 'physicalDamageDealtToChampions': 10231, 'trueDamageDealtToChampions': 1547, 'totalHeal': 9402, 'totalUnitsHealed': 1, 'damageSelfMitigated': 31376, 'damageDealtToObjectives': 16551, 'damageDealtToTurrets': 2128, 'visionScore': 60, 'timeCCingOthers': 29, 'totalDamageTaken': 22727, 'magicalDamageTaken': 8289, 'physicalDamageTaken': 14169, 'trueDamageTaken': 268, 'goldEarned': 11116, 'goldSpent': 9700, 'turretKills': 3, 'inhibitorKills': 0, 'totalMinionsKilled': 31, 'neutralMinionsKilled': 85, 'neutralMinionsKilledTeamJungle': 51, 'neutralMinionsKilledEnemyJungle': 17, 'totalTimeCrowdControlDealt': 537, 'champLevel': 14, 'visionWardsBoughtInGame': 10, 'sightWardsBoughtInGame': 0, 'wardsPlaced': 26, 'wardsKilled': 14, 'firstBloodKill': False, 'firstBloodAssist': False, 'firstTowerKill': False, 'firstTowerAssist': False, 'firstInhibitorKill': False, 'firstInhibitorAssist': True, 'combatPlayerScore': 0, 'objectivePlayerScore': 0, 'totalPlayerScore': 0, 'totalScoreRank': 0, 'playerScore0': 0, 'playerScore1': 0, 'playerScore2': 0, 'playerScore3': 0, 'playerScore4': 0, 'playerScore5': 0, 'playerScore6': 0, 'playerScore7': 0, 'playerScore8': 0, 'playerScore9': 0, 'perk0': 8010, 'perk0Var1': 643, 'perk0Var2': 0, 'perk0Var3': 0, 'perk1': 9111, 'perk1Var1': 1700, 'perk1Var2': 580, 'perk1Var3': 0, 'perk2': 9104, 'perk2Var1': 11, 'perk2Var2': 0, 'perk2Var3': 0, 'perk3': 8014, 'perk3Var1': 186, 'perk3Var2': 0, 'perk3Var3': 0, 'perk4': 8136, 'perk4Var1': 17, 'perk4Var2': 30, 'perk4Var3': 0, 'perk5': 8135, 'perk5Var1': 4003, 'perk5Var2': 5, 'perk5Var3': 0, 'perkPrimaryStyle': 8000, 'perkSubStyle': 8100, 'statPerk0': 5005, 'statPerk1': 5008, 'statPerk2': 5002}, 'timeline': {'participantId': 3, 'creepsPerMinDeltas': {'10-20': 1.2000000000000002, '0-10': 0.5}, 'xpPerMinDeltas': {'10-20': 472.4, '0-10': 261.1}, 'goldPerMinDeltas': {'10-20': 409.4, '0-10': 337.6}, 'csDiffPerMinDeltas': {'10-20': -0.4, '0-10': -0.09999999999999998}, 'xpDiffPerMinDeltas': {'10-20': 125.20000000000002, '0-10': -103.69999999999999}, 'damageTakenPerMinDeltas': {'10-20': 871.5, '0-10': 616.9}, 'damageTakenDiffPerMinDeltas': {'10-20': -227.30000000000007, '0-10': -115.6}, 'role': 'NONE', 'lane': 'JUNGLE'}}, {'participantId': 4, 'teamId': 100, 'championId': 126, 'spell1Id': 12, 'spell2Id': 4, 'stats': {'participantId': 4, 'win': True, 'item0': 3009, 'item1': 1055, 'item2': 3142, 'item3': 3147, 'item4': 3071, 'item5': 3033, 'item6': 3364, 'kills': 14, 'deaths': 1, 'assists': 13, 'largestKillingSpree': 10, 'largestMultiKill': 3, 'killingSprees': 2, 'longestTimeSpentLiving': 741, 'doubleKills': 2, 'tripleKills': 1, 'quadraKills': 0, 'pentaKills': 0, 'unrealKills': 0, 'totalDamageDealt': 168366, 'magicDamageDealt': 16102, 'physicalDamageDealt': 148134, 'trueDamageDealt': 4129, 'largestCriticalStrike': 0, 'totalDamageDealtToChampions': 28114, 'magicDamageDealtToChampions': 2246, 'physicalDamageDealtToChampions': 25663, 'trueDamageDealtToChampions': 204, 'totalHeal': 1407, 'totalUnitsHealed': 1, 'damageSelfMitigated': 7507, 'damageDealtToObjectives': 19084, 'damageDealtToTurrets': 6438, 'visionScore': 21, 'timeCCingOthers': 4, 'totalDamageTaken': 14179, 'magicalDamageTaken': 6815, 'physicalDamageTaken': 7255, 'trueDamageTaken': 108, 'goldEarned': 14368, 'goldSpent': 13075, 'turretKills': 1, 'inhibitorKills': 0, 'totalMinionsKilled': 197, 'neutralMinionsKilled': 20, 'neutralMinionsKilledTeamJungle': 8, 'neutralMinionsKilledEnemyJungle': 4, 'totalTimeCrowdControlDealt': 111, 'champLevel': 16, 'visionWardsBoughtInGame': 5, 'sightWardsBoughtInGame': 0, 'wardsPlaced': 10, 'wardsKilled': 5, 'firstBloodKill': False, 'firstBloodAssist': False, 'firstTowerKill': False, 'firstTowerAssist': False, 'firstInhibitorKill': False, 'firstInhibitorAssist': True, 'combatPlayerScore': 0, 'objectivePlayerScore': 0, 'totalPlayerScore': 0, 'totalScoreRank': 0, 'playerScore0': 0, 'playerScore1': 0, 'playerScore2': 0, 'playerScore3': 0, 'playerScore4': 0, 'playerScore5': 0, 'playerScore6': 0, 'playerScore7': 0, 'playerScore8': 0, 'playerScore9': 0, 'perk0': 8230, 'perk0Var1': 14, 'perk0Var2': 0, 'perk0Var3': 0, 'perk1': 8226, 'perk1Var1': 250, 'perk1Var2': 1106, 'perk1Var3': 0, 'perk2': 8233, 'perk2Var1': 15, 'perk2Var2': 20, 'perk2Var3': 0, 'perk3': 8237, 'perk3Var1': 449, 'perk3Var2': 0, 'perk3Var3': 0, 'perk4': 8304, 'perk4Var1': 10, 'perk4Var2': 3, 'perk4Var3': 0, 'perk5': 8345, 'perk5Var1': 3, 'perk5Var2': 0, 'perk5Var3': 0, 'perkPrimaryStyle': 8200, 'perkSubStyle': 8300, 'statPerk0': 5008, 'statPerk1': 5008, 'statPerk2': 5002}, 'timeline': {'participantId': 4, 'creepsPerMinDeltas': {'10-20': 6.699999999999999, '0-10': 8.8}, 'xpPerMinDeltas': {'10-20': 549.3, '0-10': 451.7}, 'goldPerMinDeltas': {'10-20': 647.9000000000001, '0-10': 314.4}, 'csDiffPerMinDeltas': {'10-20': -0.8999999999999999, '0-10': 0.10000000000000009}, 'xpDiffPerMinDeltas': {'10-20': 124.10000000000002, '0-10': -45.900000000000006}, 'damageTakenPerMinDeltas': {'10-20': 566.4, '0-10': 242.6}, 'damageTakenDiffPerMinDeltas': {'10-20': -485.2, '0-10': -232.1}, 'role': 'SOLO', 'lane': 'TOP'}}, {'participantId': 5, 'teamId': 100, 'championId': 235, 'spell1Id': 4, 'spell2Id': 21, 'stats': {'participantId': 5, 'win': True, 'item0': 3814, 'item1': 3864, 'item2': 1036, 'item3': 3179, 'item4': 1036, 'item5': 3009, 'item6': 3364, 'kills': 5, 'deaths': 10, 'assists': 21, 'largestKillingSpree': 2, 'largestMultiKill': 2, 'killingSprees': 1, 'longestTimeSpentLiving': 195, 'doubleKills': 1, 'tripleKills': 0, 'quadraKills': 0, 'pentaKills': 0, 'unrealKills': 0, 'totalDamageDealt': 50681, 'magicDamageDealt': 0, 'physicalDamageDealt': 49088, 'trueDamageDealt': 1593, 'largestCriticalStrike': 1567, 'totalDamageDealtToChampions': 22149, 'magicDamageDealtToChampions': 0, 'physicalDamageDealtToChampions': 22149, 'trueDamageDealtToChampions': 0, 'totalHeal': 7177, 'totalUnitsHealed': 5, 'damageSelfMitigated': 9905, 'damageDealtToObjectives': 5649, 'damageDealtToTurrets': 2111, 'visionScore': 55, 'timeCCingOthers': 46, 'totalDamageTaken': 18271, 'magicalDamageTaken': 5187, 'physicalDamageTaken': 12343, 'trueDamageTaken': 739, 'goldEarned': 9482, 'goldSpent': 7725, 'turretKills': 1, 'inhibitorKills': 0, 'totalMinionsKilled': 28, 'neutralMinionsKilled': 5, 'neutralMinionsKilledTeamJungle': 0, 'neutralMinionsKilledEnemyJungle': 0, 'totalTimeCrowdControlDealt': 161, 'champLevel': 12, 'visionWardsBoughtInGame': 5, 'sightWardsBoughtInGame': 0, 'wardsPlaced': 24, 'wardsKilled': 10, 'firstBloodKill': False, 'firstBloodAssist': False, 'firstTowerKill': False, 'firstTowerAssist': True, 'firstInhibitorKill': False, 'firstInhibitorAssist': True, 'combatPlayerScore': 0, 'objectivePlayerScore': 0, 'totalPlayerScore': 0, 'totalScoreRank': 0, 'playerScore0': 0, 'playerScore1': 0, 'playerScore2': 0, 'playerScore3': 0, 'playerScore4': 0, 'playerScore5': 0, 'playerScore6': 0, 'playerScore7': 0, 'playerScore8': 0, 'playerScore9': 0, 'perk0': 8351, 'perk0Var1': 59, 'perk0Var2': 0, 'perk0Var3': 0, 'perk1': 8304, 'perk1Var1': 8, 'perk1Var2': 1, 'perk1Var3': 5, 'perk2': 8345, 'perk2Var1': 3, 'perk2Var2': 0, 'perk2Var3': 0, 'perk3': 8410, 'perk3Var1': 103, 'perk3Var2': 0, 'perk3Var3': 0, 'perk4': 8009, 'perk4Var1': 2708, 'perk4Var2': 500, 'perk4Var3': 0, 'perk5': 8014, 'perk5Var1': 315, 'perk5Var2': 0, 'perk5Var3': 0, 'perkPrimaryStyle': 8300, 'perkSubStyle': 8000, 'statPerk0': 5008, 'statPerk1': 5008, 'statPerk2': 5002}, 'timeline': {'participantId': 5, 'creepsPerMinDeltas': {'10-20': 1.3, '0-10': 0.4}, 'xpPerMinDeltas': {'10-20': 261.2, '0-10': 269.2}, 'goldPerMinDeltas': {'10-20': 355.1, '0-10': 254.4}, 'csDiffPerMinDeltas': {'10-20': 1.1000000000000003, '0-10': 0.7999999999999998}, 'xpDiffPerMinDeltas': {'10-20': 122.49999999999997, '0-10': 52.90000000000002}, 'damageTakenPerMinDeltas': {'10-20': 817.8, '0-10': 478.4}, 'damageTakenDiffPerMinDeltas': {'10-20': -181.79999999999998, '0-10': -117.50000000000003}, 'role': 'DUO_SUPPORT', 'lane': 'BOTTOM'}}, {'participantId': 6, 'teamId': 200, 'championId': 12, 'spell1Id': 14, 'spell2Id': 4, 'stats': {'participantId': 6, 'win': False, 'item0': 3800, 'item1': 3067, 'item2': 3860, 'item3': 2055, 'item4': 1031, 'item5': 3117, 'item6': 3364, 'kills': 4, 'deaths': 8, 'assists': 8, 'largestKillingSpree': 2, 'largestMultiKill': 1, 'killingSprees': 1, 'longestTimeSpentLiving': 369, 'doubleKills': 0, 'tripleKills': 0, 'quadraKills': 0, 'pentaKills': 0, 'unrealKills': 0, 'totalDamageDealt': 21328, 'magicDamageDealt': 10118, 'physicalDamageDealt': 3730, 'trueDamageDealt': 7480, 'largestCriticalStrike': 0, 'totalDamageDealtToChampions': 5440, 'magicDamageDealtToChampions': 4346, 'physicalDamageDealtToChampions': 817, 'trueDamageDealtToChampions': 276, 'totalHeal': 4094, 'totalUnitsHealed': 5, 'damageSelfMitigated': 21587, 'damageDealtToObjectives': 1007, 'damageDealtToTurrets': 0, 'visionScore': 48, 'timeCCingOthers': 44, 'totalDamageTaken': 19493, 'magicalDamageTaken': 3767, 'physicalDamageTaken': 15014, 'trueDamageTaken': 712, 'goldEarned': 7113, 'goldSpent': 6875, 'turretKills': 0, 'inhibitorKills': 0, 'totalMinionsKilled': 27, 'neutralMinionsKilled': 0, 'neutralMinionsKilledTeamJungle': 0, 'neutralMinionsKilledEnemyJungle': 0, 'totalTimeCrowdControlDealt': 101, 'champLevel': 10, 'visionWardsBoughtInGame': 13, 'sightWardsBoughtInGame': 0, 'wardsPlaced': 35, 'wardsKilled': 4, 'firstBloodKill': False, 'firstBloodAssist': False, 'firstTowerKill': False, 'firstTowerAssist': False, 'firstInhibitorKill': False, 'firstInhibitorAssist': False, 'combatPlayerScore': 0, 'objectivePlayerScore': 0, 'totalPlayerScore': 0, 'totalScoreRank': 0, 'playerScore0': 0, 'playerScore1': 0, 'playerScore2': 0, 'playerScore3': 0, 'playerScore4': 0, 'playerScore5': 0, 'playerScore6': 0, 'playerScore7': 0, 'playerScore8': 0, 'playerScore9': 0, 'perk0': 8439, 'perk0Var1': 609, 'perk0Var2': 0, 'perk0Var3': 0, 'perk1': 8463, 'perk1Var1': 730, 'perk1Var2': 0, 'perk1Var3': 0, 'perk2': 8444, 'perk2Var1': 530, 'perk2Var2': 0, 'perk2Var3': 0, 'perk3': 8453, 'perk3Var1': 417, 'perk3Var2': 7, 'perk3Var3': 0, 'perk4': 8306, 'perk4Var1': 4, 'perk4Var2': 0, 'perk4Var3': 0, 'perk5': 8316, 'perk5Var1': 663, 'perk5Var2': 0, 'perk5Var3': 0, 'perkPrimaryStyle': 8400, 'perkSubStyle': 8300, 'statPerk0': 5007, 'statPerk1': 5002, 'statPerk2': 5002}, 'timeline': {'participantId': 6, 'creepsPerMinDeltas': {'10-20': 1.3, '0-10': 1}, 'xpPerMinDeltas': {'10-20': 257.5, '0-10': 208.2}, 'goldPerMinDeltas': {'10-20': 229.10000000000002, '0-10': 300.2}, 'csDiffPerMinDeltas': {'10-20': -1.1000000000000003, '0-10': -0.7999999999999998}, 'xpDiffPerMinDeltas': {'10-20': -122.49999999999997, '0-10': -52.90000000000002}, 'damageTakenPerMinDeltas': {'10-20': 809.5, '0-10': 506.5}, 'damageTakenDiffPerMinDeltas': {'10-20': 181.79999999999998, '0-10': 117.50000000000003}, 'role': 'DUO_SUPPORT', 'lane': 'BOTTOM'}}, {'participantId': 7, 'teamId': 200, 'championId': 83, 'spell1Id': 4, 'spell2Id': 12, 'stats': {'participantId': 7, 'win': False, 'item0': 1054, 'item1': 3078, 'item2': 3053, 'item3': 3047, 'item4': 3076, 'item5': 1028, 'item6': 3340, 'kills': 5, 'deaths': 4, 'assists': 4, 'largestKillingSpree': 3, 'largestMultiKill': 1, 'killingSprees': 1, 'longestTimeSpentLiving': 935, 'doubleKills': 0, 'tripleKills': 0, 'quadraKills': 0, 'pentaKills': 0, 'unrealKills': 0, 'totalDamageDealt': 156153, 'magicDamageDealt': 27241, 'physicalDamageDealt': 128192, 'trueDamageDealt': 718, 'largestCriticalStrike': 11, 'totalDamageDealtToChampions': 19051, 'magicDamageDealtToChampions': 7180, 'physicalDamageDealtToChampions': 11870, 'trueDamageDealtToChampions': 0, 'totalHeal': 3819, 'totalUnitsHealed': 1, 'damageSelfMitigated': 28396, 'damageDealtToObjectives': 11710, 'damageDealtToTurrets': 4024, 'visionScore': 15, 'timeCCingOthers': 8, 'totalDamageTaken': 25468, 'magicalDamageTaken': 2373, 'physicalDamageTaken': 22496, 'trueDamageTaken': 598, 'goldEarned': 12516, 'goldSpent': 11983, 'turretKills': 1, 'inhibitorKills': 0, 'totalMinionsKilled': 215, 'neutralMinionsKilled': 25, 'neutralMinionsKilledTeamJungle': 20, 'neutralMinionsKilledEnemyJungle': 0, 'totalTimeCrowdControlDealt': 191, 'champLevel': 15, 'visionWardsBoughtInGame': 4, 'sightWardsBoughtInGame': 0, 'wardsPlaced': 12, 'wardsKilled': 2, 'firstBloodKill': False, 'firstBloodAssist': False, 'firstTowerKill': False, 'firstTowerAssist': False, 'firstInhibitorKill': False, 'firstInhibitorAssist': False, 'combatPlayerScore': 0, 'objectivePlayerScore': 0, 'totalPlayerScore': 0, 'totalScoreRank': 0, 'playerScore0': 0, 'playerScore1': 0, 'playerScore2': 0, 'playerScore3': 0, 'playerScore4': 0, 'playerScore5': 0, 'playerScore6': 0, 'playerScore7': 0, 'playerScore8': 0, 'playerScore9': 0, 'perk0': 8437, 'perk0Var1': 1191, 'perk0Var2': 965, 'perk0Var3': 0, 'perk1': 8446, 'perk1Var1': 806, 'perk1Var2': 0, 'perk1Var3': 0, 'perk2': 8444, 'perk2Var1': 1190, 'perk2Var2': 0, 'perk2Var3': 0, 'perk3': 8451, 'perk3Var1': 211, 'perk3Var2': 0, 'perk3Var3': 0, 'perk4': 9101, 'perk4Var1': 5555, 'perk4Var2': 4658, 'perk4Var3': 0, 'perk5': 9103, 'perk5Var1': 26, 'perk5Var2': 0, 'perk5Var3': 0, 'perkPrimaryStyle': 8400, 'perkSubStyle': 8000, 'statPerk0': 5008, 'statPerk1': 5002, 'statPerk2': 5003}, 'timeline': {'participantId': 7, 'creepsPerMinDeltas': {'10-20': 7.6, '0-10': 8.7}, 'xpPerMinDeltas': {'10-20': 425.2, '0-10': 497.6}, 'goldPerMinDeltas': {'10-20': 555.8, '0-10': 331.6}, 'csDiffPerMinDeltas': {'10-20': 0.8999999999999999, '0-10': -0.10000000000000009}, 'xpDiffPerMinDeltas': {'10-20': -124.10000000000002, '0-10': 45.900000000000006}, 'damageTakenPerMinDeltas': {'10-20': 1051.6, '0-10': 474.7}, 'damageTakenDiffPerMinDeltas': {'10-20': 485.2, '0-10': 232.1}, 'role': 'SOLO', 'lane': 'TOP'}}, {'participantId': 8, 'teamId': 200, 'championId': 421, 'spell1Id': 11, 'spell2Id': 4, 'stats': {'participantId': 8, 'win': False, 'item0': 1033, 'item1': 2055, 'item2': 3071, 'item3': 1400, 'item4': 3047, 'item5': 1028, 'item6': 3364, 'kills': 5, 'deaths': 8, 'assists': 7, 'largestKillingSpree': 2, 'largestMultiKill': 1, 'killingSprees': 1, 'longestTimeSpentLiving': 372, 'doubleKills': 0, 'tripleKills': 0, 'quadraKills': 0, 'pentaKills': 0, 'unrealKills': 0, 'totalDamageDealt': 114299, 'magicDamageDealt': 4254, 'physicalDamageDealt': 92729, 'trueDamageDealt': 17315, 'largestCriticalStrike': 0, 'totalDamageDealtToChampions': 8127, 'magicDamageDealtToChampions': 0, 'physicalDamageDealtToChampions': 6433, 'trueDamageDealtToChampions': 1693, 'totalHeal': 9186, 'totalUnitsHealed': 1, 'damageSelfMitigated': 15595, 'damageDealtToObjectives': 14607, 'damageDealtToTurrets': 0, 'visionScore': 43, 'timeCCingOthers': 16, 'totalDamageTaken': 28907, 'magicalDamageTaken': 6372, 'physicalDamageTaken': 21895, 'trueDamageTaken': 639, 'goldEarned': 9084, 'goldSpent': 8475, 'turretKills': 0, 'inhibitorKills': 0, 'totalMinionsKilled': 34, 'neutralMinionsKilled': 102, 'neutralMinionsKilledTeamJungle': 68, 'neutralMinionsKilledEnemyJungle': 0, 'totalTimeCrowdControlDealt': 278, 'champLevel': 12, 'visionWardsBoughtInGame': 10, 'sightWardsBoughtInGame': 0, 'wardsPlaced': 19, 'wardsKilled': 12, 'firstBloodKill': False, 'firstBloodAssist': False, 'firstTowerKill': False, 'firstTowerAssist': False, 'firstInhibitorKill': False, 'firstInhibitorAssist': False, 'combatPlayerScore': 0, 'objectivePlayerScore': 0, 'totalPlayerScore': 0, 'totalScoreRank': 0, 'playerScore0': 0, 'playerScore1': 0, 'playerScore2': 0, 'playerScore3': 0, 'playerScore4': 0, 'playerScore5': 0, 'playerScore6': 0, 'playerScore7': 0, 'playerScore8': 0, 'playerScore9': 0, 'perk0': 9923, 'perk0Var1': 27, 'perk0Var2': 75, 'perk0Var3': 0, 'perk1': 8126, 'perk1Var1': 327, 'perk1Var2': 0, 'perk1Var3': 0, 'perk2': 8136, 'perk2Var1': 11, 'perk2Var2': 30, 'perk2Var3': 0, 'perk3': 8105, 'perk3Var1': 13, 'perk3Var2': 4, 'perk3Var3': 0, 'perk4': 8275, 'perk4Var1': 20, 'perk4Var2': 0, 'perk4Var3': 0, 'perk5': 8232, 'perk5Var1': 4, 'perk5Var2': 0, 'perk5Var3': 0, 'perkPrimaryStyle': 8100, 'perkSubStyle': 8200, 'statPerk0': 5005, 'statPerk1': 5008, 'statPerk2': 5002}, 'timeline': {'participantId': 8, 'creepsPerMinDeltas': {'10-20': 1.6, '0-10': 0.6}, 'xpPerMinDeltas': {'10-20': 347.2, '0-10': 364.79999999999995}, 'goldPerMinDeltas': {'10-20': 356.29999999999995, '0-10': 301.20000000000005}, 'csDiffPerMinDeltas': {'10-20': 0.4, '0-10': 0.09999999999999998}, 'xpDiffPerMinDeltas': {'10-20': -125.20000000000002, '0-10': 103.69999999999999}, 'damageTakenPerMinDeltas': {'10-20': 1098.8000000000002, '0-10': 732.5}, 'damageTakenDiffPerMinDeltas': {'10-20': 227.30000000000007, '0-10': 115.6}, 'role': 'NONE', 'lane': 'JUNGLE'}}, {'participantId': 9, 'teamId': 200, 'championId': 81, 'spell1Id': 7, 'spell2Id': 4, 'stats': {'participantId': 9, 'win': False, 'item0': 3144, 'item1': 3042, 'item2': 3025, 'item3': 1083, 'item4': 1055, 'item5': 3158, 'item6': 3363, 'kills': 1, 'deaths': 10, 'assists': 8, 'largestKillingSpree': 0, 'largestMultiKill': 1, 'killingSprees': 0, 'longestTimeSpentLiving': 255, 'doubleKills': 0, 'tripleKills': 0, 'quadraKills': 0, 'pentaKills': 0, 'unrealKills': 0, 'totalDamageDealt': 94220, 'magicDamageDealt': 12061, 'physicalDamageDealt': 82158, 'trueDamageDealt': 0, 'largestCriticalStrike': 0, 'totalDamageDealtToChampions': 12507, 'magicDamageDealtToChampions': 3868, 'physicalDamageDealtToChampions': 8638, 'trueDamageDealtToChampions': 0, 'totalHeal': 2163, 'totalUnitsHealed': 2, 'damageSelfMitigated': 6203, 'damageDealtToObjectives': 1238, 'damageDealtToTurrets': 188, 'visionScore': 12, 'timeCCingOthers': 1, 'totalDamageTaken': 18166, 'magicalDamageTaken': 3487, 'physicalDamageTaken': 13967, 'trueDamageTaken': 712, 'goldEarned': 8831, 'goldSpent': 8500, 'turretKills': 0, 'inhibitorKills': 0, 'totalMinionsKilled': 163, 'neutralMinionsKilled': 0, 'neutralMinionsKilledTeamJungle': 0, 'neutralMinionsKilledEnemyJungle': 0, 'totalTimeCrowdControlDealt': 143, 'champLevel': 12, 'visionWardsBoughtInGame': 0, 'sightWardsBoughtInGame': 0, 'wardsPlaced': 7, 'wardsKilled': 5, 'firstBloodKill': False, 'firstBloodAssist': False, 'firstTowerKill': False, 'firstTowerAssist': False, 'firstInhibitorKill': False, 'firstInhibitorAssist': False, 'combatPlayerScore': 0, 'objectivePlayerScore': 0, 'totalPlayerScore': 0, 'totalScoreRank': 0, 'playerScore0': 0, 'playerScore1': 0, 'playerScore2': 0, 'playerScore3': 0, 'playerScore4': 0, 'playerScore5': 0, 'playerScore6': 0, 'playerScore7': 0, 'playerScore8': 0, 'playerScore9': 0, 'perk0': 8008, 'perk0Var1': 1, 'perk0Var2': 40, 'perk0Var3': 0, 'perk1': 8009, 'perk1Var1': 1789, 'perk1Var2': 500, 'perk1Var3': 0, 'perk2': 9103, 'perk2Var1': 0, 'perk2Var2': 0, 'perk2Var3': 0, 'perk3': 8014, 'perk3Var1': 138, 'perk3Var2': 0, 'perk3Var3': 0, 'perk4': 8304, 'perk4Var1': 8, 'perk4Var2': 1, 'perk4Var3': 5, 'perk5': 8345, 'perk5Var1': 3, 'perk5Var2': 0, 'perk5Var3': 0, 'perkPrimaryStyle': 8000, 'perkSubStyle': 8300, 'statPerk0': 5005, 'statPerk1': 5008, 'statPerk2': 5002}, 'timeline': {'participantId': 9, 'creepsPerMinDeltas': {'10-20': 6.800000000000001, '0-10': 4.4}, 'xpPerMinDeltas': {'10-20': 360.20000000000005, '0-10': 284.20000000000005}, 'goldPerMinDeltas': {'10-20': 346.1, '0-10': 263.4}, 'csDiffPerMinDeltas': {'10-20': -1.1000000000000003, '0-10': -0.7999999999999998}, 'xpDiffPerMinDeltas': {'10-20': -122.49999999999997, '0-10': -52.90000000000002}, 'damageTakenPerMinDeltas': {'10-20': 731, '0-10': 432.2}, 'damageTakenDiffPerMinDeltas': {'10-20': 181.79999999999998, '0-10': 117.50000000000003}, 'role': 'DUO_CARRY', 'lane': 'BOTTOM'}}, {'participantId': 10, 'teamId': 200, 'championId': 517, 'spell1Id': 4, 'spell2Id': 12, 'stats': {'participantId': 10, 'win': False, 'item0': 3152, 'item1': 2421, 'item2': 3285, 'item3': 3020, 'item4': 3916, 'item5': 0, 'item6': 3364, 'kills': 5, 'deaths': 6, 'assists': 3, 'largestKillingSpree': 2, 'largestMultiKill': 2, 'killingSprees': 2, 'longestTimeSpentLiving': 505, 'doubleKills': 1, 'tripleKills': 0, 'quadraKills': 0, 'pentaKills': 0, 'unrealKills': 0, 'totalDamageDealt': 105170, 'magicDamageDealt': 87868, 'physicalDamageDealt': 6927, 'trueDamageDealt': 10374, 'largestCriticalStrike': 0, 'totalDamageDealtToChampions': 17009, 'magicDamageDealtToChampions': 16126, 'physicalDamageDealtToChampions': 883, 'trueDamageDealtToChampions': 0, 'totalHeal': 8584, 'totalUnitsHealed': 1, 'damageSelfMitigated': 13226, 'damageDealtToObjectives': 3545, 'damageDealtToTurrets': 0, 'visionScore': 11, 'timeCCingOthers': 12, 'totalDamageTaken': 30802, 'magicalDamageTaken': 7442, 'physicalDamageTaken': 22748, 'trueDamageTaken': 611, 'goldEarned': 9864, 'goldSpent': 9975, 'turretKills': 0, 'inhibitorKills': 0, 'totalMinionsKilled': 169, 'neutralMinionsKilled': 6, 'neutralMinionsKilledTeamJungle': 5, 'neutralMinionsKilledEnemyJungle': 0, 'totalTimeCrowdControlDealt': 238, 'champLevel': 14, 'visionWardsBoughtInGame': 1, 'sightWardsBoughtInGame': 0, 'wardsPlaced': 3, 'wardsKilled': 5, 'firstBloodKill': False, 'firstBloodAssist': False, 'firstTowerKill': False, 'firstTowerAssist': False, 'firstInhibitorKill': False, 'firstInhibitorAssist': False, 'combatPlayerScore': 0, 'objectivePlayerScore': 0, 'totalPlayerScore': 0, 'totalScoreRank': 0, 'playerScore0': 0, 'playerScore1': 0, 'playerScore2': 0, 'playerScore3': 0, 'playerScore4': 0, 'playerScore5': 0, 'playerScore6': 0, 'playerScore7': 0, 'playerScore8': 0, 'playerScore9': 0, 'perk0': 8010, 'perk0Var1': 767, 'perk0Var2': 0, 'perk0Var3': 0, 'perk1': 8009, 'perk1Var1': 2132, 'perk1Var2': 500, 'perk1Var3': 0, 'perk2': 9105, 'perk2Var1': 25, 'perk2Var2': 50, 'perk2Var3': 0, 'perk3': 8299, 'perk3Var1': 823, 'perk3Var2': 0, 'perk3Var3': 0, 'perk4': 8345, 'perk4Var1': 3, 'perk4Var2': 0, 'perk4Var3': 0, 'perk5': 8352, 'perk5Var1': 325, 'perk5Var2': 2206, 'perk5Var3': 1108, 'perkPrimaryStyle': 8000, 'perkSubStyle': 8300, 'statPerk0': 5008, 'statPerk1': 5008, 'statPerk2': 5001}, 'timeline': {'participantId': 10, 'creepsPerMinDeltas': {'10-20': 6.800000000000001, '0-10': 6.9}, 'xpPerMinDeltas': {'10-20': 480.5, '0-10': 445}, 'goldPerMinDeltas': {'10-20': 411.70000000000005, '0-10': 245.79999999999998}, 'csDiffPerMinDeltas': {'10-20': -0.9999999999999996, '0-10': -0.8999999999999995}, 'xpDiffPerMinDeltas': {'10-20': -81.60000000000005, '0-10': -40.19999999999999}, 'damageTakenPerMinDeltas': {'10-20': 1254.6, '0-10': 585.6}, 'damageTakenDiffPerMinDeltas': {'10-20': 620.5, '0-10': 237.4}, 'role': 'SOLO', 'lane': 'MIDDLE'}}]",KR,420.0,13.0,,
8,1584683387638.0,1618.0,4231100932.0,CLASSIC,MATCHED_GAME,10.6.313.8894,11.0,"[{'participantId': 1, 'player': {'platformId': 'KR', 'accountId': 'W5fgAOoXiOMXahutBMxaydw1bjQ_e8jg9PNBMZvyzk4ZjtU', 'summonerName': 'Zenit', 'summonerId': '1bIlf_KBahHmDlJZKIFmnYSZ9fccDORuO5T9Q58Vwaabc7o', 'currentPlatformId': 'KR', 'currentAccountId': 'W5fgAOoXiOMXahutBMxaydw1bjQ_e8jg9PNBMZvyzk4ZjtU', 'matchHistoryUri': '/v1/stats/player_history/KR/206500876', 'profileIcon': 552}}, {'participantId': 2, 'player': {'platformId': 'KR', 'accountId': 'IIWG7FRiqE8CuZaCslKkNxkglwpgnePPxDslb2tv66FKrgo', 'summonerName': 'Youtube Thal', 'summonerId': '8Cx100isJ6RMMeOmUX_-Wg0CESabVTYk-e8P8Ijj3zuIiB4', 'currentPlatformId': 'KR', 'currentAccountId': 'IIWG7FRiqE8CuZaCslKkNxkglwpgnePPxDslb2tv66FKrgo', 'matchHistoryUri': '/v1/stats/player_history/KR/201236882', 'profileIcon': 4090}}, {'participantId': 3, 'player': {'platformId': 'KR', 'accountId': '_ymhVSho1OtTs-o3Cj_Didfu6ESr81mVtp-pVdgkWNwwS4Ml3POj4uz6', 'summonerName': '밧형욱', 'summonerId': 'BfMSdtWT3rBV7VCZGsOkRrtsLDxXhPb-H5I_VuYpEscPn1I', 'currentPlatformId': 'KR', 'currentAccountId': '_ymhVSho1OtTs-o3Cj_Didfu6ESr81mVtp-pVdgkWNwwS4Ml3POj4uz6', 'matchHistoryUri': '/v1/stats/player_history/KR/2143589097631136', 'profileIcon': 4404}}, {'participantId': 4, 'player': {'platformId': 'KR', 'accountId': 'BB_S21KUEtgEFTusszVu05gcdvics5XlSSRJRbjzjAX_WTY', 'summonerName': 'T1 Gumayusi', 'summonerId': 'TaB2q-apc8gykUYksGmcqfe5bvrtKmvZEyKjwdfTrno3V5I', 'currentPlatformId': 'KR', 'currentAccountId': 'BB_S21KUEtgEFTusszVu05gcdvics5XlSSRJRbjzjAX_WTY', 'matchHistoryUri': '/v1/stats/player_history/KR/209284814', 'profileIcon': 7}}, {'participantId': 5, 'player': {'platformId': 'KR', 'accountId': 'kc7eS34jTXJ968Gm7vou_oo5v79EiRQI5FLGmQozCmH_X90', 'summonerName': 'SANDBOX TolanD', 'summonerId': 'rRCbmpDuTOK6ATYWK0vqBZ9GJbmAC_fUDughsfQaun-BRK8', 'currentPlatformId': 'KR', 'currentAccountId': 'kc7eS34jTXJ968Gm7vou_oo5v79EiRQI5FLGmQozCmH_X90', 'matchHistoryUri': '/v1/stats/player_history/KR/208276269', 'profileIcon': 4284}}, {'participantId': 6, 'player': {'platformId': 'KR', 'accountId': '01fKKDfDTEV5v5hOuOEg6gMQw-LaZE90W0stwnGS6uRYLrE', 'summonerName': 'Gen G Ruler', 'summonerId': '55qN-1wEpKN43nR7p23_8kl-CYFLBo3rXaL259f_I8ZoJvc', 'currentPlatformId': 'KR', 'currentAccountId': '01fKKDfDTEV5v5hOuOEg6gMQw-LaZE90W0stwnGS6uRYLrE', 'matchHistoryUri': '/v1/stats/player_history/KR/206358340', 'profileIcon': 3890}}, {'participantId': 7, 'player': {'platformId': 'KR', 'accountId': 'SFhyPZQFvBgT819H3v5wj6v0wctdBNUOmYKWBnaTghwKWRU', 'summonerName': 'FA Dalka', 'summonerId': 'PwKsv6pt2ODcmQ0AgY1DB9MqmmoUuDOnJJXgKM016xVhdpA', 'currentPlatformId': 'KR', 'currentAccountId': 'SFhyPZQFvBgT819H3v5wj6v0wctdBNUOmYKWBnaTghwKWRU', 'matchHistoryUri': '/v1/stats/player_history/KR/209498975', 'profileIcon': 4379}}, {'participantId': 8, 'player': {'platformId': 'KR', 'accountId': '7JKrpNmHAW6w9y28naNUOR9RSFo08TOR0g7BkjGY945jvao', 'summonerName': '곽김보태성민광희', 'summonerId': 'AmzUl0S9tzG8zmeDS3yftE7Ex_2tFG09g3Vj7bPAEDCDMAM', 'currentPlatformId': 'KR', 'currentAccountId': '7JKrpNmHAW6w9y28naNUOR9RSFo08TOR0g7BkjGY945jvao', 'matchHistoryUri': '/v1/stats/player_history/KR/207884486', 'profileIcon': 4227}}, {'participantId': 9, 'player': {'platformId': 'KR', 'accountId': '4alTxbRq8V64QzAM-QpuksDdwB70WS4V_IDQWBYfiNqgIGA', 'summonerName': 'Gen G Bonnie', 'summonerId': 'pDy6jb36r46Abuyg8SeUT9FKPFaG-LUCIn0ajRF3kjYPVdw', 'currentPlatformId': 'KR', 'currentAccountId': '4alTxbRq8V64QzAM-QpuksDdwB70WS4V_IDQWBYfiNqgIGA', 'matchHistoryUri': '/v1/stats/player_history/KR/209364129', 'profileIcon': 4151}}, {'participantId': 10, 'player': {'platformId': 'KR', 'accountId': 'hYowxv5IRcwhED-Cs6qo-z4IXUUSX_vqafgtKOQEdqTioWM', 'summonerName': 'T1 Closer', 'summonerId': 'kNvsYhfd0GZi23VV3cbp0McmLxJRdepNuhVXJQFFKut6AzM', 'currentPlatformId': 'KR', 'currentAccountId': 'hYowxv5IRcwhED-Cs6qo-z4IXUUSX_vqafgtKOQEdqTioWM', 'matchHistoryUri': '/v1/stats/player_history/KR/208330238', 'profileIcon': 3864}}]","[{'participantId': 1, 'teamId': 100, 'championId': 555, 'spell1Id': 14, 'spell2Id': 4, 'stats': {'participantId': 1, 'win': True, 'item0': 3857, 'item1': 3110, 'item2': 2055, 'item3': 3179, 'item4': 3117, 'item5': 3155, 'item6': 3364, 'kills': 6, 'deaths': 11, 'assists': 6, 'largestKillingSpree': 2, 'largestMultiKill': 2, 'killingSprees': 1, 'longestTimeSpentLiving': 242, 'doubleKills': 1, 'tripleKills': 0, 'quadraKills': 0, 'pentaKills': 0, 'unrealKills': 0, 'totalDamageDealt': 20422, 'magicDamageDealt': 67, 'physicalDamageDealt': 13391, 'trueDamageDealt': 6962, 'largestCriticalStrike': 0, 'totalDamageDealtToChampions': 6445, 'magicDamageDealtToChampions': 67, 'physicalDamageDealtToChampions': 4760, 'trueDamageDealtToChampions': 1617, 'totalHeal': 2837, 'totalUnitsHealed': 1, 'damageSelfMitigated': 17606, 'damageDealtToObjectives': 1077, 'damageDealtToTurrets': 981, 'visionScore': 83, 'timeCCingOthers': 20, 'totalDamageTaken': 19129, 'magicalDamageTaken': 5296, 'physicalDamageTaken': 12953, 'trueDamageTaken': 880, 'goldEarned': 9552, 'goldSpent': 8650, 'turretKills': 1, 'inhibitorKills': 0, 'totalMinionsKilled': 52, 'neutralMinionsKilled': 0, 'neutralMinionsKilledTeamJungle': 0, 'neutralMinionsKilledEnemyJungle': 0, 'totalTimeCrowdControlDealt': 311, 'champLevel': 12, 'visionWardsBoughtInGame': 8, 'sightWardsBoughtInGame': 0, 'wardsPlaced': 45, 'wardsKilled': 20, 'firstBloodKill': False, 'firstBloodAssist': False, 'firstTowerKill': True, 'firstTowerAssist': False, 'firstInhibitorKill': False, 'firstInhibitorAssist': False, 'combatPlayerScore': 0, 'objectivePlayerScore': 0, 'totalPlayerScore': 0, 'totalScoreRank': 0, 'playerScore0': 0, 'playerScore1': 0, 'playerScore2': 0, 'playerScore3': 0, 'playerScore4': 0, 'playerScore5': 0, 'playerScore6': 0, 'playerScore7': 0, 'playerScore8': 0, 'playerScore9': 0, 'perk0': 8439, 'perk0Var1': 178, 'perk0Var2': 0, 'perk0Var3': 0, 'perk1': 8446, 'perk1Var1': 735, 'perk1Var2': 0, 'perk1Var3': 0, 'perk2': 8473, 'perk2Var1': 579, 'perk2Var2': 0, 'perk2Var3': 0, 'perk3': 8242, 'perk3Var1': 8, 'perk3Var2': 0, 'perk3Var3': 0, 'perk4': 8136, 'perk4Var1': 19, 'perk4Var2': 30, 'perk4Var3': 0, 'perk5': 8105, 'perk5Var1': 13, 'perk5Var2': 4, 'perk5Var3': 0, 'perkPrimaryStyle': 8400, 'perkSubStyle': 8100, 'statPerk0': 5008, 'statPerk1': 5008, 'statPerk2': 5003}, 'timeline': {'participantId': 1, 'creepsPerMinDeltas': {'10-20': 2.6, '0-10': 2.3}, 'xpPerMinDeltas': {'10-20': 358.7, '0-10': 261.29999999999995}, 'goldPerMinDeltas': {'10-20': 381.4, '0-10': 202}, 'csDiffPerMinDeltas': {'10-20': 1.75, '0-10': 0.04999999999999982}, 'xpDiffPerMinDeltas': {'10-20': 56.30000000000001, '0-10': -55}, 'damageTakenPerMinDeltas': {'10-20': 580.4000000000001, '0-10': 559.8}, 'damageTakenDiffPerMinDeltas': {'10-20': -74.65000000000006, '0-10': 193.45000000000002}, 'role': 'DUO_SUPPORT', 'lane': 'BOTTOM'}}, {'participantId': 2, 'teamId': 100, 'championId': 82, 'spell1Id': 4, 'spell2Id': 12, 'stats': {'participantId': 2, 'win': True, 'item0': 3028, 'item1': 3028, 'item2': 3028, 'item3': 3028, 'item4': 3028, 'item5': 3028, 'item6': 3363, 'kills': 4, 'deaths': 3, 'assists': 7, 'largestKillingSpree': 3, 'largestMultiKill': 1, 'killingSprees': 1, 'longestTimeSpentLiving': 1178, 'doubleKills': 0, 'tripleKills': 0, 'quadraKills': 0, 'pentaKills': 0, 'unrealKills': 0, 'totalDamageDealt': 148752, 'magicDamageDealt': 116201, 'physicalDamageDealt': 23237, 'trueDamageDealt': 9313, 'largestCriticalStrike': 11, 'totalDamageDealtToChampions': 17568, 'magicDamageDealtToChampions': 13976, 'physicalDamageDealtToChampions': 3212, 'trueDamageDealtToChampions': 380, 'totalHeal': 11223, 'totalUnitsHealed': 1, 'damageSelfMitigated': 30549, 'damageDealtToObjectives': 12245, 'damageDealtToTurrets': 2484, 'visionScore': 17, 'timeCCingOthers': 6, 'totalDamageTaken': 22754, 'magicalDamageTaken': 4816, 'physicalDamageTaken': 17396, 'trueDamageTaken': 541, 'goldEarned': 11709, 'goldSpent': 15875, 'turretKills': 2, 'inhibitorKills': 0, 'totalMinionsKilled': 201, 'neutralMinionsKilled': 18, 'neutralMinionsKilledTeamJungle': 13, 'neutralMinionsKilledEnemyJungle': 4, 'totalTimeCrowdControlDealt': 84, 'champLevel': 16, 'visionWardsBoughtInGame': 3, 'sightWardsBoughtInGame': 0, 'wardsPlaced': 11, 'wardsKilled': 2, 'firstBloodKill': False, 'firstBloodAssist': False, 'firstTowerKill': False, 'firstTowerAssist': False, 'firstInhibitorKill': False, 'firstInhibitorAssist': False, 'combatPlayerScore': 0, 'objectivePlayerScore': 0, 'totalPlayerScore': 0, 'totalScoreRank': 0, 'playerScore0': 0, 'playerScore1': 0, 'playerScore2': 0, 'playerScore3': 0, 'playerScore4': 0, 'playerScore5': 0, 'playerScore6': 0, 'playerScore7': 0, 'playerScore8': 0, 'playerScore9': 0, 'perk0': 8010, 'perk0Var1': 1083, 'perk0Var2': 0, 'perk0Var3': 0, 'perk1': 9111, 'perk1Var1': 1072, 'perk1Var2': 220, 'perk1Var3': 0, 'perk2': 9104, 'perk2Var1': 15, 'perk2Var2': 30, 'perk2Var3': 0, 'perk3': 8299, 'perk3Var1': 729, 'perk3Var2': 0, 'perk3Var3': 0, 'perk4': 8139, 'perk4Var1': 707, 'perk4Var2': 0, 'perk4Var3': 0, 'perk5': 8135, 'perk5Var1': 3926, 'perk5Var2': 5, 'perk5Var3': 0, 'perkPrimaryStyle': 8000, 'perkSubStyle': 8100, 'statPerk0': 5005, 'statPerk1': 5008, 'statPerk2': 5002}, 'timeline': {'participantId': 2, 'creepsPerMinDeltas': {'10-20': 10.1, '0-10': 7.8}, 'xpPerMinDeltas': {'10-20': 589.4, '0-10': 497.6}, 'goldPerMinDeltas': {'10-20': 431.9, '0-10': 331.7}, 'damageTakenPerMinDeltas': {'10-20': 459.5, '0-10': 604.7}, 'role': 'SOLO', 'lane': 'TOP'}}, {'participantId': 3, 'teamId': 100, 'championId': 59, 'spell1Id': 11, 'spell2Id': 4, 'stats': {'participantId': 3, 'win': True, 'item0': 3026, 'item1': 0, 'item2': 0, 'item3': 1412, 'item4': 3071, 'item5': 3047, 'item6': 3364, 'kills': 8, 'deaths': 1, 'assists': 12, 'largestKillingSpree': 6, 'largestMultiKill': 2, 'killingSprees': 2, 'longestTimeSpentLiving': 1067, 'doubleKills': 1, 'tripleKills': 0, 'quadraKills': 0, 'pentaKills': 0, 'unrealKills': 0, 'totalDamageDealt': 112809, 'magicDamageDealt': 11941, 'physicalDamageDealt': 92217, 'trueDamageDealt': 8650, 'largestCriticalStrike': 0, 'totalDamageDealtToChampions': 13208, 'magicDamageDealtToChampions': 721, 'physicalDamageDealtToChampions': 11624, 'trueDamageDealtToChampions': 862, 'totalHeal': 8930, 'totalUnitsHealed': 1, 'damageSelfMitigated': 16696, 'damageDealtToObjectives': 29375, 'damageDealtToTurrets': 5760, 'visionScore': 39, 'timeCCingOthers': 20, 'totalDamageTaken': 19374, 'magicalDamageTaken': 4071, 'physicalDamageTaken': 15028, 'trueDamageTaken': 274, 'goldEarned': 12146, 'goldSpent': 10275, 'turretKills': 2, 'inhibitorKills': 1, 'totalMinionsKilled': 23, 'neutralMinionsKilled': 100, 'neutralMinionsKilledTeamJungle': 61, 'neutralMinionsKilledEnemyJungle': 0, 'totalTimeCrowdControlDealt': 299, 'champLevel': 14, 'visionWardsBoughtInGame': 8, 'sightWardsBoughtInGame': 0, 'wardsPlaced': 9, 'wardsKilled': 12, 'firstBloodKill': True, 'firstBloodAssist': False, 'firstTowerKill': False, 'firstTowerAssist': True, 'firstInhibitorKill': True, 'firstInhibitorAssist': False, 'combatPlayerScore': 0, 'objectivePlayerScore': 0, 'totalPlayerScore': 0, 'totalScoreRank': 0, 'playerScore0': 0, 'playerScore1': 0, 'playerScore2': 0, 'playerScore3': 0, 'playerScore4': 0, 'playerScore5': 0, 'playerScore6': 0, 'playerScore7': 0, 'playerScore8': 0, 'playerScore9': 0, 'perk0': 8010, 'perk0Var1': 594, 'perk0Var2': 0, 'perk0Var3': 0, 'perk1': 9111, 'perk1Var1': 897, 'perk1Var2': 400, 'perk1Var3': 0, 'perk2': 9104, 'perk2Var1': 9, 'perk2Var2': 10, 'perk2Var3': 0, 'perk3': 8014, 'perk3Var1': 438, 'perk3Var2': 0, 'perk3Var3': 0, 'perk4': 8143, 'perk4Var1': 349, 'perk4Var2': 0, 'perk4Var3': 0, 'perk5': 8105, 'perk5Var1': 16, 'perk5Var2': 5, 'perk5Var3': 0, 'perkPrimaryStyle': 8000, 'perkSubStyle': 8100, 'statPerk0': 5005, 'statPerk1': 5008, 'statPerk2': 5002}, 'timeline': {'participantId': 3, 'creepsPerMinDeltas': {'10-20': 0.8, '0-10': 0.9}, 'xpPerMinDeltas': {'10-20': 320.7, '0-10': 433.2}, 'goldPerMinDeltas': {'10-20': 364.1, '0-10': 423.20000000000005}, 'csDiffPerMinDeltas': {'10-20': 0.39999999999999997, '0-10': 0.4}, 'xpDiffPerMinDeltas': {'10-20': -87, '0-10': 96.79999999999998}, 'damageTakenPerMinDeltas': {'10-20': 808.5999999999999, '0-10': 463.3}, 'damageTakenDiffPerMinDeltas': {'10-20': 74.39999999999992, '0-10': -141}, 'role': 'NONE', 'lane': 'JUNGLE'}}, {'participantId': 4, 'teamId': 100, 'championId': 429, 'spell1Id': 3, 'spell2Id': 4, 'stats': {'participantId': 4, 'win': True, 'item0': 3072, 'item1': 0, 'item2': 3153, 'item3': 3006, 'item4': 0, 'item5': 3085, 'item6': 3363, 'kills': 5, 'deaths': 3, 'assists': 7, 'largestKillingSpree': 5, 'largestMultiKill': 2, 'killingSprees': 1, 'longestTimeSpentLiving': 1018, 'doubleKills': 2, 'tripleKills': 0, 'quadraKills': 0, 'pentaKills': 0, 'unrealKills': 0, 'totalDamageDealt': 185654, 'magicDamageDealt': 460, 'physicalDamageDealt': 181613, 'trueDamageDealt': 3580, 'largestCriticalStrike': 537, 'totalDamageDealtToChampions': 22852, 'magicDamageDealtToChampions': 460, 'physicalDamageDealtToChampions': 21222, 'trueDamageDealtToChampions': 1170, 'totalHeal': 3371, 'totalUnitsHealed': 1, 'damageSelfMitigated': 14602, 'damageDealtToObjectives': 16776, 'damageDealtToTurrets': 9186, 'visionScore': 35, 'timeCCingOthers': 21, 'totalDamageTaken': 11315, 'magicalDamageTaken': 3326, 'physicalDamageTaken': 7765, 'trueDamageTaken': 224, 'goldEarned': 14167, 'goldSpent': 11975, 'turretKills': 2, 'inhibitorKills': 0, 'totalMinionsKilled': 272, 'neutralMinionsKilled': 22, 'neutralMinionsKilledTeamJungle': 14, 'neutralMinionsKilledEnemyJungle': 0, 'totalTimeCrowdControlDealt': 469, 'champLevel': 15, 'visionWardsBoughtInGame': 5, 'sightWardsBoughtInGame': 0, 'wardsPlaced': 12, 'wardsKilled': 19, 'firstBloodKill': False, 'firstBloodAssist': False, 'firstTowerKill': False, 'firstTowerAssist': True, 'firstInhibitorKill': False, 'firstInhibitorAssist': True, 'combatPlayerScore': 0, 'objectivePlayerScore': 0, 'totalPlayerScore': 0, 'totalScoreRank': 0, 'playerScore0': 0, 'playerScore1': 0, 'playerScore2': 0, 'playerScore3': 0, 'playerScore4': 0, 'playerScore5': 0, 'playerScore6': 0, 'playerScore7': 0, 'playerScore8': 0, 'playerScore9': 0, 'perk0': 9923, 'perk0Var1': 72, 'perk0Var2': 88, 'perk0Var3': 0, 'perk1': 8139, 'perk1Var1': 535, 'perk1Var2': 0, 'perk1Var3': 0, 'perk2': 8138, 'perk2Var1': 18, 'perk2Var2': 0, 'perk2Var3': 0, 'perk3': 8135, 'perk3Var1': 1075, 'perk3Var2': 5, 'perk3Var3': 0, 'perk4': 9101, 'perk4Var1': 4138, 'perk4Var2': 4787, 'perk4Var3': 0, 'perk5': 9104, 'perk5Var1': 17, 'perk5Var2': 0, 'perk5Var3': 0, 'perkPrimaryStyle': 8100, 'perkSubStyle': 8000, 'statPerk0': 5005, 'statPerk1': 5008, 'statPerk2': 5002}, 'timeline': {'participantId': 4, 'creepsPerMinDeltas': {'10-20': 12.4, '0-10': 7.8}, 'xpPerMinDeltas': {'10-20': 609.1, '0-10': 273.5}, 'goldPerMinDeltas': {'10-20': 524.2, '0-10': 270}, 'csDiffPerMinDeltas': {'10-20': 1.75, '0-10': 0.04999999999999982}, 'xpDiffPerMinDeltas': {'10-20': 56.30000000000001, '0-10': -55}, 'damageTakenPerMinDeltas': {'10-20': 198.9, '0-10': 396.2}, 'damageTakenDiffPerMinDeltas': {'10-20': -74.65000000000006, '0-10': 193.45000000000002}, 'role': 'DUO_CARRY', 'lane': 'BOTTOM'}}, {'participantId': 5, 'teamId': 100, 'championId': 142, 'spell1Id': 14, 'spell2Id': 4, 'stats': {'participantId': 5, 'win': True, 'item0': 1026, 'item1': 2033, 'item2': 3030, 'item3': 3020, 'item4': 3108, 'item5': 3165, 'item6': 3364, 'kills': 3, 'deaths': 7, 'assists': 12, 'largestKillingSpree': 0, 'largestMultiKill': 1, 'killingSprees': 0, 'longestTimeSpentLiving': 662, 'doubleKills': 0, 'tripleKills': 0, 'quadraKills': 0, 'pentaKills': 0, 'unrealKills': 0, 'totalDamageDealt': 100839, 'magicDamageDealt': 76947, 'physicalDamageDealt': 13819, 'trueDamageDealt': 10072, 'largestCriticalStrike': 0, 'totalDamageDealtToChampions': 17172, 'magicDamageDealtToChampions': 11502, 'physicalDamageDealtToChampions': 3002, 'trueDamageDealtToChampions': 2667, 'totalHeal': 3365, 'totalUnitsHealed': 4, 'damageSelfMitigated': 8271, 'damageDealtToObjectives': 6995, 'damageDealtToTurrets': 2200, 'visionScore': 27, 'timeCCingOthers': 29, 'totalDamageTaken': 19031, 'magicalDamageTaken': 6984, 'physicalDamageTaken': 12046, 'trueDamageTaken': 0, 'goldEarned': 10366, 'goldSpent': 10075, 'turretKills': 0, 'inhibitorKills': 0, 'totalMinionsKilled': 156, 'neutralMinionsKilled': 4, 'neutralMinionsKilledTeamJungle': 4, 'neutralMinionsKilledEnemyJungle': 0, 'totalTimeCrowdControlDealt': 112, 'champLevel': 14, 'visionWardsBoughtInGame': 7, 'sightWardsBoughtInGame': 0, 'wardsPlaced': 12, 'wardsKilled': 4, 'firstBloodKill': False, 'firstBloodAssist': False, 'firstTowerKill': False, 'firstTowerAssist': False, 'firstInhibitorKill': False, 'firstInhibitorAssist': False, 'combatPlayerScore': 0, 'objectivePlayerScore': 0, 'totalPlayerScore': 0, 'totalScoreRank': 0, 'playerScore0': 0, 'playerScore1': 0, 'playerScore2': 0, 'playerScore3': 0, 'playerScore4': 0, 'playerScore5': 0, 'playerScore6': 0, 'playerScore7': 0, 'playerScore8': 0, 'playerScore9': 0, 'perk0': 8214, 'perk0Var1': 1458, 'perk0Var2': 0, 'perk0Var3': 0, 'perk1': 8275, 'perk1Var1': 26, 'perk1Var2': 0, 'perk1Var3': 0, 'perk2': 8210, 'perk2Var1': 0, 'perk2Var2': 0, 'perk2Var3': 0, 'perk3': 8237, 'perk3Var1': 513, 'perk3Var2': 0, 'perk3Var3': 0, 'perk4': 8316, 'perk4Var1': 2571, 'perk4Var2': 0, 'perk4Var3': 0, 'perk5': 8352, 'perk5Var1': 398, 'perk5Var2': 1787, 'perk5Var3': 1387, 'perkPrimaryStyle': 8200, 'perkSubStyle': 8300, 'statPerk0': 5005, 'statPerk1': 5008, 'statPerk2': 5003}, 'timeline': {'participantId': 5, 'creepsPerMinDeltas': {'10-20': 6.3, '0-10': 7.8}, 'xpPerMinDeltas': {'10-20': 446.20000000000005, '0-10': 439.8}, 'goldPerMinDeltas': {'10-20': 350.5, '0-10': 348.6}, 'damageTakenPerMinDeltas': {'10-20': 783.4, '0-10': 261.4}, 'role': 'SOLO', 'lane': 'MIDDLE'}}, {'participantId': 6, 'teamId': 200, 'championId': 145, 'spell1Id': 4, 'spell2Id': 7, 'stats': {'participantId': 6, 'win': False, 'item0': 3124, 'item1': 3115, 'item2': 3042, 'item3': 1058, 'item4': 3006, 'item5': 1055, 'item6': 3363, 'kills': 8, 'deaths': 5, 'assists': 5, 'largestKillingSpree': 3, 'largestMultiKill': 2, 'killingSprees': 2, 'longestTimeSpentLiving': 884, 'doubleKills': 1, 'tripleKills': 0, 'quadraKills': 0, 'pentaKills': 0, 'unrealKills': 0, 'totalDamageDealt': 158138, 'magicDamageDealt': 21525, 'physicalDamageDealt': 134860, 'trueDamageDealt': 1752, 'largestCriticalStrike': 0, 'totalDamageDealtToChampions': 25994, 'magicDamageDealtToChampions': 6872, 'physicalDamageDealtToChampions': 18277, 'trueDamageDealtToChampions': 844, 'totalHeal': 3620, 'totalUnitsHealed': 2, 'damageSelfMitigated': 12079, 'damageDealtToObjectives': 1413, 'damageDealtToTurrets': 1413, 'visionScore': 22, 'timeCCingOthers': 5, 'totalDamageTaken': 17083, 'magicalDamageTaken': 5075, 'physicalDamageTaken': 11291, 'trueDamageTaken': 716, 'goldEarned': 12812, 'goldSpent': 11900, 'turretKills': 0, 'inhibitorKills': 0, 'totalMinionsKilled': 234, 'neutralMinionsKilled': 20, 'neutralMinionsKilledTeamJungle': 16, 'neutralMinionsKilledEnemyJungle': 0, 'totalTimeCrowdControlDealt': 63, 'champLevel': 14, 'visionWardsBoughtInGame': 6, 'sightWardsBoughtInGame': 0, 'wardsPlaced': 14, 'wardsKilled': 11, 'firstBloodKill': False, 'firstBloodAssist': False, 'firstTowerKill': False, 'firstTowerAssist': False, 'firstInhibitorKill': False, 'firstInhibitorAssist': False, 'combatPlayerScore': 0, 'objectivePlayerScore': 0, 'totalPlayerScore': 0, 'totalScoreRank': 0, 'playerScore0': 0, 'playerScore1': 0, 'playerScore2': 0, 'playerScore3': 0, 'playerScore4': 0, 'playerScore5': 0, 'playerScore6': 0, 'playerScore7': 0, 'playerScore8': 0, 'playerScore9': 0, 'perk0': 9923, 'perk0Var1': 82, 'perk0Var2': 94, 'perk0Var3': 0, 'perk1': 8139, 'perk1Var1': 1039, 'perk1Var2': 0, 'perk1Var3': 0, 'perk2': 8136, 'perk2Var1': 9, 'perk2Var2': 18, 'perk2Var3': 0, 'perk3': 8135, 'perk3Var1': 2151, 'perk3Var2': 4, 'perk3Var3': 0, 'perk4': 8009, 'perk4Var1': 3537, 'perk4Var2': 500, 'perk4Var3': 0, 'perk5': 9103, 'perk5Var1': 24, 'perk5Var2': 30, 'perk5Var3': 0, 'perkPrimaryStyle': 8100, 'perkSubStyle': 8000, 'statPerk0': 5005, 'statPerk1': 5008, 'statPerk2': 5002}, 'timeline': {'participantId': 6, 'creepsPerMinDeltas': {'10-20': 9.899999999999999, '0-10': 8.5}, 'xpPerMinDeltas': {'10-20': 479.7, '0-10': 388.1}, 'goldPerMinDeltas': {'10-20': 463.2, '0-10': 375.1}, 'csDiffPerMinDeltas': {'10-20': -1.75, '0-10': -0.04999999999999982}, 'xpDiffPerMinDeltas': {'10-20': -56.30000000000001, '0-10': 55}, 'damageTakenPerMinDeltas': {'10-20': 574.1, '0-10': 304.1}, 'damageTakenDiffPerMinDeltas': {'10-20': 74.65000000000006, '0-10': -193.45000000000002}, 'role': 'DUO_CARRY', 'lane': 'BOTTOM'}}, {'participantId': 7, 'teamId': 200, 'championId': 266, 'spell1Id': 4, 'spell2Id': 12, 'stats': {'participantId': 7, 'win': False, 'item0': 2421, 'item1': 3812, 'item2': 3071, 'item3': 1055, 'item4': 3111, 'item5': 0, 'item6': 3340, 'kills': 4, 'deaths': 5, 'assists': 3, 'largestKillingSpree': 2, 'largestMultiKill': 1, 'killingSprees': 1, 'longestTimeSpentLiving': 370, 'doubleKills': 0, 'tripleKills': 0, 'quadraKills': 0, 'pentaKills': 0, 'unrealKills': 0, 'totalDamageDealt': 128698, 'magicDamageDealt': 72, 'physicalDamageDealt': 128626, 'trueDamageDealt': 0, 'largestCriticalStrike': 0, 'totalDamageDealtToChampions': 15065, 'magicDamageDealtToChampions': 72, 'physicalDamageDealtToChampions': 14993, 'trueDamageDealtToChampions': 0, 'totalHeal': 12290, 'totalUnitsHealed': 1, 'damageSelfMitigated': 24359, 'damageDealtToObjectives': 3221, 'damageDealtToTurrets': 1361, 'visionScore': 15, 'timeCCingOthers': 22, 'totalDamageTaken': 29082, 'magicalDamageTaken': 9308, 'physicalDamageTaken': 16526, 'trueDamageTaken': 3247, 'goldEarned': 9754, 'goldSpent': 9075, 'turretKills': 0, 'inhibitorKills': 0, 'totalMinionsKilled': 175, 'neutralMinionsKilled': 15, 'neutralMinionsKilledTeamJungle': 11, 'neutralMinionsKilledEnemyJungle': 4, 'totalTimeCrowdControlDealt': 213, 'champLevel': 15, 'visionWardsBoughtInGame': 1, 'sightWardsBoughtInGame': 0, 'wardsPlaced': 9, 'wardsKilled': 1, 'firstBloodKill': False, 'firstBloodAssist': False, 'firstTowerKill': False, 'firstTowerAssist': False, 'firstInhibitorKill': False, 'firstInhibitorAssist': False, 'combatPlayerScore': 0, 'objectivePlayerScore': 0, 'totalPlayerScore': 0, 'totalScoreRank': 0, 'playerScore0': 0, 'playerScore1': 0, 'playerScore2': 0, 'playerScore3': 0, 'playerScore4': 0, 'playerScore5': 0, 'playerScore6': 0, 'playerScore7': 0, 'playerScore8': 0, 'playerScore9': 0, 'perk0': 8010, 'perk0Var1': 730, 'perk0Var2': 0, 'perk0Var3': 0, 'perk1': 9111, 'perk1Var1': 701, 'perk1Var2': 140, 'perk1Var3': 0, 'perk2': 9105, 'perk2Var1': 23, 'perk2Var2': 10, 'perk2Var3': 0, 'perk3': 8299, 'perk3Var1': 473, 'perk3Var2': 0, 'perk3Var3': 0, 'perk4': 8139, 'perk4Var1': 931, 'perk4Var2': 0, 'perk4Var3': 0, 'perk5': 8135, 'perk5Var1': 1836, 'perk5Var2': 3, 'perk5Var3': 0, 'perkPrimaryStyle': 8000, 'perkSubStyle': 8100, 'statPerk0': 5008, 'statPerk1': 5008, 'statPerk2': 5003}, 'timeline': {'participantId': 7, 'creepsPerMinDeltas': {'10-20': 8.8, '0-10': 5.5}, 'xpPerMinDeltas': {'10-20': 528.2, '0-10': 420}, 'goldPerMinDeltas': {'10-20': 409.2, '0-10': 232.7}, 'damageTakenPerMinDeltas': {'10-20': 811.6, '0-10': 646.4}, 'role': 'DUO', 'lane': 'TOP'}}, {'participantId': 8, 'teamId': 200, 'championId': 497, 'spell1Id': 14, 'spell2Id': 4, 'stats': {'participantId': 8, 'win': False, 'item0': 3860, 'item1': 3050, 'item2': 2055, 'item3': 3504, 'item4': 3158, 'item5': 1028, 'item6': 3364, 'kills': 4, 'deaths': 4, 'assists': 14, 'largestKillingSpree': 4, 'largestMultiKill': 1, 'killingSprees': 1, 'longestTimeSpentLiving': 1066, 'doubleKills': 0, 'tripleKills': 0, 'quadraKills': 0, 'pentaKills': 0, 'unrealKills': 0, 'totalDamageDealt': 20673, 'magicDamageDealt': 10209, 'physicalDamageDealt': 5245, 'trueDamageDealt': 5218, 'largestCriticalStrike': 0, 'totalDamageDealtToChampions': 7749, 'magicDamageDealtToChampions': 5506, 'physicalDamageDealtToChampions': 1660, 'trueDamageDealtToChampions': 582, 'totalHeal': 4060, 'totalUnitsHealed': 5, 'damageSelfMitigated': 24503, 'damageDealtToObjectives': 542, 'damageDealtToTurrets': 483, 'visionScore': 71, 'timeCCingOthers': 41, 'totalDamageTaken': 14430, 'magicalDamageTaken': 2826, 'physicalDamageTaken': 10994, 'trueDamageTaken': 609, 'goldEarned': 7870, 'goldSpent': 7785, 'turretKills': 0, 'inhibitorKills': 0, 'totalMinionsKilled': 37, 'neutralMinionsKilled': 0, 'neutralMinionsKilledTeamJungle': 0, 'neutralMinionsKilledEnemyJungle': 0, 'totalTimeCrowdControlDealt': 171, 'champLevel': 12, 'visionWardsBoughtInGame': 11, 'sightWardsBoughtInGame': 0, 'wardsPlaced': 46, 'wardsKilled': 17, 'firstBloodKill': False, 'firstBloodAssist': False, 'firstTowerKill': False, 'firstTowerAssist': False, 'firstInhibitorKill': False, 'firstInhibitorAssist': False, 'combatPlayerScore': 0, 'objectivePlayerScore': 0, 'totalPlayerScore': 0, 'totalScoreRank': 0, 'playerScore0': 0, 'playerScore1': 0, 'playerScore2': 0, 'playerScore3': 0, 'playerScore4': 0, 'playerScore5': 0, 'playerScore6': 0, 'playerScore7': 0, 'playerScore8': 0, 'playerScore9': 0, 'perk0': 8465, 'perk0Var1': 2740, 'perk0Var2': 0, 'perk0Var3': 0, 'perk1': 8446, 'perk1Var1': 414, 'perk1Var2': 0, 'perk1Var3': 0, 'perk2': 8473, 'perk2Var1': 760, 'perk2Var2': 0, 'perk2Var3': 0, 'perk3': 8451, 'perk3Var1': 129, 'perk3Var2': 0, 'perk3Var3': 0, 'perk4': 8136, 'perk4Var1': 18, 'perk4Var2': 30, 'perk4Var3': 0, 'perk5': 8105, 'perk5Var1': 13, 'perk5Var2': 4, 'perk5Var3': 0, 'perkPrimaryStyle': 8400, 'perkSubStyle': 8100, 'statPerk0': 5008, 'statPerk1': 5008, 'statPerk2': 5002}, 'timeline': {'participantId': 8, 'creepsPerMinDeltas': {'10-20': 1.6, '0-10': 1.5}, 'xpPerMinDeltas': {'10-20': 375.5, '0-10': 256.7}, 'goldPerMinDeltas': {'10-20': 308, '0-10': 248.5}, 'csDiffPerMinDeltas': {'10-20': -1.75, '0-10': -0.04999999999999982}, 'xpDiffPerMinDeltas': {'10-20': -56.30000000000001, '0-10': 55}, 'damageTakenPerMinDeltas': {'10-20': 354.5, '0-10': 265}, 'damageTakenDiffPerMinDeltas': {'10-20': 74.65000000000006, '0-10': -193.45000000000002}, 'role': 'DUO_SUPPORT', 'lane': 'BOTTOM'}}, {'participantId': 9, 'teamId': 200, 'championId': 64, 'spell1Id': 11, 'spell2Id': 4, 'stats': {'participantId': 9, 'win': False, 'item0': 1412, 'item1': 1028, 'item2': 1037, 'item3': 3134, 'item4': 3111, 'item5': 3071, 'item6': 3340, 'kills': 6, 'deaths': 6, 'assists': 6, 'largestKillingSpree': 2, 'largestMultiKill': 1, 'killingSprees': 2, 'longestTimeSpentLiving': 419, 'doubleKills': 0, 'tripleKills': 0, 'quadraKills': 0, 'pentaKills': 0, 'unrealKills': 0, 'totalDamageDealt': 134443, 'magicDamageDealt': 23014, 'physicalDamageDealt': 102321, 'trueDamageDealt': 9107, 'largestCriticalStrike': 0, 'totalDamageDealtToChampions': 9944, 'magicDamageDealtToChampions': 863, 'physicalDamageDealtToChampions': 8588, 'trueDamageDealtToChampions': 493, 'totalHeal': 6457, 'totalUnitsHealed': 1, 'damageSelfMitigated': 21763, 'damageDealtToObjectives': 26537, 'damageDealtToTurrets': 0, 'visionScore': 23, 'timeCCingOthers': 15, 'totalDamageTaken': 24339, 'magicalDamageTaken': 6375, 'physicalDamageTaken': 16979, 'trueDamageTaken': 983, 'goldEarned': 9976, 'goldSpent': 9700, 'turretKills': 1, 'inhibitorKills': 0, 'totalMinionsKilled': 18, 'neutralMinionsKilled': 112, 'neutralMinionsKilledTeamJungle': 76, 'neutralMinionsKilledEnemyJungle': 8, 'totalTimeCrowdControlDealt': 338, 'champLevel': 13, 'visionWardsBoughtInGame': 10, 'sightWardsBoughtInGame': 0, 'wardsPlaced': 17, 'wardsKilled': 3, 'firstBloodKill': False, 'firstBloodAssist': False, 'firstTowerKill': False, 'firstTowerAssist': False, 'firstInhibitorKill': False, 'firstInhibitorAssist': False, 'combatPlayerScore': 0, 'objectivePlayerScore': 0, 'totalPlayerScore': 0, 'totalScoreRank': 0, 'playerScore0': 0, 'playerScore1': 0, 'playerScore2': 0, 'playerScore3': 0, 'playerScore4': 0, 'playerScore5': 0, 'playerScore6': 0, 'playerScore7': 0, 'playerScore8': 0, 'playerScore9': 0, 'perk0': 8010, 'perk0Var1': 203, 'perk0Var2': 0, 'perk0Var3': 0, 'perk1': 9111, 'perk1Var1': 807, 'perk1Var2': 240, 'perk1Var3': 0, 'perk2': 9104, 'perk2Var1': 14, 'perk2Var2': 10, 'perk2Var3': 0, 'perk3': 8014, 'perk3Var1': 290, 'perk3Var2': 0, 'perk3Var3': 0, 'perk4': 8304, 'perk4Var1': 9, 'perk4Var2': 0, 'perk4Var3': 0, 'perk5': 8347, 'perk5Var1': 0, 'perk5Var2': 0, 'perk5Var3': 0, 'perkPrimaryStyle': 8000, 'perkSubStyle': 8300, 'statPerk0': 5005, 'statPerk1': 5008, 'statPerk2': 5002}, 'timeline': {'participantId': 9, 'creepsPerMinDeltas': {'10-20': 0.4, '0-10': 0.5}, 'xpPerMinDeltas': {'10-20': 407.7, '0-10': 336.4}, 'goldPerMinDeltas': {'10-20': 435.1, '0-10': 293.4}, 'csDiffPerMinDeltas': {'10-20': -0.39999999999999997, '0-10': -0.4}, 'xpDiffPerMinDeltas': {'10-20': 87, '0-10': -96.79999999999998}, 'damageTakenPerMinDeltas': {'10-20': 734.2, '0-10': 604.3}, 'damageTakenDiffPerMinDeltas': {'10-20': -74.39999999999992, '0-10': 141}, 'role': 'NONE', 'lane': 'JUNGLE'}}, {'participantId': 10, 'teamId': 200, 'championId': 245, 'spell1Id': 12, 'spell2Id': 4, 'stats': {'participantId': 10, 'win': False, 'item0': 3152, 'item1': 2033, 'item2': 2421, 'item3': 3100, 'item4': 1056, 'item5': 3111, 'item6': 3363, 'kills': 3, 'deaths': 6, 'assists': 6, 'largestKillingSpree': 0, 'largestMultiKill': 1, 'killingSprees': 0, 'longestTimeSpentLiving': 893, 'doubleKills': 0, 'tripleKills': 0, 'quadraKills': 0, 'pentaKills': 0, 'unrealKills': 0, 'totalDamageDealt': 132207, 'magicDamageDealt': 112927, 'physicalDamageDealt': 18007, 'trueDamageDealt': 1271, 'largestCriticalStrike': 0, 'totalDamageDealtToChampions': 11088, 'magicDamageDealtToChampions': 9187, 'physicalDamageDealtToChampions': 1901, 'trueDamageDealtToChampions': 0, 'totalHeal': 5599, 'totalUnitsHealed': 1, 'damageSelfMitigated': 16442, 'damageDealtToObjectives': 9888, 'damageDealtToTurrets': 4227, 'visionScore': 14, 'timeCCingOthers': 12, 'totalDamageTaken': 21386, 'magicalDamageTaken': 7129, 'physicalDamageTaken': 12867, 'trueDamageTaken': 1389, 'goldEarned': 9494, 'goldSpent': 9285, 'turretKills': 1, 'inhibitorKills': 0, 'totalMinionsKilled': 182, 'neutralMinionsKilled': 12, 'neutralMinionsKilledTeamJungle': 9, 'neutralMinionsKilledEnemyJungle': 0, 'totalTimeCrowdControlDealt': 351, 'champLevel': 15, 'visionWardsBoughtInGame': 2, 'sightWardsBoughtInGame': 0, 'wardsPlaced': 10, 'wardsKilled': 1, 'firstBloodKill': False, 'firstBloodAssist': False, 'firstTowerKill': False, 'firstTowerAssist': False, 'firstInhibitorKill': False, 'firstInhibitorAssist': False, 'combatPlayerScore': 0, 'objectivePlayerScore': 0, 'totalPlayerScore': 0, 'totalScoreRank': 0, 'playerScore0': 0, 'playerScore1': 0, 'playerScore2': 0, 'playerScore3': 0, 'playerScore4': 0, 'playerScore5': 0, 'playerScore6': 0, 'playerScore7': 0, 'playerScore8': 0, 'playerScore9': 0, 'perk0': 8112, 'perk0Var1': 972, 'perk0Var2': 0, 'perk0Var3': 0, 'perk1': 8143, 'perk1Var1': 343, 'perk1Var2': 0, 'perk1Var3': 0, 'perk2': 8138, 'perk2Var1': 18, 'perk2Var2': 0, 'perk2Var3': 0, 'perk3': 8135, 'perk3Var1': 2024, 'perk3Var2': 3, 'perk3Var3': 0, 'perk4': 8345, 'perk4Var1': 3, 'perk4Var2': 0, 'perk4Var3': 0, 'perk5': 8352, 'perk5Var1': 352, 'perk5Var2': 2069, 'perk5Var3': 1259, 'perkPrimaryStyle': 8100, 'perkSubStyle': 8300, 'statPerk0': 5008, 'statPerk1': 5008, 'statPerk2': 5003}, 'timeline': {'participantId': 10, 'creepsPerMinDeltas': {'10-20': 6.800000000000001, '0-10': 8}, 'xpPerMinDeltas': {'10-20': 535.9000000000001, '0-10': 463}, 'goldPerMinDeltas': {'10-20': 392.9, '0-10': 288.5}, 'damageTakenPerMinDeltas': {'10-20': 831.4, '0-10': 449.2}, 'role': 'DUO', 'lane': 'TOP'}}]",KR,420.0,13.0,,
9,1584616874289.0,1126.0,4229230455.0,CLASSIC,MATCHED_GAME,10.6.313.2784,11.0,"[{'participantId': 1, 'player': {'platformId': 'KR', 'accountId': 'W5fgAOoXiOMXahutBMxaydw1bjQ_e8jg9PNBMZvyzk4ZjtU', 'summonerName': 'Zenit', 'summonerId': '1bIlf_KBahHmDlJZKIFmnYSZ9fccDORuO5T9Q58Vwaabc7o', 'currentPlatformId': 'KR', 'currentAccountId': 'W5fgAOoXiOMXahutBMxaydw1bjQ_e8jg9PNBMZvyzk4ZjtU', 'matchHistoryUri': '/v1/stats/player_history/KR/206500876', 'profileIcon': 552}}, {'participantId': 2, 'player': {'platformId': 'KR', 'accountId': '-fIO9kid9UOaNLEIO9cFp7gm3niBuwGIcehMskHoDuXpV8ufxuB9toXV', 'summonerName': 'SRB Harp', 'summonerId': 'lPlTICvuusxA5K7H55B0XTNO89KCPMxjQy49YW1gee7UFm8', 'currentPlatformId': 'KR', 'currentAccountId': '-fIO9kid9UOaNLEIO9cFp7gm3niBuwGIcehMskHoDuXpV8ufxuB9toXV', 'matchHistoryUri': '/v1/stats/player_history/KR/1982814430350688', 'profileIcon': 4353}}, {'participantId': 3, 'player': {'platformId': 'KR', 'accountId': 'TedPpyG9Br_Z08UG7fhSI_wuYgCZecSivABtp-ZWIj4TRE5BoK-cDHI0', 'summonerName': '울부짖는마오카이', 'summonerId': '39VqcsqSYlo-QA8ZH2J-jZDhV92KuxrKYUGBP6bsu4Mw0Sc', 'currentPlatformId': 'KR', 'currentAccountId': 'TedPpyG9Br_Z08UG7fhSI_wuYgCZecSivABtp-ZWIj4TRE5BoK-cDHI0', 'matchHistoryUri': '/v1/stats/player_history/KR/2271455957953600', 'profileIcon': 23}}, {'participantId': 4, 'player': {'platformId': 'KR', 'accountId': 'sOu8iyI-s7p-nAZDW9AcxUjayVEXfROd7jmZt-1mm1rA7uYnRYwGNDs6', 'summonerName': 'DWG Canyon', 'summonerId': 'QabEWqsoc9DWHc0_Nivgj_fAWVKLlPBCwchLDNEEQPCIOVs', 'currentPlatformId': 'KR', 'currentAccountId': 'sOu8iyI-s7p-nAZDW9AcxUjayVEXfROd7jmZt-1mm1rA7uYnRYwGNDs6', 'matchHistoryUri': '/v1/stats/player_history/KR/2020999003860160', 'profileIcon': 3602}}, {'participantId': 5, 'player': {'platformId': 'KR', 'accountId': 'laVp9S-sMWhsLTd5Rl0rdUtRP8tNaEV0ph2bhwzIF2ZFmlVS-WGjlCCw', 'summonerName': '죽이지 마라1', 'summonerId': 'wAx8YND0e4p0prS2pBdSIiSt7S6E2DltenDV3JQHJd_SY90', 'currentPlatformId': 'KR', 'currentAccountId': 'laVp9S-sMWhsLTd5Rl0rdUtRP8tNaEV0ph2bhwzIF2ZFmlVS-WGjlCCw', 'matchHistoryUri': '/v1/stats/player_history/KR/2309152638176608', 'profileIcon': 6}}, {'participantId': 6, 'player': {'platformId': 'KR', 'accountId': 'd-1qiMjHGyQ_ADG-T3S73MZDLqO4X7sLobi3txR0kiDSjaD8LKuDq3Gb', 'summonerName': '다줘패는중학교', 'summonerId': '94l2aByrYMPmWpYfepNptsFrJyAGaW1k4G9L5KvlxsxUnLY', 'currentPlatformId': 'KR', 'currentAccountId': 'd-1qiMjHGyQ_ADG-T3S73MZDLqO4X7sLobi3txR0kiDSjaD8LKuDq3Gb', 'matchHistoryUri': '/v1/stats/player_history/KR/2359190042283264', 'profileIcon': 3889}}, {'participantId': 7, 'player': {'platformId': 'KR', 'accountId': 'LmCV_n3xxhu3IgSIxhIjTaiYSHWc16HM1BUg0vKh8_Hy9EXIgH8D3loz', 'summonerName': '정신나갈거같애', 'summonerId': 'SV7YMgXLVwFka5FM1chlXI5ui3UaBf9GGF4dNNV355Ls8zw', 'currentPlatformId': 'KR', 'currentAccountId': 'LmCV_n3xxhu3IgSIxhIjTaiYSHWc16HM1BUg0vKh8_Hy9EXIgH8D3loz', 'matchHistoryUri': '/v1/stats/player_history/KR/2074261846363680', 'profileIcon': 1113}}, {'participantId': 8, 'player': {'platformId': 'KR', 'accountId': 'k1clnQm6WYzfh-3jDA5W70Cv3vtLS_oZGKvTNm6m397p', 'summonerName': '역시폭군', 'summonerId': '19AN8s02uA7CzGI-2RvMuFqCHPxwjaYvzTd3pH75VZ8D_Q', 'currentPlatformId': 'KR', 'currentAccountId': 'k1clnQm6WYzfh-3jDA5W70Cv3vtLS_oZGKvTNm6m397p', 'matchHistoryUri': '/v1/stats/player_history/KR/3888284', 'profileIcon': 3231}}, {'participantId': 9, 'player': {'platformId': 'KR', 'accountId': 'IIWG7FRiqE8CuZaCslKkNxkglwpgnePPxDslb2tv66FKrgo', 'summonerName': 'Youtube Thal', 'summonerId': '8Cx100isJ6RMMeOmUX_-Wg0CESabVTYk-e8P8Ijj3zuIiB4', 'currentPlatformId': 'KR', 'currentAccountId': 'IIWG7FRiqE8CuZaCslKkNxkglwpgnePPxDslb2tv66FKrgo', 'matchHistoryUri': '/v1/stats/player_history/KR/201236882', 'profileIcon': 4090}}, {'participantId': 10, 'player': {'platformId': 'KR', 'accountId': 'k4DcE12z4dCJmMBqsK6pGtSRD7svouimVO-kB_hfE_W5Ii0', 'summonerName': 'SibasakiRoka', 'summonerId': 'xHrzQLfCLLEtOnQZEGVUTDSlAXG3WNaNrYrzCEjohgL39Mg', 'currentPlatformId': 'KR', 'currentAccountId': 'k4DcE12z4dCJmMBqsK6pGtSRD7svouimVO-kB_hfE_W5Ii0', 'matchHistoryUri': '/v1/stats/player_history/KR/207196668', 'profileIcon': 4451}}]","[{'participantId': 1, 'teamId': 100, 'championId': 81, 'spell1Id': 1, 'spell2Id': 4, 'stats': {'participantId': 1, 'win': True, 'item0': 2031, 'item1': 3078, 'item2': 0, 'item3': 1055, 'item4': 3158, 'item5': 3042, 'item6': 3363, 'kills': 10, 'deaths': 2, 'assists': 3, 'largestKillingSpree': 4, 'largestMultiKill': 2, 'killingSprees': 3, 'longestTimeSpentLiving': 700, 'doubleKills': 3, 'tripleKills': 0, 'quadraKills': 0, 'pentaKills': 0, 'unrealKills': 0, 'totalDamageDealt': 102639, 'magicDamageDealt': 9149, 'physicalDamageDealt': 86968, 'trueDamageDealt': 6520, 'largestCriticalStrike': 0, 'totalDamageDealtToChampions': 17713, 'magicDamageDealtToChampions': 4376, 'physicalDamageDealtToChampions': 12282, 'trueDamageDealtToChampions': 1054, 'totalHeal': 0, 'totalUnitsHealed': 0, 'damageSelfMitigated': 5968, 'damageDealtToObjectives': 4114, 'damageDealtToTurrets': 3684, 'visionScore': 21, 'timeCCingOthers': 2, 'totalDamageTaken': 12876, 'magicalDamageTaken': 3202, 'physicalDamageTaken': 9191, 'trueDamageTaken': 481, 'goldEarned': 10694, 'goldSpent': 7908, 'turretKills': 1, 'inhibitorKills': 0, 'totalMinionsKilled': 162, 'neutralMinionsKilled': 17, 'neutralMinionsKilledTeamJungle': 8, 'neutralMinionsKilledEnemyJungle': 8, 'totalTimeCrowdControlDealt': 52, 'champLevel': 11, 'visionWardsBoughtInGame': 3, 'sightWardsBoughtInGame': 0, 'wardsPlaced': 7, 'wardsKilled': 8, 'firstBloodKill': False, 'firstBloodAssist': False, 'firstTowerKill': True, 'firstTowerAssist': False, 'combatPlayerScore': 0, 'objectivePlayerScore': 0, 'totalPlayerScore': 0, 'totalScoreRank': 0, 'playerScore0': 0, 'playerScore1': 0, 'playerScore2': 0, 'playerScore3': 0, 'playerScore4': 0, 'playerScore5': 0, 'playerScore6': 0, 'playerScore7': 0, 'playerScore8': 0, 'playerScore9': 0, 'perk0': 8008, 'perk0Var1': 1, 'perk0Var2': 50, 'perk0Var3': 0, 'perk1': 8009, 'perk1Var1': 3833, 'perk1Var2': 500, 'perk1Var3': 0, 'perk2': 9103, 'perk2Var1': 18, 'perk2Var2': 40, 'perk2Var3': 0, 'perk3': 8014, 'perk3Var1': 449, 'perk3Var2': 0, 'perk3Var3': 0, 'perk4': 8347, 'perk4Var1': 0, 'perk4Var2': 0, 'perk4Var3': 0, 'perk5': 8345, 'perk5Var1': 3, 'perk5Var2': 0, 'perk5Var3': 0, 'perkPrimaryStyle': 8000, 'perkSubStyle': 8300, 'statPerk0': 5005, 'statPerk1': 5008, 'statPerk2': 5002}, 'timeline': {'participantId': 1, 'creepsPerMinDeltas': {'0-10': 8.6}, 'xpPerMinDeltas': {'0-10': 300.8}, 'goldPerMinDeltas': {'0-10': 311.6}, 'csDiffPerMinDeltas': {'0-10': 0.20000000000000062}, 'xpDiffPerMinDeltas': {'0-10': 9.719999999999942}, 'damageTakenPerMinDeltas': {'0-10': 341.3}, 'damageTakenDiffPerMinDeltas': {'0-10': -34.420000000000016}, 'role': 'DUO_SUPPORT', 'lane': 'NONE'}}, {'participantId': 2, 'teamId': 100, 'championId': 350, 'spell1Id': 3, 'spell2Id': 7, 'stats': {'participantId': 2, 'win': True, 'item0': 3853, 'item1': 0, 'item2': 3174, 'item3': 3802, 'item4': 0, 'item5': 0, 'item6': 3364, 'kills': 1, 'deaths': 1, 'assists': 14, 'largestKillingSpree': 0, 'largestMultiKill': 1, 'killingSprees': 0, 'longestTimeSpentLiving': 901, 'doubleKills': 0, 'tripleKills': 0, 'quadraKills': 0, 'pentaKills': 0, 'unrealKills': 0, 'totalDamageDealt': 15026, 'magicDamageDealt': 11991, 'physicalDamageDealt': 2991, 'trueDamageDealt': 42, 'largestCriticalStrike': 0, 'totalDamageDealtToChampions': 8084, 'magicDamageDealtToChampions': 6897, 'physicalDamageDealtToChampions': 1144, 'trueDamageDealtToChampions': 42, 'totalHeal': 8153, 'totalUnitsHealed': 3, 'damageSelfMitigated': 3495, 'damageDealtToObjectives': 684, 'damageDealtToTurrets': 684, 'visionScore': 23, 'timeCCingOthers': 14, 'totalDamageTaken': 4506, 'magicalDamageTaken': 924, 'physicalDamageTaken': 3339, 'trueDamageTaken': 242, 'goldEarned': 5733, 'goldSpent': 4250, 'turretKills': 0, 'inhibitorKills': 0, 'totalMinionsKilled': 3, 'neutralMinionsKilled': 0, 'neutralMinionsKilledTeamJungle': 0, 'neutralMinionsKilledEnemyJungle': 0, 'totalTimeCrowdControlDealt': 47, 'champLevel': 10, 'visionWardsBoughtInGame': 4, 'sightWardsBoughtInGame': 0, 'wardsPlaced': 13, 'wardsKilled': 0, 'firstBloodKill': False, 'firstBloodAssist': False, 'firstTowerKill': False, 'firstTowerAssist': False, 'combatPlayerScore': 0, 'objectivePlayerScore': 0, 'totalPlayerScore': 0, 'totalScoreRank': 0, 'playerScore0': 0, 'playerScore1': 0, 'playerScore2': 0, 'playerScore3': 0, 'playerScore4': 0, 'playerScore5': 0, 'playerScore6': 0, 'playerScore7': 0, 'playerScore8': 0, 'playerScore9': 0, 'perk0': 8214, 'perk0Var1': 725, 'perk0Var2': 1627, 'perk0Var3': 0, 'perk1': 8226, 'perk1Var1': 250, 'perk1Var2': 464, 'perk1Var3': 0, 'perk2': 8233, 'perk2Var1': 10, 'perk2Var2': 0, 'perk2Var3': 0, 'perk3': 8237, 'perk3Var1': 455, 'perk3Var2': 0, 'perk3Var3': 0, 'perk4': 8009, 'perk4Var1': 3366, 'perk4Var2': 500, 'perk4Var3': 0, 'perk5': 8017, 'perk5Var1': 534, 'perk5Var2': 0, 'perk5Var3': 0, 'perkPrimaryStyle': 8200, 'perkSubStyle': 8000, 'statPerk0': 5008, 'statPerk1': 5008, 'statPerk2': 5002}, 'timeline': {'participantId': 2, 'creepsPerMinDeltas': {'0-10': 0.1}, 'xpPerMinDeltas': {'0-10': 295.3}, 'goldPerMinDeltas': {'0-10': 170.4}, 'csDiffPerMinDeltas': {'0-10': 0.20000000000000062}, 'xpDiffPerMinDeltas': {'0-10': 9.719999999999942}, 'damageTakenPerMinDeltas': {'0-10': 199.5}, 'damageTakenDiffPerMinDeltas': {'0-10': -34.420000000000016}, 'role': 'DUO_SUPPORT', 'lane': 'NONE'}}, {'participantId': 3, 'teamId': 100, 'championId': 57, 'spell1Id': 12, 'spell2Id': 4, 'stats': {'participantId': 3, 'win': True, 'item0': 1056, 'item1': 3076, 'item2': 3068, 'item3': 3111, 'item4': 0, 'item5': 0, 'item6': 3340, 'kills': 1, 'deaths': 3, 'assists': 3, 'largestKillingSpree': 0, 'largestMultiKill': 1, 'killingSprees': 0, 'longestTimeSpentLiving': 411, 'doubleKills': 0, 'tripleKills': 0, 'quadraKills': 0, 'pentaKills': 0, 'unrealKills': 0, 'totalDamageDealt': 67722, 'magicDamageDealt': 56315, 'physicalDamageDealt': 11406, 'trueDamageDealt': 0, 'largestCriticalStrike': 0, 'totalDamageDealtToChampions': 6531, 'magicDamageDealtToChampions': 5869, 'physicalDamageDealtToChampions': 661, 'trueDamageDealtToChampions': 0, 'totalHeal': 2774, 'totalUnitsHealed': 1, 'damageSelfMitigated': 10446, 'damageDealtToObjectives': 3815, 'damageDealtToTurrets': 3815, 'visionScore': 8, 'timeCCingOthers': 15, 'totalDamageTaken': 10670, 'magicalDamageTaken': 1263, 'physicalDamageTaken': 8114, 'trueDamageTaken': 1292, 'goldEarned': 7119, 'goldSpent': 5600, 'turretKills': 1, 'inhibitorKills': 0, 'totalMinionsKilled': 153, 'neutralMinionsKilled': 0, 'neutralMinionsKilledTeamJungle': 0, 'neutralMinionsKilledEnemyJungle': 0, 'totalTimeCrowdControlDealt': 219, 'champLevel': 12, 'visionWardsBoughtInGame': 1, 'sightWardsBoughtInGame': 0, 'wardsPlaced': 5, 'wardsKilled': 0, 'firstBloodKill': False, 'firstBloodAssist': False, 'firstTowerKill': False, 'firstTowerAssist': False, 'combatPlayerScore': 0, 'objectivePlayerScore': 0, 'totalPlayerScore': 0, 'totalScoreRank': 0, 'playerScore0': 0, 'playerScore1': 0, 'playerScore2': 0, 'playerScore3': 0, 'playerScore4': 0, 'playerScore5': 0, 'playerScore6': 0, 'playerScore7': 0, 'playerScore8': 0, 'playerScore9': 0, 'perk0': 8437, 'perk0Var1': 304, 'perk0Var2': 271, 'perk0Var3': 0, 'perk1': 8446, 'perk1Var1': 1610, 'perk1Var2': 0, 'perk1Var3': 0, 'perk2': 8429, 'perk2Var1': 46, 'perk2Var2': 19, 'perk2Var3': 13, 'perk3': 8451, 'perk3Var1': 148, 'perk3Var2': 0, 'perk3Var3': 0, 'perk4': 8226, 'perk4Var1': 250, 'perk4Var2': 245, 'perk4Var3': 0, 'perk5': 8210, 'perk5Var1': 0, 'perk5Var2': 0, 'perk5Var3': 0, 'perkPrimaryStyle': 8400, 'perkSubStyle': 8200, 'statPerk0': 5005, 'statPerk1': 5003, 'statPerk2': 5003}, 'timeline': {'participantId': 3, 'creepsPerMinDeltas': {'0-10': 7.8999999999999995}, 'xpPerMinDeltas': {'0-10': 473.5}, 'goldPerMinDeltas': {'0-10': 277.1}, 'csDiffPerMinDeltas': {'0-10': 0.20000000000000062}, 'xpDiffPerMinDeltas': {'0-10': 9.719999999999942}, 'damageTakenPerMinDeltas': {'0-10': 315.79999999999995}, 'damageTakenDiffPerMinDeltas': {'0-10': -34.420000000000016}, 'role': 'DUO_SUPPORT', 'lane': 'NONE'}}, {'participantId': 4, 'teamId': 100, 'championId': 64, 'spell1Id': 11, 'spell2Id': 4, 'stats': {'participantId': 4, 'win': True, 'item0': 0, 'item1': 0, 'item2': 3155, 'item3': 3044, 'item4': 1412, 'item5': 3111, 'item6': 3340, 'kills': 7, 'deaths': 1, 'assists': 9, 'largestKillingSpree': 4, 'largestMultiKill': 1, 'killingSprees': 2, 'longestTimeSpentLiving': 678, 'doubleKills': 0, 'tripleKills': 0, 'quadraKills': 0, 'pentaKills': 0, 'unrealKills': 0, 'totalDamageDealt': 109983, 'magicDamageDealt': 15493, 'physicalDamageDealt': 80163, 'trueDamageDealt': 14327, 'largestCriticalStrike': 0, 'totalDamageDealtToChampions': 12651, 'magicDamageDealtToChampions': 1255, 'physicalDamageDealtToChampions': 10981, 'trueDamageDealtToChampions': 415, 'totalHeal': 6503, 'totalUnitsHealed': 1, 'damageSelfMitigated': 16003, 'damageDealtToObjectives': 28518, 'damageDealtToTurrets': 0, 'visionScore': 21, 'timeCCingOthers': 11, 'totalDamageTaken': 17364, 'magicalDamageTaken': 4735, 'physicalDamageTaken': 12031, 'trueDamageTaken': 597, 'goldEarned': 8535, 'goldSpent': 6575, 'turretKills': 2, 'inhibitorKills': 0, 'totalMinionsKilled': 15, 'neutralMinionsKilled': 90, 'neutralMinionsKilledTeamJungle': 64, 'neutralMinionsKilledEnemyJungle': 3, 'totalTimeCrowdControlDealt': 229, 'champLevel': 12, 'visionWardsBoughtInGame': 7, 'sightWardsBoughtInGame': 0, 'wardsPlaced': 11, 'wardsKilled': 6, 'firstBloodKill': False, 'firstBloodAssist': False, 'firstTowerKill': False, 'firstTowerAssist': False, 'combatPlayerScore': 0, 'objectivePlayerScore': 0, 'totalPlayerScore': 0, 'totalScoreRank': 0, 'playerScore0': 0, 'playerScore1': 0, 'playerScore2': 0, 'playerScore3': 0, 'playerScore4': 0, 'playerScore5': 0, 'playerScore6': 0, 'playerScore7': 0, 'playerScore8': 0, 'playerScore9': 0, 'perk0': 8010, 'perk0Var1': 536, 'perk0Var2': 0, 'perk0Var3': 0, 'perk1': 9111, 'perk1Var1': 1077, 'perk1Var2': 320, 'perk1Var3': 0, 'perk2': 9105, 'perk2Var1': 12, 'perk2Var2': 10, 'perk2Var3': 0, 'perk3': 8299, 'perk3Var1': 480, 'perk3Var2': 0, 'perk3Var3': 0, 'perk4': 8304, 'perk4Var1': 9, 'perk4Var2': 4, 'perk4Var3': 5, 'perk5': 8347, 'perk5Var1': 0, 'perk5Var2': 0, 'perk5Var3': 0, 'perkPrimaryStyle': 8000, 'perkSubStyle': 8300, 'statPerk0': 5005, 'statPerk1': 5008, 'statPerk2': 5002}, 'timeline': {'participantId': 4, 'creepsPerMinDeltas': {'0-10': 0.3}, 'xpPerMinDeltas': {'0-10': 325.4}, 'goldPerMinDeltas': {'0-10': 284.4}, 'csDiffPerMinDeltas': {'0-10': 0.20000000000000062}, 'xpDiffPerMinDeltas': {'0-10': 9.719999999999942}, 'damageTakenPerMinDeltas': {'0-10': 746.7}, 'damageTakenDiffPerMinDeltas': {'0-10': -34.420000000000016}, 'role': 'DUO_SUPPORT', 'lane': 'NONE'}}, {'participantId': 5, 'teamId': 100, 'championId': 112, 'spell1Id': 4, 'spell2Id': 12, 'stats': {'participantId': 5, 'win': True, 'item0': 2031, 'item1': 0, 'item2': 3285, 'item3': 3020, 'item4': 1056, 'item5': 3196, 'item6': 3363, 'kills': 1, 'deaths': 4, 'assists': 5, 'largestKillingSpree': 0, 'largestMultiKill': 1, 'killingSprees': 0, 'longestTimeSpentLiving': 634, 'doubleKills': 0, 'tripleKills': 0, 'quadraKills': 0, 'pentaKills': 0, 'unrealKills': 0, 'totalDamageDealt': 70157, 'magicDamageDealt': 57500, 'physicalDamageDealt': 11042, 'trueDamageDealt': 1614, 'largestCriticalStrike': 0, 'totalDamageDealtToChampions': 11673, 'magicDamageDealtToChampions': 10972, 'physicalDamageDealtToChampions': 566, 'trueDamageDealtToChampions': 134, 'totalHeal': 200, 'totalUnitsHealed': 1, 'damageSelfMitigated': 4841, 'damageDealtToObjectives': 352, 'damageDealtToTurrets': 352, 'visionScore': 12, 'timeCCingOthers': 14, 'totalDamageTaken': 8546, 'magicalDamageTaken': 4976, 'physicalDamageTaken': 2642, 'trueDamageTaken': 927, 'goldEarned': 6933, 'goldSpent': 5875, 'turretKills': 0, 'inhibitorKills': 0, 'totalMinionsKilled': 153, 'neutralMinionsKilled': 8, 'neutralMinionsKilledTeamJungle': 8, 'neutralMinionsKilledEnemyJungle': 0, 'totalTimeCrowdControlDealt': 143, 'champLevel': 12, 'visionWardsBoughtInGame': 1, 'sightWardsBoughtInGame': 0, 'wardsPlaced': 7, 'wardsKilled': 6, 'firstBloodKill': False, 'firstBloodAssist': False, 'firstTowerKill': False, 'firstTowerAssist': False, 'combatPlayerScore': 0, 'objectivePlayerScore': 0, 'totalPlayerScore': 0, 'totalScoreRank': 0, 'playerScore0': 0, 'playerScore1': 0, 'playerScore2': 0, 'playerScore3': 0, 'playerScore4': 0, 'playerScore5': 0, 'playerScore6': 0, 'playerScore7': 0, 'playerScore8': 0, 'playerScore9': 0, 'perk0': 8230, 'perk0Var1': 14, 'perk0Var2': 0, 'perk0Var3': 0, 'perk1': 8226, 'perk1Var1': 250, 'perk1Var2': 507, 'perk1Var3': 0, 'perk2': 8210, 'perk2Var1': 0, 'perk2Var2': 0, 'perk2Var3': 0, 'perk3': 8237, 'perk3Var1': 362, 'perk3Var2': 0, 'perk3Var3': 0, 'perk4': 8304, 'perk4Var1': 10, 'perk4Var2': 3, 'perk4Var3': 0, 'perk5': 8345, 'perk5Var1': 3, 'perk5Var2': 0, 'perk5Var3': 0, 'perkPrimaryStyle': 8200, 'perkSubStyle': 8300, 'statPerk0': 5008, 'statPerk1': 5008, 'statPerk2': 5003}, 'timeline': {'participantId': 5, 'creepsPerMinDeltas': {'0-10': 8.8}, 'xpPerMinDeltas': {'0-10': 496.5}, 'goldPerMinDeltas': {'0-10': 285.7}, 'csDiffPerMinDeltas': {'0-10': 0.20000000000000062}, 'xpDiffPerMinDeltas': {'0-10': 9.719999999999942}, 'damageTakenPerMinDeltas': {'0-10': 257.6}, 'damageTakenDiffPerMinDeltas': {'0-10': -34.420000000000016}, 'role': 'DUO_SUPPORT', 'lane': 'NONE'}}, {'participantId': 6, 'teamId': 200, 'championId': 9, 'spell1Id': 14, 'spell2Id': 4, 'stats': {'participantId': 6, 'win': False, 'item0': 3157, 'item1': 3851, 'item2': 2055, 'item3': 3117, 'item4': 0, 'item5': 0, 'item6': 3364, 'kills': 3, 'deaths': 6, 'assists': 2, 'largestKillingSpree': 0, 'largestMultiKill': 1, 'killingSprees': 0, 'longestTimeSpentLiving': 409, 'doubleKills': 0, 'tripleKills': 0, 'quadraKills': 0, 'pentaKills': 0, 'unrealKills': 0, 'totalDamageDealt': 13076, 'magicDamageDealt': 12266, 'physicalDamageDealt': 559, 'trueDamageDealt': 250, 'largestCriticalStrike': 0, 'totalDamageDealtToChampions': 3427, 'magicDamageDealtToChampions': 2927, 'physicalDamageDealtToChampions': 250, 'trueDamageDealtToChampions': 250, 'totalHeal': 866, 'totalUnitsHealed': 3, 'damageSelfMitigated': 5704, 'damageDealtToObjectives': 213, 'damageDealtToTurrets': 0, 'visionScore': 25, 'timeCCingOthers': 50, 'totalDamageTaken': 10291, 'magicalDamageTaken': 3793, 'physicalDamageTaken': 6497, 'trueDamageTaken': 0, 'goldEarned': 4942, 'goldSpent': 4800, 'turretKills': 0, 'inhibitorKills': 0, 'totalMinionsKilled': 9, 'neutralMinionsKilled': 0, 'neutralMinionsKilledTeamJungle': 0, 'neutralMinionsKilledEnemyJungle': 0, 'totalTimeCrowdControlDealt': 148, 'champLevel': 8, 'visionWardsBoughtInGame': 6, 'sightWardsBoughtInGame': 0, 'wardsPlaced': 15, 'wardsKilled': 1, 'firstBloodKill': False, 'firstBloodAssist': False, 'firstTowerKill': False, 'firstTowerAssist': False, 'combatPlayerScore': 0, 'objectivePlayerScore': 0, 'totalPlayerScore': 0, 'totalScoreRank': 0, 'playerScore0': 0, 'playerScore1': 0, 'playerScore2': 0, 'playerScore3': 0, 'playerScore4': 0, 'playerScore5': 0, 'playerScore6': 0, 'playerScore7': 0, 'playerScore8': 0, 'playerScore9': 0, 'perk0': 8439, 'perk0Var1': 149, 'perk0Var2': 0, 'perk0Var3': 0, 'perk1': 8463, 'perk1Var1': 62, 'perk1Var2': 0, 'perk1Var3': 0, 'perk2': 8473, 'perk2Var1': 392, 'perk2Var2': 0, 'perk2Var3': 0, 'perk3': 8242, 'perk3Var1': 6, 'perk3Var2': 0, 'perk3Var3': 0, 'perk4': 8313, 'perk4Var1': 0, 'perk4Var2': 0, 'perk4Var3': 0, 'perk5': 8347, 'perk5Var1': 0, 'perk5Var2': 0, 'perk5Var3': 0, 'perkPrimaryStyle': 8400, 'perkSubStyle': 8300, 'statPerk0': 5008, 'statPerk1': 5008, 'statPerk2': 5003}, 'timeline': {'participantId': 6, 'creepsPerMinDeltas': {'0-10': 0.3}, 'xpPerMinDeltas': {'0-10': 229.1}, 'goldPerMinDeltas': {'0-10': 150.6}, 'csDiffPerMinDeltas': {'0-10': -0.20000000000000062}, 'xpDiffPerMinDeltas': {'0-10': -9.719999999999942}, 'damageTakenPerMinDeltas': {'0-10': 358.9}, 'damageTakenDiffPerMinDeltas': {'0-10': 34.420000000000016}, 'role': 'DUO_SUPPORT', 'lane': 'NONE'}}, {'participantId': 7, 'teamId': 200, 'championId': 2, 'spell1Id': 12, 'spell2Id': 4, 'stats': {'participantId': 7, 'win': False, 'item0': 2055, 'item1': 1037, 'item2': 3071, 'item3': 3047, 'item4': 1028, 'item5': 3052, 'item6': 3363, 'kills': 3, 'deaths': 3, 'assists': 2, 'largestKillingSpree': 2, 'largestMultiKill': 1, 'killingSprees': 1, 'longestTimeSpentLiving': 689, 'doubleKills': 0, 'tripleKills': 0, 'quadraKills': 0, 'pentaKills': 0, 'unrealKills': 0, 'totalDamageDealt': 69365, 'magicDamageDealt': 170, 'physicalDamageDealt': 62575, 'trueDamageDealt': 6619, 'largestCriticalStrike': 0, 'totalDamageDealtToChampions': 10434, 'magicDamageDealtToChampions': 170, 'physicalDamageDealtToChampions': 7871, 'trueDamageDealtToChampions': 2392, 'totalHeal': 1878, 'totalUnitsHealed': 1, 'damageSelfMitigated': 9057, 'damageDealtToObjectives': 1559, 'damageDealtToTurrets': 1559, 'visionScore': 20, 'timeCCingOthers': 12, 'totalDamageTaken': 13713, 'magicalDamageTaken': 7961, 'physicalDamageTaken': 5685, 'trueDamageTaken': 66, 'goldEarned': 7188, 'goldSpent': 7225, 'turretKills': 0, 'inhibitorKills': 0, 'totalMinionsKilled': 146, 'neutralMinionsKilled': 0, 'neutralMinionsKilledTeamJungle': 0, 'neutralMinionsKilledEnemyJungle': 0, 'totalTimeCrowdControlDealt': 247, 'champLevel': 12, 'visionWardsBoughtInGame': 2, 'sightWardsBoughtInGame': 0, 'wardsPlaced': 5, 'wardsKilled': 3, 'firstBloodKill': False, 'firstBloodAssist': False, 'firstTowerKill': False, 'firstTowerAssist': False, 'combatPlayerScore': 0, 'objectivePlayerScore': 0, 'totalPlayerScore': 0, 'totalScoreRank': 0, 'playerScore0': 0, 'playerScore1': 0, 'playerScore2': 0, 'playerScore3': 0, 'playerScore4': 0, 'playerScore5': 0, 'playerScore6': 0, 'playerScore7': 0, 'playerScore8': 0, 'playerScore9': 0, 'perk0': 8010, 'perk0Var1': 646, 'perk0Var2': 0, 'perk0Var3': 0, 'perk1': 9111, 'perk1Var1': 398, 'perk1Var2': 100, 'perk1Var3': 0, 'perk2': 9104, 'perk2Var1': 17, 'perk2Var2': 40, 'perk2Var3': 0, 'perk3': 8299, 'perk3Var1': 347, 'perk3Var2': 0, 'perk3Var3': 0, 'perk4': 8345, 'perk4Var1': 3, 'perk4Var2': 0, 'perk4Var3': 0, 'perk5': 8410, 'perk5Var1': 50, 'perk5Var2': 0, 'perk5Var3': 0, 'perkPrimaryStyle': 8000, 'perkSubStyle': 8300, 'statPerk0': 5008, 'statPerk1': 5008, 'statPerk2': 5003}, 'timeline': {'participantId': 7, 'creepsPerMinDeltas': {'0-10': 8.3}, 'xpPerMinDeltas': {'0-10': 452.8}, 'goldPerMinDeltas': {'0-10': 286.9}, 'csDiffPerMinDeltas': {'0-10': -0.20000000000000062}, 'xpDiffPerMinDeltas': {'0-10': -9.719999999999942}, 'damageTakenPerMinDeltas': {'0-10': 250.2}, 'damageTakenDiffPerMinDeltas': {'0-10': 34.420000000000016}, 'role': 'DUO_SUPPORT', 'lane': 'NONE'}}, {'participantId': 8, 'teamId': 200, 'championId': 154, 'spell1Id': 11, 'spell2Id': 4, 'stats': {'participantId': 8, 'win': False, 'item0': 3111, 'item1': 1401, 'item2': 3211, 'item3': 1028, 'item4': 2031, 'item5': 0, 'item6': 3364, 'kills': 2, 'deaths': 3, 'assists': 4, 'largestKillingSpree': 2, 'largestMultiKill': 1, 'killingSprees': 1, 'longestTimeSpentLiving': 642, 'doubleKills': 0, 'tripleKills': 0, 'quadraKills': 0, 'pentaKills': 0, 'unrealKills': 0, 'totalDamageDealt': 84495, 'magicDamageDealt': 63313, 'physicalDamageDealt': 16688, 'trueDamageDealt': 4493, 'largestCriticalStrike': 0, 'totalDamageDealtToChampions': 5157, 'magicDamageDealtToChampions': 3609, 'physicalDamageDealtToChampions': 714, 'trueDamageDealtToChampions': 833, 'totalHeal': 18007, 'totalUnitsHealed': 4, 'damageSelfMitigated': 13031, 'damageDealtToObjectives': 4033, 'damageDealtToTurrets': 399, 'visionScore': 28, 'timeCCingOthers': 18, 'totalDamageTaken': 19810, 'magicalDamageTaken': 5180, 'physicalDamageTaken': 13218, 'trueDamageTaken': 1412, 'goldEarned': 6644, 'goldSpent': 5575, 'turretKills': 0, 'inhibitorKills': 0, 'totalMinionsKilled': 31, 'neutralMinionsKilled': 88, 'neutralMinionsKilledTeamJungle': 62, 'neutralMinionsKilledEnemyJungle': 0, 'totalTimeCrowdControlDealt': 332, 'champLevel': 11, 'visionWardsBoughtInGame': 3, 'sightWardsBoughtInGame': 0, 'wardsPlaced': 5, 'wardsKilled': 7, 'firstBloodKill': True, 'firstBloodAssist': False, 'firstTowerKill': False, 'firstTowerAssist': False, 'combatPlayerScore': 0, 'objectivePlayerScore': 0, 'totalPlayerScore': 0, 'totalScoreRank': 0, 'playerScore0': 0, 'playerScore1': 0, 'playerScore2': 0, 'playerScore3': 0, 'playerScore4': 0, 'playerScore5': 0, 'playerScore6': 0, 'playerScore7': 0, 'playerScore8': 0, 'playerScore9': 0, 'perk0': 8439, 'perk0Var1': 294, 'perk0Var2': 0, 'perk0Var3': 0, 'perk1': 8463, 'perk1Var1': 214, 'perk1Var2': 0, 'perk1Var3': 0, 'perk2': 8429, 'perk2Var1': 46, 'perk2Var2': 13, 'perk2Var3': 14, 'perk3': 8453, 'perk3Var1': 1181, 'perk3Var2': 0, 'perk3Var3': 0, 'perk4': 8126, 'perk4Var1': 319, 'perk4Var2': 0, 'perk4Var3': 0, 'perk5': 8135, 'perk5Var1': 3211, 'perk5Var2': 4, 'perk5Var3': 0, 'perkPrimaryStyle': 8400, 'perkSubStyle': 8100, 'statPerk0': 5007, 'statPerk1': 5002, 'statPerk2': 5003}, 'timeline': {'participantId': 8, 'creepsPerMinDeltas': {'0-10': 0.30000000000000004}, 'xpPerMinDeltas': {'0-10': 391.6}, 'goldPerMinDeltas': {'0-10': 291}, 'csDiffPerMinDeltas': {'0-10': -0.20000000000000062}, 'xpDiffPerMinDeltas': {'0-10': -9.719999999999942}, 'damageTakenPerMinDeltas': {'0-10': 695.5}, 'damageTakenDiffPerMinDeltas': {'0-10': 34.420000000000016}, 'role': 'DUO_SUPPORT', 'lane': 'NONE'}}, {'participantId': 9, 'teamId': 200, 'championId': 245, 'spell1Id': 4, 'spell2Id': 12, 'stats': {'participantId': 9, 'win': False, 'item0': 3145, 'item1': 2033, 'item2': 3285, 'item3': 1082, 'item4': 3067, 'item5': 1001, 'item6': 3364, 'kills': 2, 'deaths': 3, 'assists': 3, 'largestKillingSpree': 2, 'largestMultiKill': 1, 'killingSprees': 1, 'longestTimeSpentLiving': 621, 'doubleKills': 0, 'tripleKills': 0, 'quadraKills': 0, 'pentaKills': 0, 'unrealKills': 0, 'totalDamageDealt': 72434, 'magicDamageDealt': 63588, 'physicalDamageDealt': 8458, 'trueDamageDealt': 388, 'largestCriticalStrike': 0, 'totalDamageDealtToChampions': 7591, 'magicDamageDealtToChampions': 6426, 'physicalDamageDealtToChampions': 1098, 'trueDamageDealtToChampions': 66, 'totalHeal': 1876, 'totalUnitsHealed': 1, 'damageSelfMitigated': 7531, 'damageDealtToObjectives': 1340, 'damageDealtToTurrets': 1340, 'visionScore': 23, 'timeCCingOthers': 9, 'totalDamageTaken': 12324, 'magicalDamageTaken': 8086, 'physicalDamageTaken': 4140, 'trueDamageTaken': 98, 'goldEarned': 6980, 'goldSpent': 6425, 'turretKills': 0, 'inhibitorKills': 0, 'totalMinionsKilled': 151, 'neutralMinionsKilled': 0, 'neutralMinionsKilledTeamJungle': 0, 'neutralMinionsKilledEnemyJungle': 0, 'totalTimeCrowdControlDealt': 248, 'champLevel': 12, 'visionWardsBoughtInGame': 3, 'sightWardsBoughtInGame': 0, 'wardsPlaced': 16, 'wardsKilled': 8, 'firstBloodKill': False, 'firstBloodAssist': False, 'firstTowerKill': False, 'firstTowerAssist': False, 'combatPlayerScore': 0, 'objectivePlayerScore': 0, 'totalPlayerScore': 0, 'totalScoreRank': 0, 'playerScore0': 0, 'playerScore1': 0, 'playerScore2': 0, 'playerScore3': 0, 'playerScore4': 0, 'playerScore5': 0, 'playerScore6': 0, 'playerScore7': 0, 'playerScore8': 0, 'playerScore9': 0, 'perk0': 8112, 'perk0Var1': 544, 'perk0Var2': 0, 'perk0Var3': 0, 'perk1': 8143, 'perk1Var1': 273, 'perk1Var2': 0, 'perk1Var3': 0, 'perk2': 8136, 'perk2Var1': 9, 'perk2Var2': 18, 'perk2Var3': 0, 'perk3': 8135, 'perk3Var1': 836, 'perk3Var2': 3, 'perk3Var3': 0, 'perk4': 8347, 'perk4Var1': 0, 'perk4Var2': 0, 'perk4Var3': 0, 'perk5': 8345, 'perk5Var1': 3, 'perk5Var2': 0, 'perk5Var3': 0, 'perkPrimaryStyle': 8100, 'perkSubStyle': 8300, 'statPerk0': 5008, 'statPerk1': 5008, 'statPerk2': 5003}, 'timeline': {'participantId': 9, 'creepsPerMinDeltas': {'0-10': 8.8}, 'xpPerMinDeltas': {'0-10': 473.59999999999997}, 'goldPerMinDeltas': {'0-10': 279}, 'csDiffPerMinDeltas': {'0-10': -0.20000000000000062}, 'xpDiffPerMinDeltas': {'0-10': -9.719999999999942}, 'damageTakenPerMinDeltas': {'0-10': 355.8}, 'damageTakenDiffPerMinDeltas': {'0-10': 34.420000000000016}, 'role': 'DUO_SUPPORT', 'lane': 'NONE'}}, {'participantId': 10, 'teamId': 200, 'championId': 21, 'spell1Id': 7, 'spell2Id': 4, 'stats': {'participantId': 10, 'win': False, 'item0': 3508, 'item1': 2031, 'item2': 1038, 'item3': 1001, 'item4': 1055, 'item5': 1055, 'item6': 3363, 'kills': 1, 'deaths': 5, 'assists': 2, 'largestKillingSpree': 0, 'largestMultiKill': 1, 'killingSprees': 0, 'longestTimeSpentLiving': 406, 'doubleKills': 0, 'tripleKills': 0, 'quadraKills': 0, 'pentaKills': 0, 'unrealKills': 0, 'totalDamageDealt': 52415, 'magicDamageDealt': 1450, 'physicalDamageDealt': 49057, 'trueDamageDealt': 1907, 'largestCriticalStrike': 604, 'totalDamageDealtToChampions': 6390, 'magicDamageDealtToChampions': 546, 'physicalDamageDealtToChampions': 5843, 'trueDamageDealtToChampions': 0, 'totalHeal': 884, 'totalUnitsHealed': 2, 'damageSelfMitigated': 6298, 'damageDealtToObjectives': 3630, 'damageDealtToTurrets': 1585, 'visionScore': 7, 'timeCCingOthers': 5, 'totalDamageTaken': 13095, 'magicalDamageTaken': 5353, 'physicalDamageTaken': 7635, 'trueDamageTaken': 106, 'goldEarned': 6310, 'goldSpent': 6000, 'turretKills': 1, 'inhibitorKills': 0, 'totalMinionsKilled': 124, 'neutralMinionsKilled': 4, 'neutralMinionsKilledTeamJungle': 4, 'neutralMinionsKilledEnemyJungle': 0, 'totalTimeCrowdControlDealt': 56, 'champLevel': 10, 'visionWardsBoughtInGame': 0, 'sightWardsBoughtInGame': 0, 'wardsPlaced': 6, 'wardsKilled': 0, 'firstBloodKill': False, 'firstBloodAssist': False, 'firstTowerKill': False, 'firstTowerAssist': False, 'combatPlayerScore': 0, 'objectivePlayerScore': 0, 'totalPlayerScore': 0, 'totalScoreRank': 0, 'playerScore0': 0, 'playerScore1': 0, 'playerScore2': 0, 'playerScore3': 0, 'playerScore4': 0, 'playerScore5': 0, 'playerScore6': 0, 'playerScore7': 0, 'playerScore8': 0, 'playerScore9': 0, 'perk0': 8005, 'perk0Var1': 365, 'perk0Var2': 245, 'perk0Var3': 119, 'perk1': 9101, 'perk1Var1': 726, 'perk1Var2': 813, 'perk1Var3': 0, 'perk2': 9103, 'perk2Var1': 0, 'perk2Var2': 0, 'perk2Var3': 0, 'perk3': 8017, 'perk3Var1': 47, 'perk3Var2': 0, 'perk3Var3': 0, 'perk4': 8275, 'perk4Var1': 5, 'perk4Var2': 0, 'perk4Var3': 0, 'perk5': 8233, 'perk5Var1': 10, 'perk5Var2': 0, 'perk5Var3': 0, 'perkPrimaryStyle': 8000, 'perkSubStyle': 8200, 'statPerk0': 5005, 'statPerk1': 5008, 'statPerk2': 5003}, 'timeline': {'participantId': 10, 'creepsPerMinDeltas': {'0-10': 7}, 'xpPerMinDeltas': {'0-10': 295.8}, 'goldPerMinDeltas': {'0-10': 240.5}, 'csDiffPerMinDeltas': {'0-10': -0.20000000000000062}, 'xpDiffPerMinDeltas': {'0-10': -9.719999999999942}, 'damageTakenPerMinDeltas': {'0-10': 372.6}, 'damageTakenDiffPerMinDeltas': {'0-10': 34.420000000000016}, 'role': 'DUO_SUPPORT', 'lane': 'NONE'}}]",KR,420.0,13.0,,
10,1584614134376.0,193.0,4229039003.0,CLASSIC,MATCHED_GAME,10.6.313.2784,11.0,"[{'participantId': 1, 'player': {'platformId': 'KR', 'accountId': 'IIWG7FRiqE8CuZaCslKkNxkglwpgnePPxDslb2tv66FKrgo', 'summonerName': 'Youtube Thal', 'summonerId': '8Cx100isJ6RMMeOmUX_-Wg0CESabVTYk-e8P8Ijj3zuIiB4', 'currentPlatformId': 'KR', 'currentAccountId': 'IIWG7FRiqE8CuZaCslKkNxkglwpgnePPxDslb2tv66FKrgo', 'matchHistoryUri': '/v1/stats/player_history/KR/201236882', 'profileIcon': 4090}}, {'participantId': 2, 'player': {'platformId': 'KR', 'accountId': 'KNmREBogecbDn1f-0rIP_QjQXB0evxeua6Aj-d1zyAT5-g6PhvWy7bDu', 'summonerName': 'fabaju', 'summonerId': 'teXAKC_XJelr3rAIWQZJ5_fxna8W9fq0Qp3oG3rTaD8jDXw', 'currentPlatformId': 'KR', 'currentAccountId': 'KNmREBogecbDn1f-0rIP_QjQXB0evxeua6Aj-d1zyAT5-g6PhvWy7bDu', 'matchHistoryUri': '/v1/stats/player_history/KR/2372722115505344', 'profileIcon': 29}}, {'participantId': 3, 'player': {'platformId': 'KR', 'accountId': 'DotaUIWsBXIuo0gdcYWikps5-nvtz6M0qq_MiLvQKU9n85U-Nojyr6z3', 'summonerName': 'jymmlbzj', 'summonerId': 'aTYFTWJnhaPUKlXVpFBL6GIFzd7mKKxLgEQPMJjpkPmF3Fs', 'currentPlatformId': 'KR', 'currentAccountId': 'DotaUIWsBXIuo0gdcYWikps5-nvtz6M0qq_MiLvQKU9n85U-Nojyr6z3', 'matchHistoryUri': '/v1/stats/player_history/KR/2372727291161856', 'profileIcon': 7}}, {'participantId': 4, 'player': {'platformId': 'KR', 'accountId': 'QrwhHNLZCGrRADqDGigOaOKnQRa81BEfwhn2D1mLl7FA9xA', 'summonerName': '아이유칼', 'summonerId': 'bxbP8mE_1qozzFlDAxlrmk9tjmMb4pMqF44F7YXGP6bY51Y', 'currentPlatformId': 'KR', 'currentAccountId': 'QrwhHNLZCGrRADqDGigOaOKnQRa81BEfwhn2D1mLl7FA9xA', 'matchHistoryUri': '/v1/stats/player_history/KR/208484750', 'profileIcon': 16}}, {'participantId': 5, 'player': {'platformId': 'KR', 'accountId': 'xSk5jPXNFKI3MJuNDFyX2-2dDrBVUAFkZ3DV_U6I5CuEi7c', 'summonerName': '타 잔', 'summonerId': 'sZcUrDXT5ZE-p14yHXEsop-V3BwWdSmOTGPmMmlcsn_20TQ', 'currentPlatformId': 'KR', 'currentAccountId': 'xSk5jPXNFKI3MJuNDFyX2-2dDrBVUAFkZ3DV_U6I5CuEi7c', 'matchHistoryUri': '/v1/stats/player_history/KR/204167188', 'profileIcon': 936}}, {'participantId': 6, 'player': {'platformId': 'KR', 'accountId': 'JpBsef4xsPaWncKm7eZolLvrEDomP6sf6g0LHMM2yo_ESLY', 'summonerName': 'Mei Tian Kun', 'summonerId': 'RD7o-HXJPJEELzG8S72meIDmX4nYZ1yW5VeYikKaK_S7CnA', 'currentPlatformId': 'KR', 'currentAccountId': 'JpBsef4xsPaWncKm7eZolLvrEDomP6sf6g0LHMM2yo_ESLY', 'matchHistoryUri': '/v1/stats/player_history/KR/206321273', 'profileIcon': 982}}, {'participantId': 7, 'player': {'platformId': 'KR', 'accountId': 'TMslxDJdK_yPRE1IWbsDXG1ptC8cQMXpm7MK74H30UqcMsM', 'summonerName': '이주한1', 'summonerId': 'OVScQHf6XVl7EGb8-FuSGH-Qm54IzRzmLLlrJOukWNXxstY', 'currentPlatformId': 'KR', 'currentAccountId': 'TMslxDJdK_yPRE1IWbsDXG1ptC8cQMXpm7MK74H30UqcMsM', 'matchHistoryUri': '/v1/stats/player_history/KR/208206029', 'profileIcon': 4391}}, {'participantId': 8, 'player': {'platformId': 'KR', 'accountId': 'tdPV9B3PVFP8G6gnAIJ2lCdZSXjgWgxOZFabXNxcdh00RVyPlipuiUAI', 'summonerName': '몰래키운아이디', 'summonerId': 'wojZI52wk3Uc7-Vqq9jpeRxo7jtb26MwQC7p_H0Db4_rQ2w', 'currentPlatformId': 'KR', 'currentAccountId': 'tdPV9B3PVFP8G6gnAIJ2lCdZSXjgWgxOZFabXNxcdh00RVyPlipuiUAI', 'matchHistoryUri': '/v1/stats/player_history/KR/2082612842868032', 'profileIcon': 6}}, {'participantId': 9, 'player': {'platformId': 'KR', 'accountId': 'e08jybn3DcAPjF0dMTWXjZCYd6TZSW4OrpQ5DNMaHp4vDKo', 'summonerName': '골목대장 태훈이', 'summonerId': '6MdVwNCqz5Eo2jfR1jREB5BC82WCAUERWSMmehmTT9REJVI', 'currentPlatformId': 'KR', 'currentAccountId': 'e08jybn3DcAPjF0dMTWXjZCYd6TZSW4OrpQ5DNMaHp4vDKo', 'matchHistoryUri': '/v1/stats/player_history/KR/207440298', 'profileIcon': 4249}}, {'participantId': 10, 'player': {'platformId': 'KR', 'accountId': 'nc-f7WhRepx47jP1BIGPk4cNwLcuDw6YH7zLbf7cQt0APGaGw-01znl7', 'summonerName': '송아지얼룩송아지', 'summonerId': 'tVss7uUX2VQNKFlJj7pXjV7NOzLfgHkWxTwL-G30EVV9q5s', 'currentPlatformId': 'KR', 'currentAccountId': 'nc-f7WhRepx47jP1BIGPk4cNwLcuDw6YH7zLbf7cQt0APGaGw-01znl7', 'matchHistoryUri': '/v1/stats/player_history/KR/2383286947082208', 'profileIcon': 29}}]","[{'participantId': 1, 'teamId': 100, 'championId': 41, 'spell1Id': 4, 'spell2Id': 12, 'stats': {'participantId': 1, 'win': False, 'item0': 2033, 'item1': 0, 'item2': 0, 'item3': 0, 'item4': 0, 'item5': 0, 'item6': 3340, 'kills': 0, 'deaths': 0, 'assists': 1, 'largestKillingSpree': 0, 'largestMultiKill': 0, 'killingSprees': 0, 'longestTimeSpentLiving': 0, 'doubleKills': 0, 'tripleKills': 0, 'quadraKills': 0, 'pentaKills': 0, 'unrealKills': 0, 'totalDamageDealt': 3969, 'magicDamageDealt': 172, 'physicalDamageDealt': 3479, 'trueDamageDealt': 317, 'largestCriticalStrike': 0, 'totalDamageDealtToChampions': 978, 'magicDamageDealtToChampions': 172, 'physicalDamageDealtToChampions': 664, 'trueDamageDealtToChampions': 141, 'totalHeal': 72, 'totalUnitsHealed': 1, 'damageSelfMitigated': 366, 'damageDealtToObjectives': 0, 'damageDealtToTurrets': 0, 'visionScore': 0, 'timeCCingOthers': 0, 'totalDamageTaken': 1134, 'magicalDamageTaken': 1044, 'physicalDamageTaken': 90, 'trueDamageTaken': 0, 'goldEarned': 1080, 'goldSpent': 500, 'turretKills': 0, 'inhibitorKills': 0, 'totalMinionsKilled': 13, 'neutralMinionsKilled': 0, 'neutralMinionsKilledTeamJungle': 0, 'neutralMinionsKilledEnemyJungle': 0, 'totalTimeCrowdControlDealt': 21, 'champLevel': 3, 'visionWardsBoughtInGame': 0, 'sightWardsBoughtInGame': 0, 'wardsPlaced': 1, 'wardsKilled': 0, 'firstBloodKill': False, 'firstBloodAssist': False, 'combatPlayerScore': 0, 'objectivePlayerScore': 0, 'totalPlayerScore': 0, 'totalScoreRank': 0, 'playerScore0': 0, 'playerScore1': 0, 'playerScore2': 0, 'playerScore3': 0, 'playerScore4': 0, 'playerScore5': 0, 'playerScore6': 0, 'playerScore7': 0, 'playerScore8': 0, 'playerScore9': 0, 'perk0': 8437, 'perk0Var1': 105, 'perk0Var2': 70, 'perk0Var3': 0, 'perk1': 8446, 'perk1Var1': 0, 'perk1Var2': 0, 'perk1Var3': 0, 'perk2': 8444, 'perk2Var1': 103, 'perk2Var2': 0, 'perk2Var3': 0, 'perk3': 8451, 'perk3Var1': 3, 'perk3Var2': 0, 'perk3Var3': 0, 'perk4': 8139, 'perk4Var1': 41, 'perk4Var2': 0, 'perk4Var3': 0, 'perk5': 8106, 'perk5Var1': 1, 'perk5Var2': 0, 'perk5Var3': 0, 'perkPrimaryStyle': 8400, 'perkSubStyle': 8100, 'statPerk0': 5008, 'statPerk1': 5008, 'statPerk2': 5002}, 'timeline': {'participantId': 1, 'role': 'DUO', 'lane': 'NONE'}}, {'participantId': 2, 'teamId': 100, 'championId': 412, 'spell1Id': 14, 'spell2Id': 4, 'stats': {'participantId': 2, 'win': False, 'item0': 2419, 'item1': 2403, 'item2': 0, 'item3': 0, 'item4': 0, 'item5': 0, 'item6': 0, 'kills': 0, 'deaths': 0, 'assists': 0, 'largestKillingSpree': 0, 'largestMultiKill': 0, 'killingSprees': 0, 'longestTimeSpentLiving': 0, 'doubleKills': 0, 'tripleKills': 0, 'quadraKills': 0, 'pentaKills': 0, 'unrealKills': 0, 'totalDamageDealt': 0, 'magicDamageDealt': 0, 'physicalDamageDealt': 0, 'trueDamageDealt': 0, 'largestCriticalStrike': 0, 'totalDamageDealtToChampions': 0, 'magicDamageDealtToChampions': 0, 'physicalDamageDealtToChampions': 0, 'trueDamageDealtToChampions': 0, 'totalHeal': 0, 'totalUnitsHealed': 0, 'damageSelfMitigated': 0, 'damageDealtToObjectives': 0, 'damageDealtToTurrets': 0, 'visionScore': 0, 'timeCCingOthers': 0, 'totalDamageTaken': 0, 'magicalDamageTaken': 0, 'physicalDamageTaken': 0, 'trueDamageTaken': 0, 'goldEarned': 670, 'goldSpent': 0, 'turretKills': 0, 'inhibitorKills': 0, 'totalMinionsKilled': 0, 'neutralMinionsKilled': 0, 'neutralMinionsKilledTeamJungle': 0, 'neutralMinionsKilledEnemyJungle': 0, 'totalTimeCrowdControlDealt': 0, 'champLevel': 1, 'visionWardsBoughtInGame': 0, 'sightWardsBoughtInGame': 0, 'wardsPlaced': 0, 'wardsKilled': 0, 'firstBloodKill': False, 'firstBloodAssist': False, 'combatPlayerScore': 0, 'objectivePlayerScore': 0, 'totalPlayerScore': 0, 'totalScoreRank': 0, 'playerScore0': 0, 'playerScore1': 0, 'playerScore2': 0, 'playerScore3': 0, 'playerScore4': 0, 'playerScore5': 0, 'playerScore6': 0, 'playerScore7': 0, 'playerScore8': 0, 'playerScore9': 0, 'perk0': 8439, 'perk0Var1': 0, 'perk0Var2': 0, 'perk0Var3': 0, 'perk1': 8446, 'perk1Var1': 0, 'perk1Var2': 0, 'perk1Var3': 0, 'perk2': 8473, 'perk2Var1': 0, 'perk2Var2': 0, 'perk2Var3': 0, 'perk3': 8451, 'perk3Var1': 0, 'perk3Var2': 0, 'perk3Var3': 0, 'perk4': 8313, 'perk4Var1': 0, 'perk4Var2': 0, 'perk4Var3': 0, 'perk5': 8316, 'perk5Var1': 0, 'perk5Var2': 0, 'perk5Var3': 0, 'perkPrimaryStyle': 8400, 'perkSubStyle': 8300, 'statPerk0': 5008, 'statPerk1': 5003, 'statPerk2': 5002}, 'timeline': {'participantId': 2, 'role': 'DUO', 'lane': 'NONE'}}, {'participantId': 3, 'teamId': 100, 'championId': 110, 'spell1Id': 4, 'spell2Id': 7, 'stats': {'participantId': 3, 'win': False, 'item0': 2033, 'item1': 2010, 'item2': 0, 'item3': 0, 'item4': 0, 'item5': 0, 'item6': 3340, 'kills': 0, 'deaths': 0, 'assists': 0, 'largestKillingSpree': 0, 'largestMultiKill': 0, 'killingSprees': 0, 'longestTimeSpentLiving': 0, 'doubleKills': 0, 'tripleKills': 0, 'quadraKills': 0, 'pentaKills': 0, 'unrealKills': 0, 'totalDamageDealt': 1862, 'magicDamageDealt': 17, 'physicalDamageDealt': 1845, 'trueDamageDealt': 0, 'largestCriticalStrike': 0, 'totalDamageDealtToChampions': 358, 'magicDamageDealtToChampions': 17, 'physicalDamageDealtToChampions': 341, 'trueDamageDealtToChampions': 0, 'totalHeal': 105, 'totalUnitsHealed': 1, 'damageSelfMitigated': 222, 'damageDealtToObjectives': 0, 'damageDealtToTurrets': 0, 'visionScore': 0, 'timeCCingOthers': 1, 'totalDamageTaken': 651, 'magicalDamageTaken': 0, 'physicalDamageTaken': 633, 'trueDamageTaken': 18, 'goldEarned': 803, 'goldSpent': 500, 'turretKills': 0, 'inhibitorKills': 0, 'totalMinionsKilled': 7, 'neutralMinionsKilled': 0, 'neutralMinionsKilledTeamJungle': 0, 'neutralMinionsKilledEnemyJungle': 0, 'totalTimeCrowdControlDealt': 20, 'champLevel': 2, 'visionWardsBoughtInGame': 0, 'sightWardsBoughtInGame': 0, 'wardsPlaced': 1, 'wardsKilled': 0, 'firstBloodKill': False, 'firstBloodAssist': False, 'combatPlayerScore': 0, 'objectivePlayerScore': 0, 'totalPlayerScore': 0, 'totalScoreRank': 0, 'playerScore0': 0, 'playerScore1': 0, 'playerScore2': 0, 'playerScore3': 0, 'playerScore4': 0, 'playerScore5': 0, 'playerScore6': 0, 'playerScore7': 0, 'playerScore8': 0, 'playerScore9': 0, 'perk0': 8229, 'perk0Var1': 54, 'perk0Var2': 0, 'perk0Var3': 0, 'perk1': 8226, 'perk1Var1': 100, 'perk1Var2': 0, 'perk1Var3': 0, 'perk2': 8210, 'perk2Var1': 0, 'perk2Var2': 0, 'perk2Var3': 0, 'perk3': 8236, 'perk3Var1': 0, 'perk3Var2': 0, 'perk3Var3': 0, 'perk4': 8304, 'perk4Var1': 0, 'perk4Var2': 0, 'perk4Var3': 0, 'perk5': 8345, 'perk5Var1': 1, 'perk5Var2': 0, 'perk5Var3': 0, 'perkPrimaryStyle': 8200, 'perkSubStyle': 8300, 'statPerk0': 5008, 'statPerk1': 5008, 'statPerk2': 5002}, 'timeline': {'participantId': 3, 'role': 'DUO', 'lane': 'NONE'}}, {'participantId': 4, 'teamId': 100, 'championId': 142, 'spell1Id': 14, 'spell2Id': 4, 'stats': {'participantId': 4, 'win': False, 'item0': 0, 'item1': 2033, 'item2': 2403, 'item3': 0, 'item4': 0, 'item5': 0, 'item6': 3340, 'kills': 0, 'deaths': 0, 'assists': 0, 'largestKillingSpree': 0, 'largestMultiKill': 0, 'killingSprees': 0, 'longestTimeSpentLiving': 0, 'doubleKills': 0, 'tripleKills': 0, 'quadraKills': 0, 'pentaKills': 0, 'unrealKills': 0, 'totalDamageDealt': 4122, 'magicDamageDealt': 1287, 'physicalDamageDealt': 2510, 'trueDamageDealt': 324, 'largestCriticalStrike': 0, 'totalDamageDealtToChampions': 593, 'magicDamageDealtToChampions': 279, 'physicalDamageDealtToChampions': 291, 'trueDamageDealtToChampions': 22, 'totalHeal': 124, 'totalUnitsHealed': 1, 'damageSelfMitigated': 109, 'damageDealtToObjectives': 0, 'damageDealtToTurrets': 0, 'visionScore': 0, 'timeCCingOthers': 0, 'totalDamageTaken': 434, 'magicalDamageTaken': 110, 'physicalDamageTaken': 324, 'trueDamageTaken': 0, 'goldEarned': 971, 'goldSpent': 500, 'turretKills': 0, 'inhibitorKills': 0, 'totalMinionsKilled': 17, 'neutralMinionsKilled': 0, 'neutralMinionsKilledTeamJungle': 0, 'neutralMinionsKilledEnemyJungle': 0, 'totalTimeCrowdControlDealt': 0, 'champLevel': 3, 'visionWardsBoughtInGame': 0, 'sightWardsBoughtInGame': 0, 'wardsPlaced': 0, 'wardsKilled': 0, 'firstBloodKill': False, 'firstBloodAssist': False, 'combatPlayerScore': 0, 'objectivePlayerScore': 0, 'totalPlayerScore': 0, 'totalScoreRank': 0, 'playerScore0': 0, 'playerScore1': 0, 'playerScore2': 0, 'playerScore3': 0, 'playerScore4': 0, 'playerScore5': 0, 'playerScore6': 0, 'playerScore7': 0, 'playerScore8': 0, 'playerScore9': 0, 'perk0': 8214, 'perk0Var1': 43, 'perk0Var2': 0, 'perk0Var3': 0, 'perk1': 8275, 'perk1Var1': 2, 'perk1Var2': 0, 'perk1Var3': 0, 'perk2': 8210, 'perk2Var1': 0, 'perk2Var2': 0, 'perk2Var3': 0, 'perk3': 8237, 'perk3Var1': 35, 'perk3Var2': 0, 'perk3Var3': 0, 'perk4': 8352, 'perk4Var1': 21, 'perk4Var2': 125, 'perk4Var3': 75, 'perk5': 8316, 'perk5Var1': 0, 'perk5Var2': 0, 'perk5Var3': 0, 'perkPrimaryStyle': 8200, 'perkSubStyle': 8300, 'statPerk0': 5005, 'statPerk1': 5008, 'statPerk2': 5003}, 'timeline': {'participantId': 4, 'role': 'DUO', 'lane': 'NONE'}}, {'participantId': 5, 'teamId': 100, 'championId': 64, 'spell1Id': 11, 'spell2Id': 4, 'stats': {'participantId': 5, 'win': False, 'item0': 1041, 'item1': 2031, 'item2': 0, 'item3': 0, 'item4': 0, 'item5': 0, 'item6': 3340, 'kills': 1, 'deaths': 0, 'assists': 0, 'largestKillingSpree': 0, 'largestMultiKill': 1, 'killingSprees': 0, 'longestTimeSpentLiving': 0, 'doubleKills': 0, 'tripleKills': 0, 'quadraKills': 0, 'pentaKills': 0, 'unrealKills': 0, 'totalDamageDealt': 7061, 'magicDamageDealt': 540, 'physicalDamageDealt': 6521, 'trueDamageDealt': 0, 'largestCriticalStrike': 0, 'totalDamageDealtToChampions': 199, 'magicDamageDealtToChampions': 70, 'physicalDamageDealtToChampions': 128, 'trueDamageDealtToChampions': 0, 'totalHeal': 348, 'totalUnitsHealed': 1, 'damageSelfMitigated': 978, 'damageDealtToObjectives': 0, 'damageDealtToTurrets': 0, 'visionScore': 0, 'timeCCingOthers': 0, 'totalDamageTaken': 1122, 'magicalDamageTaken': 282, 'physicalDamageTaken': 840, 'trueDamageTaken': 0, 'goldEarned': 1394, 'goldSpent': 500, 'turretKills': 0, 'inhibitorKills': 0, 'totalMinionsKilled': 1, 'neutralMinionsKilled': 12, 'neutralMinionsKilledTeamJungle': 12, 'neutralMinionsKilledEnemyJungle': 0, 'totalTimeCrowdControlDealt': 20, 'champLevel': 3, 'visionWardsBoughtInGame': 0, 'sightWardsBoughtInGame': 0, 'wardsPlaced': 1, 'wardsKilled': 0, 'firstBloodKill': True, 'firstBloodAssist': False, 'combatPlayerScore': 0, 'objectivePlayerScore': 0, 'totalPlayerScore': 0, 'totalScoreRank': 0, 'playerScore0': 0, 'playerScore1': 0, 'playerScore2': 0, 'playerScore3': 0, 'playerScore4': 0, 'playerScore5': 0, 'playerScore6': 0, 'playerScore7': 0, 'playerScore8': 0, 'playerScore9': 0, 'perk0': 8010, 'perk0Var1': 0, 'perk0Var2': 0, 'perk0Var3': 0, 'perk1': 9111, 'perk1Var1': 0, 'perk1Var2': 20, 'perk1Var3': 0, 'perk2': 9105, 'perk2Var1': 0, 'perk2Var2': 0, 'perk2Var3': 0, 'perk3': 8014, 'perk3Var1': 16, 'perk3Var2': 0, 'perk3Var3': 0, 'perk4': 8304, 'perk4Var1': 0, 'perk4Var2': 0, 'perk4Var3': 0, 'perk5': 8347, 'perk5Var1': 0, 'perk5Var2': 0, 'perk5Var3': 0, 'perkPrimaryStyle': 8000, 'perkSubStyle': 8300, 'statPerk0': 5005, 'statPerk1': 5008, 'statPerk2': 5003}, 'timeline': {'participantId': 5, 'role': 'DUO', 'lane': 'NONE'}}, {'participantId': 6, 'teamId': 200, 'championId': 163, 'spell1Id': 1, 'spell2Id': 4, 'stats': {'participantId': 6, 'win': True, 'item0': 2010, 'item1': 2033, 'item2': 0, 'item3': 0, 'item4': 0, 'item5': 0, 'item6': 3340, 'kills': 0, 'deaths': 0, 'assists': 0, 'largestKillingSpree': 0, 'largestMultiKill': 0, 'killingSprees': 0, 'longestTimeSpentLiving': 0, 'doubleKills': 0, 'tripleKills': 0, 'quadraKills': 0, 'pentaKills': 0, 'unrealKills': 0, 'totalDamageDealt': 5196, 'magicDamageDealt': 2891, 'physicalDamageDealt': 2304, 'trueDamageDealt': 0, 'largestCriticalStrike': 0, 'totalDamageDealtToChampions': 350, 'magicDamageDealtToChampions': 110, 'physicalDamageDealtToChampions': 240, 'trueDamageDealtToChampions': 0, 'totalHeal': 173, 'totalUnitsHealed': 1, 'damageSelfMitigated': 195, 'damageDealtToObjectives': 0, 'damageDealtToTurrets': 0, 'visionScore': 1, 'timeCCingOthers': 0, 'totalDamageTaken': 664, 'magicalDamageTaken': 279, 'physicalDamageTaken': 363, 'trueDamageTaken': 22, 'goldEarned': 1034, 'goldSpent': 500, 'turretKills': 0, 'inhibitorKills': 0, 'totalMinionsKilled': 19, 'neutralMinionsKilled': 0, 'neutralMinionsKilledTeamJungle': 0, 'neutralMinionsKilledEnemyJungle': 0, 'totalTimeCrowdControlDealt': 48, 'champLevel': 3, 'visionWardsBoughtInGame': 0, 'sightWardsBoughtInGame': 0, 'wardsPlaced': 1, 'wardsKilled': 1, 'firstBloodKill': False, 'firstBloodAssist': False, 'combatPlayerScore': 0, 'objectivePlayerScore': 0, 'totalPlayerScore': 0, 'totalScoreRank': 0, 'playerScore0': 0, 'playerScore1': 0, 'playerScore2': 0, 'playerScore3': 0, 'playerScore4': 0, 'playerScore5': 0, 'playerScore6': 0, 'playerScore7': 0, 'playerScore8': 0, 'playerScore9': 0, 'perk0': 8112, 'perk0Var1': 25, 'perk0Var2': 0, 'perk0Var3': 0, 'perk1': 8139, 'perk1Var1': 39, 'perk1Var2': 0, 'perk1Var3': 0, 'perk2': 8120, 'perk2Var1': 0, 'perk2Var2': 0, 'perk2Var3': 0, 'perk3': 8135, 'perk3Var1': 27, 'perk3Var2': 0, 'perk3Var3': 0, 'perk4': 8345, 'perk4Var1': 1, 'perk4Var2': 0, 'perk4Var3': 0, 'perk5': 8352, 'perk5Var1': 24, 'perk5Var2': 125, 'perk5Var3': 75, 'perkPrimaryStyle': 8100, 'perkSubStyle': 8300, 'statPerk0': 5008, 'statPerk1': 5008, 'statPerk2': 5003}, 'timeline': {'participantId': 6, 'role': 'DUO', 'lane': 'NONE'}}, {'participantId': 7, 'teamId': 200, 'championId': 875, 'spell1Id': 11, 'spell2Id': 4, 'stats': {'participantId': 7, 'win': True, 'item0': 1041, 'item1': 2031, 'item2': 0, 'item3': 0, 'item4': 0, 'item5': 0, 'item6': 3364, 'kills': 0, 'deaths': 0, 'assists': 0, 'largestKillingSpree': 0, 'largestMultiKill': 0, 'killingSprees': 0, 'longestTimeSpentLiving': 0, 'doubleKills': 0, 'tripleKills': 0, 'quadraKills': 0, 'pentaKills': 0, 'unrealKills': 0, 'totalDamageDealt': 11048, 'magicDamageDealt': 0, 'physicalDamageDealt': 9578, 'trueDamageDealt': 1470, 'largestCriticalStrike': 0, 'totalDamageDealtToChampions': 0, 'magicDamageDealtToChampions': 0, 'physicalDamageDealtToChampions': 0, 'trueDamageDealtToChampions': 0, 'totalHeal': 713, 'totalUnitsHealed': 1, 'damageSelfMitigated': 876, 'damageDealtToObjectives': 0, 'damageDealtToTurrets': 0, 'visionScore': 1, 'timeCCingOthers': 0, 'totalDamageTaken': 1315, 'magicalDamageTaken': 296, 'physicalDamageTaken': 1019, 'trueDamageTaken': 0, 'goldEarned': 1145, 'goldSpent': 500, 'turretKills': 0, 'inhibitorKills': 0, 'totalMinionsKilled': 0, 'neutralMinionsKilled': 20, 'neutralMinionsKilledTeamJungle': 20, 'neutralMinionsKilledEnemyJungle': 0, 'totalTimeCrowdControlDealt': 10, 'champLevel': 3, 'visionWardsBoughtInGame': 0, 'sightWardsBoughtInGame': 0, 'wardsPlaced': 1, 'wardsKilled': 0, 'firstBloodKill': False, 'firstBloodAssist': False, 'combatPlayerScore': 0, 'objectivePlayerScore': 0, 'totalPlayerScore': 0, 'totalScoreRank': 0, 'playerScore0': 0, 'playerScore1': 0, 'playerScore2': 0, 'playerScore3': 0, 'playerScore4': 0, 'playerScore5': 0, 'playerScore6': 0, 'playerScore7': 0, 'playerScore8': 0, 'playerScore9': 0, 'perk0': 8230, 'perk0Var1': 0, 'perk0Var2': 0, 'perk0Var3': 0, 'perk1': 8275, 'perk1Var1': 2, 'perk1Var2': 0, 'perk1Var3': 0, 'perk2': 8234, 'perk2Var1': 415, 'perk2Var2': 0, 'perk2Var3': 0, 'perk3': 8232, 'perk3Var1': 0, 'perk3Var2': 20, 'perk3Var3': 0, 'perk4': 8306, 'perk4Var1': 0, 'perk4Var2': 0, 'perk4Var3': 0, 'perk5': 8347, 'perk5Var1': 0, 'perk5Var2': 0, 'perk5Var3': 0, 'perkPrimaryStyle': 8200, 'perkSubStyle': 8300, 'statPerk0': 5005, 'statPerk1': 5008, 'statPerk2': 5002}, 'timeline': {'participantId': 7, 'role': 'DUO', 'lane': 'NONE'}}, {'participantId': 8, 'teamId': 200, 'championId': 25, 'spell1Id': 4, 'spell2Id': 14, 'stats': {'participantId': 8, 'win': True, 'item0': 2010, 'item1': 2003, 'item2': 2419, 'item3': 3858, 'item4': 0, 'item5': 0, 'item6': 3364, 'kills': 0, 'deaths': 0, 'assists': 0, 'largestKillingSpree': 0, 'largestMultiKill': 0, 'killingSprees': 0, 'longestTimeSpentLiving': 0, 'doubleKills': 0, 'tripleKills': 0, 'quadraKills': 0, 'pentaKills': 0, 'unrealKills': 0, 'totalDamageDealt': 1456, 'magicDamageDealt': 100, 'physicalDamageDealt': 1010, 'trueDamageDealt': 345, 'largestCriticalStrike': 0, 'totalDamageDealtToChampions': 145, 'magicDamageDealtToChampions': 0, 'physicalDamageDealtToChampions': 127, 'trueDamageDealtToChampions': 18, 'totalHeal': 0, 'totalUnitsHealed': 0, 'damageSelfMitigated': 361, 'damageDealtToObjectives': 0, 'damageDealtToTurrets': 0, 'visionScore': 1, 'timeCCingOthers': 0, 'totalDamageTaken': 260, 'magicalDamageTaken': 0, 'physicalDamageTaken': 260, 'trueDamageTaken': 0, 'goldEarned': 782, 'goldSpent': 500, 'turretKills': 0, 'inhibitorKills': 0, 'totalMinionsKilled': 3, 'neutralMinionsKilled': 0, 'neutralMinionsKilledTeamJungle': 0, 'neutralMinionsKilledEnemyJungle': 0, 'totalTimeCrowdControlDealt': 2, 'champLevel': 2, 'visionWardsBoughtInGame': 0, 'sightWardsBoughtInGame': 0, 'wardsPlaced': 0, 'wardsKilled': 0, 'firstBloodKill': False, 'firstBloodAssist': False, 'combatPlayerScore': 0, 'objectivePlayerScore': 0, 'totalPlayerScore': 0, 'totalScoreRank': 0, 'playerScore0': 0, 'playerScore1': 0, 'playerScore2': 0, 'playerScore3': 0, 'playerScore4': 0, 'playerScore5': 0, 'playerScore6': 0, 'playerScore7': 0, 'playerScore8': 0, 'playerScore9': 0, 'perk0': 8465, 'perk0Var1': 327, 'perk0Var2': 0, 'perk0Var3': 0, 'perk1': 8446, 'perk1Var1': 0, 'perk1Var2': 0, 'perk1Var3': 0, 'perk2': 8473, 'perk2Var1': 31, 'perk2Var2': 0, 'perk2Var3': 0, 'perk3': 8453, 'perk3Var1': 5, 'perk3Var2': 27, 'perk3Var3': 0, 'perk4': 8313, 'perk4Var1': 0, 'perk4Var2': 0, 'perk4Var3': 0, 'perk5': 8345, 'perk5Var1': 1, 'perk5Var2': 0, 'perk5Var3': 0, 'perkPrimaryStyle': 8400, 'perkSubStyle': 8300, 'statPerk0': 5008, 'statPerk1': 5008, 'statPerk2': 5002}, 'timeline': {'participantId': 8, 'role': 'DUO', 'lane': 'NONE'}}, {'participantId': 9, 'teamId': 200, 'championId': 21, 'spell1Id': 7, 'spell2Id': 4, 'stats': {'participantId': 9, 'win': True, 'item0': 2003, 'item1': 0, 'item2': 0, 'item3': 0, 'item4': 0, 'item5': 1055, 'item6': 3340, 'kills': 0, 'deaths': 0, 'assists': 0, 'largestKillingSpree': 0, 'largestMultiKill': 0, 'killingSprees': 0, 'longestTimeSpentLiving': 0, 'doubleKills': 0, 'tripleKills': 0, 'quadraKills': 0, 'pentaKills': 0, 'unrealKills': 0, 'totalDamageDealt': 2608, 'magicDamageDealt': 0, 'physicalDamageDealt': 2608, 'trueDamageDealt': 0, 'largestCriticalStrike': 0, 'totalDamageDealtToChampions': 496, 'magicDamageDealtToChampions': 0, 'physicalDamageDealtToChampions': 496, 'trueDamageDealtToChampions': 0, 'totalHeal': 210, 'totalUnitsHealed': 2, 'damageSelfMitigated': 106, 'damageDealtToObjectives': 0, 'damageDealtToTurrets': 0, 'visionScore': 0, 'timeCCingOthers': 0, 'totalDamageTaken': 209, 'magicalDamageTaken': 17, 'physicalDamageTaken': 192, 'trueDamageTaken': 0, 'goldEarned': 968, 'goldSpent': 500, 'turretKills': 0, 'inhibitorKills': 0, 'totalMinionsKilled': 15, 'neutralMinionsKilled': 0, 'neutralMinionsKilledTeamJungle': 0, 'neutralMinionsKilledEnemyJungle': 0, 'totalTimeCrowdControlDealt': 0, 'champLevel': 2, 'visionWardsBoughtInGame': 0, 'sightWardsBoughtInGame': 0, 'wardsPlaced': 0, 'wardsKilled': 0, 'firstBloodKill': False, 'firstBloodAssist': False, 'combatPlayerScore': 0, 'objectivePlayerScore': 0, 'totalPlayerScore': 0, 'totalScoreRank': 0, 'playerScore0': 0, 'playerScore1': 0, 'playerScore2': 0, 'playerScore3': 0, 'playerScore4': 0, 'playerScore5': 0, 'playerScore6': 0, 'playerScore7': 0, 'playerScore8': 0, 'playerScore9': 0, 'perk0': 8005, 'perk0Var1': 39, 'perk0Var2': 35, 'perk0Var3': 4, 'perk1': 9101, 'perk1Var1': 1, 'perk1Var2': 4, 'perk1Var3': 0, 'perk2': 9103, 'perk2Var1': 0, 'perk2Var2': 0, 'perk2Var3': 0, 'perk3': 8017, 'perk3Var1': 0, 'perk3Var2': 0, 'perk3Var3': 0, 'perk4': 8275, 'perk4Var1': 2, 'perk4Var2': 0, 'perk4Var3': 0, 'perk5': 8233, 'perk5Var1': 0, 'perk5Var2': 0, 'perk5Var3': 0, 'perkPrimaryStyle': 8000, 'perkSubStyle': 8200, 'statPerk0': 5005, 'statPerk1': 5008, 'statPerk2': 5002}, 'timeline': {'participantId': 9, 'role': 'DUO', 'lane': 'NONE'}}, {'participantId': 10, 'teamId': 200, 'championId': 517, 'spell1Id': 4, 'spell2Id': 12, 'stats': {'participantId': 10, 'win': True, 'item0': 2033, 'item1': 0, 'item2': 0, 'item3': 0, 'item4': 0, 'item5': 0, 'item6': 3340, 'kills': 0, 'deaths': 1, 'assists': 0, 'largestKillingSpree': 0, 'largestMultiKill': 0, 'killingSprees': 0, 'longestTimeSpentLiving': 181, 'doubleKills': 0, 'tripleKills': 0, 'quadraKills': 0, 'pentaKills': 0, 'unrealKills': 0, 'totalDamageDealt': 2917, 'magicDamageDealt': 1987, 'physicalDamageDealt': 930, 'trueDamageDealt': 0, 'largestCriticalStrike': 0, 'totalDamageDealtToChampions': 1044, 'magicDamageDealtToChampions': 1044, 'physicalDamageDealtToChampions': 0, 'trueDamageDealtToChampions': 0, 'totalHeal': 173, 'totalUnitsHealed': 1, 'damageSelfMitigated': 442, 'damageDealtToObjectives': 0, 'damageDealtToTurrets': 0, 'visionScore': 0, 'timeCCingOthers': 2, 'totalDamageTaken': 1443, 'magicalDamageTaken': 243, 'physicalDamageTaken': 1059, 'trueDamageTaken': 141, 'goldEarned': 905, 'goldSpent': 500, 'turretKills': 0, 'inhibitorKills': 0, 'totalMinionsKilled': 11, 'neutralMinionsKilled': 0, 'neutralMinionsKilledTeamJungle': 0, 'neutralMinionsKilledEnemyJungle': 0, 'totalTimeCrowdControlDealt': 5, 'champLevel': 3, 'visionWardsBoughtInGame': 0, 'sightWardsBoughtInGame': 0, 'wardsPlaced': 1, 'wardsKilled': 0, 'firstBloodKill': False, 'firstBloodAssist': False, 'combatPlayerScore': 0, 'objectivePlayerScore': 0, 'totalPlayerScore': 0, 'totalScoreRank': 0, 'playerScore0': 0, 'playerScore1': 0, 'playerScore2': 0, 'playerScore3': 0, 'playerScore4': 0, 'playerScore5': 0, 'playerScore6': 0, 'playerScore7': 0, 'playerScore8': 0, 'playerScore9': 0, 'perk0': 8010, 'perk0Var1': 3, 'perk0Var2': 0, 'perk0Var3': 0, 'perk1': 8009, 'perk1Var1': 0, 'perk1Var2': 0, 'perk1Var3': 0, 'perk2': 9104, 'perk2Var1': 0, 'perk2Var2': 0, 'perk2Var3': 0, 'perk3': 8299, 'perk3Var1': 35, 'perk3Var2': 0, 'perk3Var3': 0, 'perk4': 8304, 'perk4Var1': 0, 'perk4Var2': 0, 'perk4Var3': 0, 'perk5': 8345, 'perk5Var1': 1, 'perk5Var2': 0, 'perk5Var3': 0, 'perkPrimaryStyle': 8000, 'perkSubStyle': 8300, 'statPerk0': 5005, 'statPerk1': 5008, 'statPerk2': 5002}, 'timeline': {'participantId': 10, 'role': 'DUO', 'lane': 'NONE'}}]",KR,420.0,13.0,,
11,1584612357399.0,1201.0,4228952659.0,CLASSIC,MATCHED_GAME,10.6.313.2784,11.0,"[{'participantId': 1, 'player': {'platformId': 'KR', 'accountId': '-fIO9kid9UOaNLEIO9cFp7gm3niBuwGIcehMskHoDuXpV8ufxuB9toXV', 'summonerName': 'SRB Harp', 'summonerId': 'lPlTICvuusxA5K7H55B0XTNO89KCPMxjQy49YW1gee7UFm8', 'currentPlatformId': 'KR', 'currentAccountId': '-fIO9kid9UOaNLEIO9cFp7gm3niBuwGIcehMskHoDuXpV8ufxuB9toXV', 'matchHistoryUri': '/v1/stats/player_history/KR/1982814430350688', 'profileIcon': 4353}}, {'participantId': 2, 'player': {'platformId': 'KR', 'accountId': 'HyWyq44753qK0mVR7pMRTM9uyPw-yFW4Q0J-_H-uK-g4Gcg', 'summonerName': '쭌 베', 'summonerId': 'yp161RWGZz1tIsrneqXsY5dxv2paShNLo-ajtf6gbMEFakM', 'currentPlatformId': 'KR', 'currentAccountId': 'HyWyq44753qK0mVR7pMRTM9uyPw-yFW4Q0J-_H-uK-g4Gcg', 'matchHistoryUri': '/v1/stats/player_history/KR/209966841', 'profileIcon': 3840}}, {'participantId': 3, 'player': {'platformId': 'KR', 'accountId': 'bVwP9CQfYvmYu0L_U7p5NCo14wsHOoRfbrnpvGBBPyp32M0', 'summonerName': 'supupsupupsupup', 'summonerId': '6jJ9FEFNazBPTdmsRhofkU0lFj_CQl1G7y-uKkIbgl45FSA', 'currentPlatformId': 'KR', 'currentAccountId': 'bVwP9CQfYvmYu0L_U7p5NCo14wsHOoRfbrnpvGBBPyp32M0', 'matchHistoryUri': '/v1/stats/player_history/KR/208802310', 'profileIcon': 4418}}, {'participantId': 4, 'player': {'platformId': 'KR', 'accountId': 'TMslxDJdK_yPRE1IWbsDXG1ptC8cQMXpm7MK74H30UqcMsM', 'summonerName': '이주한1', 'summonerId': 'OVScQHf6XVl7EGb8-FuSGH-Qm54IzRzmLLlrJOukWNXxstY', 'currentPlatformId': 'KR', 'currentAccountId': 'TMslxDJdK_yPRE1IWbsDXG1ptC8cQMXpm7MK74H30UqcMsM', 'matchHistoryUri': '/v1/stats/player_history/KR/208206029', 'profileIcon': 4391}}, {'participantId': 5, 'player': {'platformId': 'KR', 'accountId': 'nc-f7WhRepx47jP1BIGPk4cNwLcuDw6YH7zLbf7cQt0APGaGw-01znl7', 'summonerName': '송아지얼룩송아지', 'summonerId': 'tVss7uUX2VQNKFlJj7pXjV7NOzLfgHkWxTwL-G30EVV9q5s', 'currentPlatformId': 'KR', 'currentAccountId': 'nc-f7WhRepx47jP1BIGPk4cNwLcuDw6YH7zLbf7cQt0APGaGw-01znl7', 'matchHistoryUri': '/v1/stats/player_history/KR/2383286947082208', 'profileIcon': 29}}, {'participantId': 6, 'player': {'platformId': 'KR', 'accountId': 'IIWG7FRiqE8CuZaCslKkNxkglwpgnePPxDslb2tv66FKrgo', 'summonerName': 'Youtube Thal', 'summonerId': '8Cx100isJ6RMMeOmUX_-Wg0CESabVTYk-e8P8Ijj3zuIiB4', 'currentPlatformId': 'KR', 'currentAccountId': 'IIWG7FRiqE8CuZaCslKkNxkglwpgnePPxDslb2tv66FKrgo', 'matchHistoryUri': '/v1/stats/player_history/KR/201236882', 'profileIcon': 4090}}, {'participantId': 7, 'player': {'platformId': 'KR', 'accountId': 'E6XWIQV0_mzXHQF29b_oMhmKHbcXcqmwq22KbeB6Qwi_VUxAnesC_fZr', 'summonerName': '실망자', 'summonerId': 'saU_gg2u-e7CZPnXntchXERItZxWVjVjRS7NvtTb5NzWxsQ', 'currentPlatformId': 'KR', 'currentAccountId': 'E6XWIQV0_mzXHQF29b_oMhmKHbcXcqmwq22KbeB6Qwi_VUxAnesC_fZr', 'matchHistoryUri': '/v1/stats/player_history/KR/2119420280631040', 'profileIcon': 3367}}, {'participantId': 8, 'player': {'platformId': 'KR', 'accountId': 'QrwhHNLZCGrRADqDGigOaOKnQRa81BEfwhn2D1mLl7FA9xA', 'summonerName': '아이유칼', 'summonerId': 'bxbP8mE_1qozzFlDAxlrmk9tjmMb4pMqF44F7YXGP6bY51Y', 'currentPlatformId': 'KR', 'currentAccountId': 'QrwhHNLZCGrRADqDGigOaOKnQRa81BEfwhn2D1mLl7FA9xA', 'matchHistoryUri': '/v1/stats/player_history/KR/208484750', 'profileIcon': 16}}, {'participantId': 9, 'player': {'platformId': 'KR', 'accountId': 'xSk5jPXNFKI3MJuNDFyX2-2dDrBVUAFkZ3DV_U6I5CuEi7c', 'summonerName': '타 잔', 'summonerId': 'sZcUrDXT5ZE-p14yHXEsop-V3BwWdSmOTGPmMmlcsn_20TQ', 'currentPlatformId': 'KR', 'currentAccountId': 'xSk5jPXNFKI3MJuNDFyX2-2dDrBVUAFkZ3DV_U6I5CuEi7c', 'matchHistoryUri': '/v1/stats/player_history/KR/204167188', 'profileIcon': 15}}, {'participantId': 10, 'player': {'platformId': 'KR', 'accountId': 'VRz4fQAyDf_vFle88u9ikVssnEnBwIiZTn-7yovCZDXa', 'summonerName': 'Untara', 'summonerId': 'igfPf_EchCxVh_HmWMnYjwRXn0dm_861VpQ6MSVLX2dZQA', 'currentPlatformId': 'KR', 'currentAccountId': 'VRz4fQAyDf_vFle88u9ikVssnEnBwIiZTn-7yovCZDXa', 'matchHistoryUri': '/v1/stats/player_history/KR/4122399', 'profileIcon': 4}}]","[{'participantId': 1, 'teamId': 100, 'championId': 145, 'spell1Id': 4, 'spell2Id': 7, 'stats': {'participantId': 1, 'win': True, 'item0': 3004, 'item1': 1055, 'item2': 3006, 'item3': 3101, 'item4': 3124, 'item5': 0, 'item6': 3363, 'kills': 4, 'deaths': 2, 'assists': 3, 'largestKillingSpree': 3, 'largestMultiKill': 1, 'killingSprees': 1, 'longestTimeSpentLiving': 673, 'doubleKills': 0, 'tripleKills': 0, 'quadraKills': 0, 'pentaKills': 0, 'unrealKills': 0, 'totalDamageDealt': 82204, 'magicDamageDealt': 5880, 'physicalDamageDealt': 76323, 'trueDamageDealt': 0, 'largestCriticalStrike': 0, 'totalDamageDealtToChampions': 9077, 'magicDamageDealtToChampions': 2082, 'physicalDamageDealtToChampions': 6995, 'trueDamageDealtToChampions': 0, 'totalHeal': 2201, 'totalUnitsHealed': 3, 'damageSelfMitigated': 3033, 'damageDealtToObjectives': 6988, 'damageDealtToTurrets': 5806, 'visionScore': 9, 'timeCCingOthers': 0, 'totalDamageTaken': 7997, 'magicalDamageTaken': 3950, 'physicalDamageTaken': 4047, 'trueDamageTaken': 0, 'goldEarned': 8741, 'goldSpent': 8700, 'turretKills': 2, 'inhibitorKills': 0, 'totalMinionsKilled': 161, 'neutralMinionsKilled': 5, 'neutralMinionsKilledTeamJungle': 4, 'neutralMinionsKilledEnemyJungle': 0, 'totalTimeCrowdControlDealt': 0, 'champLevel': 11, 'visionWardsBoughtInGame': 0, 'sightWardsBoughtInGame': 0, 'wardsPlaced': 6, 'wardsKilled': 1, 'firstBloodKill': False, 'firstBloodAssist': False, 'firstTowerKill': False, 'firstTowerAssist': False, 'firstInhibitorKill': False, 'firstInhibitorAssist': False, 'combatPlayerScore': 0, 'objectivePlayerScore': 0, 'totalPlayerScore': 0, 'totalScoreRank': 0, 'playerScore0': 0, 'playerScore1': 0, 'playerScore2': 0, 'playerScore3': 0, 'playerScore4': 0, 'playerScore5': 0, 'playerScore6': 0, 'playerScore7': 0, 'playerScore8': 0, 'playerScore9': 0, 'perk0': 9923, 'perk0Var1': 60, 'perk0Var2': 83, 'perk0Var3': 0, 'perk1': 8139, 'perk1Var1': 623, 'perk1Var2': 0, 'perk1Var3': 0, 'perk2': 8138, 'perk2Var1': 8, 'perk2Var2': 0, 'perk2Var3': 0, 'perk3': 8135, 'perk3Var1': 592, 'perk3Var2': 2, 'perk3Var3': 0, 'perk4': 8009, 'perk4Var1': 1430, 'perk4Var2': 500, 'perk4Var3': 0, 'perk5': 9103, 'perk5Var1': 0, 'perk5Var2': 0, 'perk5Var3': 0, 'perkPrimaryStyle': 8100, 'perkSubStyle': 8000, 'statPerk0': 5005, 'statPerk1': 5008, 'statPerk2': 5002}, 'timeline': {'participantId': 1, 'creepsPerMinDeltas': {'10-20': 7.7, '0-10': 8.4}, 'xpPerMinDeltas': {'10-20': 426.6, '0-10': 313}, 'goldPerMinDeltas': {'10-20': 437.9, '0-10': 386.1}, 'csDiffPerMinDeltas': {'10-20': -0.6499999999999995, '0-10': 0.19999999999999996}, 'xpDiffPerMinDeltas': {'10-20': -35.10000000000005, '0-10': 36.55000000000001}, 'damageTakenPerMinDeltas': {'10-20': 526, '0-10': 273.70000000000005}, 'damageTakenDiffPerMinDeltas': {'10-20': -461.8499999999999, '0-10': -34.25}, 'role': 'DUO_CARRY', 'lane': 'BOTTOM'}}, {'participantId': 2, 'teamId': 100, 'championId': 80, 'spell1Id': 14, 'spell2Id': 4, 'stats': {'participantId': 2, 'win': True, 'item0': 3142, 'item1': 3071, 'item2': 2033, 'item3': 3111, 'item4': 3179, 'item5': 1055, 'item6': 3340, 'kills': 10, 'deaths': 0, 'assists': 1, 'largestKillingSpree': 10, 'largestMultiKill': 2, 'killingSprees': 1, 'longestTimeSpentLiving': 0, 'doubleKills': 2, 'tripleKills': 0, 'quadraKills': 0, 'pentaKills': 0, 'unrealKills': 0, 'totalDamageDealt': 97319, 'magicDamageDealt': 1364, 'physicalDamageDealt': 94362, 'trueDamageDealt': 1593, 'largestCriticalStrike': 0, 'totalDamageDealtToChampions': 12846, 'magicDamageDealtToChampions': 549, 'physicalDamageDealtToChampions': 11706, 'trueDamageDealtToChampions': 590, 'totalHeal': 2339, 'totalUnitsHealed': 1, 'damageSelfMitigated': 5520, 'damageDealtToObjectives': 5821, 'damageDealtToTurrets': 5821, 'visionScore': 16, 'timeCCingOthers': 18, 'totalDamageTaken': 9091, 'magicalDamageTaken': 2456, 'physicalDamageTaken': 6493, 'trueDamageTaken': 142, 'goldEarned': 11407, 'goldSpent': 10500, 'turretKills': 2, 'inhibitorKills': 0, 'totalMinionsKilled': 172, 'neutralMinionsKilled': 0, 'neutralMinionsKilledTeamJungle': 0, 'neutralMinionsKilledEnemyJungle': 0, 'totalTimeCrowdControlDealt': 114, 'champLevel': 13, 'visionWardsBoughtInGame': 2, 'sightWardsBoughtInGame': 0, 'wardsPlaced': 8, 'wardsKilled': 0, 'firstBloodKill': False, 'firstBloodAssist': False, 'firstTowerKill': False, 'firstTowerAssist': True, 'firstInhibitorKill': False, 'firstInhibitorAssist': False, 'combatPlayerScore': 0, 'objectivePlayerScore': 0, 'totalPlayerScore': 0, 'totalScoreRank': 0, 'playerScore0': 0, 'playerScore1': 0, 'playerScore2': 0, 'playerScore3': 0, 'playerScore4': 0, 'playerScore5': 0, 'playerScore6': 0, 'playerScore7': 0, 'playerScore8': 0, 'playerScore9': 0, 'perk0': 8010, 'perk0Var1': 885, 'perk0Var2': 0, 'perk0Var3': 0, 'perk1': 9111, 'perk1Var1': 515, 'perk1Var2': 220, 'perk1Var3': 0, 'perk2': 9105, 'perk2Var1': 14, 'perk2Var2': 10, 'perk2Var3': 0, 'perk3': 8014, 'perk3Var1': 469, 'perk3Var2': 0, 'perk3Var3': 0, 'perk4': 8316, 'perk4Var1': 4564, 'perk4Var2': 0, 'perk4Var3': 0, 'perk5': 8352, 'perk5Var1': 209, 'perk5Var2': 1023, 'perk5Var3': 787, 'perkPrimaryStyle': 8000, 'perkSubStyle': 8300, 'statPerk0': 5008, 'statPerk1': 5008, 'statPerk2': 5003}, 'timeline': {'participantId': 2, 'creepsPerMinDeltas': {'10-20': 9.4, '0-10': 7.8}, 'xpPerMinDeltas': {'10-20': 612.7, '0-10': 495.1}, 'goldPerMinDeltas': {'10-20': 788.5, '0-10': 302.1}, 'csDiffPerMinDeltas': {'10-20': 2.3000000000000003, '0-10': -0.20000000000000018}, 'xpDiffPerMinDeltas': {'10-20': 183.89999999999998, '0-10': 36.5}, 'damageTakenPerMinDeltas': {'10-20': 626.6, '0-10': 282.5}, 'damageTakenDiffPerMinDeltas': {'10-20': -284.5999999999999, '0-10': 73.89999999999999}, 'role': 'SOLO', 'lane': 'MIDDLE'}}, {'participantId': 3, 'teamId': 100, 'championId': 111, 'spell1Id': 4, 'spell2Id': 14, 'stats': {'participantId': 3, 'win': True, 'item0': 3050, 'item1': 3860, 'item2': 3193, 'item3': 2055, 'item4': 0, 'item5': 3117, 'item6': 3364, 'kills': 2, 'deaths': 1, 'assists': 12, 'largestKillingSpree': 0, 'largestMultiKill': 1, 'killingSprees': 0, 'longestTimeSpentLiving': 685, 'doubleKills': 0, 'tripleKills': 0, 'quadraKills': 0, 'pentaKills': 0, 'unrealKills': 0, 'totalDamageDealt': 22121, 'magicDamageDealt': 8501, 'physicalDamageDealt': 6674, 'trueDamageDealt': 6945, 'largestCriticalStrike': 0, 'totalDamageDealtToChampions': 5497, 'magicDamageDealtToChampions': 3407, 'physicalDamageDealtToChampions': 1623, 'trueDamageDealtToChampions': 466, 'totalHeal': 438, 'totalUnitsHealed': 4, 'damageSelfMitigated': 12835, 'damageDealtToObjectives': 233, 'damageDealtToTurrets': 233, 'visionScore': 43, 'timeCCingOthers': 33, 'totalDamageTaken': 6853, 'magicalDamageTaken': 1909, 'physicalDamageTaken': 4943, 'trueDamageTaken': 0, 'goldEarned': 6804, 'goldSpent': 6675, 'turretKills': 0, 'inhibitorKills': 1, 'totalMinionsKilled': 30, 'neutralMinionsKilled': 0, 'neutralMinionsKilledTeamJungle': 0, 'neutralMinionsKilledEnemyJungle': 0, 'totalTimeCrowdControlDealt': 187, 'champLevel': 11, 'visionWardsBoughtInGame': 9, 'sightWardsBoughtInGame': 0, 'wardsPlaced': 18, 'wardsKilled': 7, 'firstBloodKill': True, 'firstBloodAssist': False, 'firstTowerKill': False, 'firstTowerAssist': False, 'firstInhibitorKill': False, 'firstInhibitorAssist': False, 'combatPlayerScore': 0, 'objectivePlayerScore': 0, 'totalPlayerScore': 0, 'totalScoreRank': 0, 'playerScore0': 0, 'playerScore1': 0, 'playerScore2': 0, 'playerScore3': 0, 'playerScore4': 0, 'playerScore5': 0, 'playerScore6': 0, 'playerScore7': 0, 'playerScore8': 0, 'playerScore9': 0, 'perk0': 8439, 'perk0Var1': 253, 'perk0Var2': 0, 'perk0Var3': 0, 'perk1': 8463, 'perk1Var1': 649, 'perk1Var2': 0, 'perk1Var3': 0, 'perk2': 8473, 'perk2Var1': 268, 'perk2Var2': 0, 'perk2Var3': 0, 'perk3': 8451, 'perk3Var1': 128, 'perk3Var2': 0, 'perk3Var3': 0, 'perk4': 8313, 'perk4Var1': 0, 'perk4Var2': 0, 'perk4Var3': 0, 'perk5': 8316, 'perk5Var1': 246, 'perk5Var2': 0, 'perk5Var3': 0, 'perkPrimaryStyle': 8400, 'perkSubStyle': 8300, 'statPerk0': 5005, 'statPerk1': 5002, 'statPerk2': 5002}, 'timeline': {'participantId': 3, 'creepsPerMinDeltas': {'10-20': 1.7000000000000002, '0-10': 1.3}, 'xpPerMinDeltas': {'10-20': 503.5, '0-10': 295.2}, 'goldPerMinDeltas': {'10-20': 398.29999999999995, '0-10': 232}, 'csDiffPerMinDeltas': {'10-20': -0.6499999999999995, '0-10': 0.19999999999999996}, 'xpDiffPerMinDeltas': {'10-20': -35.10000000000005, '0-10': 36.55000000000001}, 'damageTakenPerMinDeltas': {'10-20': 479.5, '0-10': 205.8}, 'damageTakenDiffPerMinDeltas': {'10-20': -461.8499999999999, '0-10': -34.25}, 'role': 'DUO_SUPPORT', 'lane': 'BOTTOM'}}, {'participantId': 4, 'teamId': 100, 'championId': 245, 'spell1Id': 11, 'spell2Id': 4, 'stats': {'participantId': 4, 'win': True, 'item0': 2055, 'item1': 3020, 'item2': 3152, 'item3': 3057, 'item4': 1414, 'item5': 3113, 'item6': 3364, 'kills': 6, 'deaths': 0, 'assists': 5, 'largestKillingSpree': 6, 'largestMultiKill': 2, 'killingSprees': 1, 'longestTimeSpentLiving': 0, 'doubleKills': 1, 'tripleKills': 0, 'quadraKills': 0, 'pentaKills': 0, 'unrealKills': 0, 'totalDamageDealt': 171517, 'magicDamageDealt': 118668, 'physicalDamageDealt': 34823, 'trueDamageDealt': 18025, 'largestCriticalStrike': 0, 'totalDamageDealtToChampions': 9835, 'magicDamageDealtToChampions': 7667, 'physicalDamageDealtToChampions': 1422, 'trueDamageDealtToChampions': 746, 'totalHeal': 15335, 'totalUnitsHealed': 1, 'damageSelfMitigated': 13576, 'damageDealtToObjectives': 35241, 'damageDealtToTurrets': 1988, 'visionScore': 24, 'timeCCingOthers': 8, 'totalDamageTaken': 21477, 'magicalDamageTaken': 4377, 'physicalDamageTaken': 16874, 'trueDamageTaken': 225, 'goldEarned': 10888, 'goldSpent': 8450, 'turretKills': 2, 'inhibitorKills': 0, 'totalMinionsKilled': 27, 'neutralMinionsKilled': 145, 'neutralMinionsKilledTeamJungle': 72, 'neutralMinionsKilledEnemyJungle': 33, 'totalTimeCrowdControlDealt': 528, 'champLevel': 14, 'visionWardsBoughtInGame': 4, 'sightWardsBoughtInGame': 0, 'wardsPlaced': 3, 'wardsKilled': 4, 'firstBloodKill': False, 'firstBloodAssist': False, 'firstTowerKill': True, 'firstTowerAssist': False, 'firstInhibitorKill': False, 'firstInhibitorAssist': False, 'combatPlayerScore': 0, 'objectivePlayerScore': 0, 'totalPlayerScore': 0, 'totalScoreRank': 0, 'playerScore0': 0, 'playerScore1': 0, 'playerScore2': 0, 'playerScore3': 0, 'playerScore4': 0, 'playerScore5': 0, 'playerScore6': 0, 'playerScore7': 0, 'playerScore8': 0, 'playerScore9': 0, 'perk0': 8010, 'perk0Var1': 545, 'perk0Var2': 0, 'perk0Var3': 0, 'perk1': 9111, 'perk1Var1': 988, 'perk1Var2': 220, 'perk1Var3': 0, 'perk2': 9105, 'perk2Var1': 14, 'perk2Var2': 30, 'perk2Var3': 0, 'perk3': 8014, 'perk3Var1': 291, 'perk3Var2': 0, 'perk3Var3': 0, 'perk4': 8143, 'perk4Var1': 360, 'perk4Var2': 0, 'perk4Var3': 0, 'perk5': 8135, 'perk5Var1': 6335, 'perk5Var2': 5, 'perk5Var3': 0, 'perkPrimaryStyle': 8000, 'perkSubStyle': 8100, 'statPerk0': 5005, 'statPerk1': 5008, 'statPerk2': 5002}, 'timeline': {'participantId': 4, 'creepsPerMinDeltas': {'10-20': 2.3, '0-10': 0.4}, 'xpPerMinDeltas': {'10-20': 882.4, '0-10': 378.29999999999995}, 'goldPerMinDeltas': {'10-20': 729.9, '0-10': 308.8}, 'csDiffPerMinDeltas': {'10-20': -2.9000000000000004, '0-10': -0.8}, 'xpDiffPerMinDeltas': {'10-20': 326.9, '0-10': -23.80000000000001}, 'damageTakenPerMinDeltas': {'10-20': 1481, '0-10': 666.7}, 'damageTakenDiffPerMinDeltas': {'10-20': 364.19999999999993, '0-10': 298.9}, 'role': 'NONE', 'lane': 'JUNGLE'}}, {'participantId': 5, 'teamId': 100, 'championId': 114, 'spell1Id': 4, 'spell2Id': 12, 'stats': {'participantId': 5, 'win': True, 'item0': 3074, 'item1': 3123, 'item2': 1055, 'item3': 3057, 'item4': 3044, 'item5': 3006, 'item6': 3340, 'kills': 3, 'deaths': 6, 'assists': 3, 'largestKillingSpree': 2, 'largestMultiKill': 1, 'killingSprees': 1, 'longestTimeSpentLiving': 518, 'doubleKills': 0, 'tripleKills': 0, 'quadraKills': 0, 'pentaKills': 0, 'unrealKills': 0, 'totalDamageDealt': 95910, 'magicDamageDealt': 3207, 'physicalDamageDealt': 87901, 'trueDamageDealt': 4800, 'largestCriticalStrike': 499, 'totalDamageDealtToChampions': 8738, 'magicDamageDealtToChampions': 237, 'physicalDamageDealtToChampions': 7036, 'trueDamageDealtToChampions': 1464, 'totalHeal': 1651, 'totalUnitsHealed': 1, 'damageSelfMitigated': 14557, 'damageDealtToObjectives': 8839, 'damageDealtToTurrets': 8839, 'visionScore': 18, 'timeCCingOthers': 4, 'totalDamageTaken': 15659, 'magicalDamageTaken': 1632, 'physicalDamageTaken': 13122, 'trueDamageTaken': 905, 'goldEarned': 9244, 'goldSpent': 8125, 'turretKills': 3, 'inhibitorKills': 1, 'totalMinionsKilled': 146, 'neutralMinionsKilled': 12, 'neutralMinionsKilledTeamJungle': 8, 'neutralMinionsKilledEnemyJungle': 4, 'totalTimeCrowdControlDealt': 88, 'champLevel': 12, 'visionWardsBoughtInGame': 1, 'sightWardsBoughtInGame': 0, 'wardsPlaced': 6, 'wardsKilled': 2, 'firstBloodKill': False, 'firstBloodAssist': False, 'firstTowerKill': False, 'firstTowerAssist': False, 'firstInhibitorKill': True, 'firstInhibitorAssist': False, 'combatPlayerScore': 0, 'objectivePlayerScore': 0, 'totalPlayerScore': 0, 'totalScoreRank': 0, 'playerScore0': 0, 'playerScore1': 0, 'playerScore2': 0, 'playerScore3': 0, 'playerScore4': 0, 'playerScore5': 0, 'playerScore6': 0, 'playerScore7': 0, 'playerScore8': 0, 'playerScore9': 0, 'perk0': 8010, 'perk0Var1': 189, 'perk0Var2': 0, 'perk0Var3': 0, 'perk1': 9101, 'perk1Var1': 4509, 'perk1Var2': 3491, 'perk1Var3': 0, 'perk2': 9104, 'perk2Var1': 17, 'perk2Var2': 30, 'perk2Var3': 0, 'perk3': 8299, 'perk3Var1': 282, 'perk3Var2': 0, 'perk3Var3': 0, 'perk4': 8304, 'perk4Var1': 10, 'perk4Var2': 3, 'perk4Var3': 0, 'perk5': 8345, 'perk5Var1': 3, 'perk5Var2': 0, 'perk5Var3': 0, 'perkPrimaryStyle': 8000, 'perkSubStyle': 8300, 'statPerk0': 5005, 'statPerk1': 5008, 'statPerk2': 5002}, 'timeline': {'participantId': 5, 'creepsPerMinDeltas': {'10-20': 6.699999999999999, '0-10': 7.9}, 'xpPerMinDeltas': {'10-20': 538.4000000000001, '0-10': 456.20000000000005}, 'goldPerMinDeltas': {'10-20': 560.5, '0-10': 313.8}, 'csDiffPerMinDeltas': {'10-20': 6.699999999999999, '0-10': 3.9}, 'xpDiffPerMinDeltas': {'10-20': 538.4000000000001, '0-10': 179.3}, 'damageTakenPerMinDeltas': {'10-20': 1123.7, '0-10': 442.20000000000005}, 'damageTakenDiffPerMinDeltas': {'10-20': 1123.7, '0-10': 144.40000000000003}, 'role': 'SOLO', 'lane': 'TOP'}}, {'participantId': 6, 'teamId': 200, 'championId': 81, 'spell1Id': 4, 'spell2Id': 12, 'stats': {'participantId': 6, 'win': False, 'item0': 1055, 'item1': 1053, 'item2': 3004, 'item3': 2055, 'item4': 3025, 'item5': 1001, 'item6': 3340, 'kills': 2, 'deaths': 5, 'assists': 1, 'largestKillingSpree': 2, 'largestMultiKill': 1, 'killingSprees': 1, 'longestTimeSpentLiving': 342, 'doubleKills': 0, 'tripleKills': 0, 'quadraKills': 0, 'pentaKills': 0, 'unrealKills': 0, 'totalDamageDealt': 77738, 'magicDamageDealt': 7080, 'physicalDamageDealt': 67818, 'trueDamageDealt': 2840, 'largestCriticalStrike': 0, 'totalDamageDealtToChampions': 7873, 'magicDamageDealtToChampions': 1635, 'physicalDamageDealtToChampions': 6238, 'trueDamageDealtToChampions': 0, 'totalHeal': 0, 'totalUnitsHealed': 0, 'damageSelfMitigated': 3979, 'damageDealtToObjectives': 0, 'damageDealtToTurrets': 0, 'visionScore': 5, 'timeCCingOthers': 1, 'totalDamageTaken': 8775, 'magicalDamageTaken': 3132, 'physicalDamageTaken': 5471, 'trueDamageTaken': 172, 'goldEarned': 7409, 'goldSpent': 7225, 'turretKills': 0, 'inhibitorKills': 0, 'totalMinionsKilled': 175, 'neutralMinionsKilled': 0, 'neutralMinionsKilledTeamJungle': 0, 'neutralMinionsKilledEnemyJungle': 0, 'totalTimeCrowdControlDealt': 82, 'champLevel': 12, 'visionWardsBoughtInGame': 3, 'sightWardsBoughtInGame': 0, 'wardsPlaced': 6, 'wardsKilled': 2, 'firstBloodKill': False, 'firstBloodAssist': False, 'firstTowerKill': False, 'firstTowerAssist': False, 'firstInhibitorKill': False, 'firstInhibitorAssist': False, 'combatPlayerScore': 0, 'objectivePlayerScore': 0, 'totalPlayerScore': 0, 'totalScoreRank': 0, 'playerScore0': 0, 'playerScore1': 0, 'playerScore2': 0, 'playerScore3': 0, 'playerScore4': 0, 'playerScore5': 0, 'playerScore6': 0, 'playerScore7': 0, 'playerScore8': 0, 'playerScore9': 0, 'perk0': 8008, 'perk0Var1': 1, 'perk0Var2': 20, 'perk0Var3': 0, 'perk1': 8009, 'perk1Var1': 924, 'perk1Var2': 300, 'perk1Var3': 0, 'perk2': 9103, 'perk2Var1': 0, 'perk2Var2': 0, 'perk2Var3': 0, 'perk3': 8014, 'perk3Var1': 119, 'perk3Var2': 0, 'perk3Var3': 0, 'perk4': 8226, 'perk4Var1': 250, 'perk4Var2': 525, 'perk4Var3': 0, 'perk5': 8210, 'perk5Var1': 0, 'perk5Var2': 0, 'perk5Var3': 0, 'perkPrimaryStyle': 8000, 'perkSubStyle': 8200, 'statPerk0': 5008, 'statPerk1': 5008, 'statPerk2': 5002}, 'timeline': {'participantId': 6, 'creepsPerMinDeltas': {'10-20': 9.399999999999999, '0-10': 8.1}, 'xpPerMinDeltas': {'10-20': 569.7, '0-10': 300.1}, 'goldPerMinDeltas': {'10-20': 434.6, '0-10': 256.2}, 'csDiffPerMinDeltas': {'10-20': 0.6499999999999995, '0-10': -0.19999999999999996}, 'xpDiffPerMinDeltas': {'10-20': 35.10000000000005, '0-10': -36.55000000000001}, 'damageTakenPerMinDeltas': {'10-20': 654.8, '0-10': 222.7}, 'damageTakenDiffPerMinDeltas': {'10-20': 461.8499999999999, '0-10': 34.25}, 'role': 'DUO_CARRY', 'lane': 'BOTTOM'}}, {'participantId': 7, 'teamId': 200, 'championId': 62, 'spell1Id': 12, 'spell2Id': 4, 'stats': {'participantId': 7, 'win': False, 'item0': 2033, 'item1': 2055, 'item2': 1001, 'item3': 3123, 'item4': 0, 'item5': 0, 'item6': 3340, 'kills': 0, 'deaths': 2, 'assists': 0, 'largestKillingSpree': 0, 'largestMultiKill': 0, 'killingSprees': 0, 'longestTimeSpentLiving': 259, 'doubleKills': 0, 'tripleKills': 0, 'quadraKills': 0, 'pentaKills': 0, 'unrealKills': 0, 'totalDamageDealt': 12303, 'magicDamageDealt': 3563, 'physicalDamageDealt': 7169, 'trueDamageDealt': 1570, 'largestCriticalStrike': 0, 'totalDamageDealtToChampions': 1703, 'magicDamageDealtToChampions': 523, 'physicalDamageDealtToChampions': 1180, 'trueDamageDealtToChampions': 0, 'totalHeal': 446, 'totalUnitsHealed': 1, 'damageSelfMitigated': 1661, 'damageDealtToObjectives': 0, 'damageDealtToTurrets': 0, 'visionScore': 3, 'timeCCingOthers': 0, 'totalDamageTaken': 2978, 'magicalDamageTaken': 127, 'physicalDamageTaken': 2692, 'trueDamageTaken': 158, 'goldEarned': 3418, 'goldSpent': 1675, 'turretKills': 0, 'inhibitorKills': 0, 'totalMinionsKilled': 40, 'neutralMinionsKilled': 0, 'neutralMinionsKilledTeamJungle': 0, 'neutralMinionsKilledEnemyJungle': 0, 'totalTimeCrowdControlDealt': 4, 'champLevel': 6, 'visionWardsBoughtInGame': 1, 'sightWardsBoughtInGame': 0, 'wardsPlaced': 2, 'wardsKilled': 0, 'firstBloodKill': False, 'firstBloodAssist': False, 'firstTowerKill': False, 'firstTowerAssist': False, 'firstInhibitorKill': False, 'firstInhibitorAssist': False, 'combatPlayerScore': 0, 'objectivePlayerScore': 0, 'totalPlayerScore': 0, 'totalScoreRank': 0, 'playerScore0': 0, 'playerScore1': 0, 'playerScore2': 0, 'playerScore3': 0, 'playerScore4': 0, 'playerScore5': 0, 'playerScore6': 0, 'playerScore7': 0, 'playerScore8': 0, 'playerScore9': 0, 'perk0': 8010, 'perk0Var1': 44, 'perk0Var2': 0, 'perk0Var3': 0, 'perk1': 9111, 'perk1Var1': 0, 'perk1Var2': 0, 'perk1Var3': 0, 'perk2': 9105, 'perk2Var1': 0, 'perk2Var2': 0, 'perk2Var3': 0, 'perk3': 8299, 'perk3Var1': 70, 'perk3Var2': 0, 'perk3Var3': 0, 'perk4': 8345, 'perk4Var1': 3, 'perk4Var2': 0, 'perk4Var3': 0, 'perk5': 8352, 'perk5Var1': 74, 'perk5Var2': 438, 'perk5Var3': 273, 'perkPrimaryStyle': 8000, 'perkSubStyle': 8300, 'statPerk0': 5008, 'statPerk1': 5008, 'statPerk2': 5002}, 'timeline': {'participantId': 7, 'creepsPerMinDeltas': {'10-20': 0, '0-10': 4}, 'xpPerMinDeltas': {'10-20': 0, '0-10': 276.9}, 'goldPerMinDeltas': {'10-20': 122.4, '0-10': 169.3}, 'csDiffPerMinDeltas': {'10-20': -6.699999999999999, '0-10': -3.9}, 'xpDiffPerMinDeltas': {'10-20': -538.4000000000001, '0-10': -179.3}, 'damageTakenPerMinDeltas': {'10-20': 0, '0-10': 297.79999999999995}, 'damageTakenDiffPerMinDeltas': {'10-20': -1123.7, '0-10': -144.40000000000003}, 'role': 'SOLO', 'lane': 'TOP'}}, {'participantId': 8, 'teamId': 200, 'championId': 7, 'spell1Id': 14, 'spell2Id': 4, 'stats': {'participantId': 8, 'win': False, 'item0': 1082, 'item1': 2033, 'item2': 3191, 'item3': 3802, 'item4': 3020, 'item5': 3108, 'item6': 3364, 'kills': 2, 'deaths': 4, 'assists': 0, 'largestKillingSpree': 2, 'largestMultiKill': 1, 'killingSprees': 1, 'longestTimeSpentLiving': 460, 'doubleKills': 0, 'tripleKills': 0, 'quadraKills': 0, 'pentaKills': 0, 'unrealKills': 0, 'totalDamageDealt': 52591, 'magicDamageDealt': 29398, 'physicalDamageDealt': 16689, 'trueDamageDealt': 6504, 'largestCriticalStrike': 0, 'totalDamageDealtToChampions': 6643, 'magicDamageDealtToChampions': 5673, 'physicalDamageDealtToChampions': 805, 'trueDamageDealtToChampions': 164, 'totalHeal': 622, 'totalUnitsHealed': 1, 'damageSelfMitigated': 6368, 'damageDealtToObjectives': 0, 'damageDealtToTurrets': 0, 'visionScore': 7, 'timeCCingOthers': 10, 'totalDamageTaken': 11198, 'magicalDamageTaken': 3535, 'physicalDamageTaken': 6821, 'trueDamageTaken': 840, 'goldEarned': 6492, 'goldSpent': 5250, 'turretKills': 0, 'inhibitorKills': 0, 'totalMinionsKilled': 151, 'neutralMinionsKilled': 4, 'neutralMinionsKilledTeamJungle': 4, 'neutralMinionsKilledEnemyJungle': 0, 'totalTimeCrowdControlDealt': 22, 'champLevel': 12, 'visionWardsBoughtInGame': 0, 'sightWardsBoughtInGame': 0, 'wardsPlaced': 3, 'wardsKilled': 1, 'firstBloodKill': False, 'firstBloodAssist': False, 'firstTowerKill': False, 'firstTowerAssist': False, 'firstInhibitorKill': False, 'firstInhibitorAssist': False, 'combatPlayerScore': 0, 'objectivePlayerScore': 0, 'totalPlayerScore': 0, 'totalScoreRank': 0, 'playerScore0': 0, 'playerScore1': 0, 'playerScore2': 0, 'playerScore3': 0, 'playerScore4': 0, 'playerScore5': 0, 'playerScore6': 0, 'playerScore7': 0, 'playerScore8': 0, 'playerScore9': 0, 'perk0': 8112, 'perk0Var1': 658, 'perk0Var2': 0, 'perk0Var3': 0, 'perk1': 8139, 'perk1Var1': 507, 'perk1Var2': 0, 'perk1Var3': 0, 'perk2': 8138, 'perk2Var1': 4, 'perk2Var2': 0, 'perk2Var3': 0, 'perk3': 8135, 'perk3Var1': 260, 'perk3Var2': 2, 'perk3Var3': 0, 'perk4': 8226, 'perk4Var1': 250, 'perk4Var2': 261, 'perk4Var3': 0, 'perk5': 8210, 'perk5Var1': 0, 'perk5Var2': 0, 'perk5Var3': 0, 'perkPrimaryStyle': 8100, 'perkSubStyle': 8200, 'statPerk0': 5008, 'statPerk1': 5008, 'statPerk2': 5002}, 'timeline': {'participantId': 8, 'creepsPerMinDeltas': {'10-20': 7.1, '0-10': 8}, 'xpPerMinDeltas': {'10-20': 428.8, '0-10': 458.6}, 'goldPerMinDeltas': {'10-20': 337, '0-10': 262.1}, 'csDiffPerMinDeltas': {'10-20': -2.3000000000000003, '0-10': 0.20000000000000018}, 'xpDiffPerMinDeltas': {'10-20': -183.89999999999998, '0-10': -36.5}, 'damageTakenPerMinDeltas': {'10-20': 911.1999999999999, '0-10': 208.60000000000002}, 'damageTakenDiffPerMinDeltas': {'10-20': 284.5999999999999, '0-10': -73.89999999999999}, 'role': 'SOLO', 'lane': 'MIDDLE'}}, {'participantId': 9, 'teamId': 200, 'championId': 104, 'spell1Id': 11, 'spell2Id': 4, 'stats': {'participantId': 9, 'win': False, 'item0': 3070, 'item1': 3024, 'item2': 0, 'item3': 0, 'item4': 0, 'item5': 0, 'item6': 3363, 'kills': 5, 'deaths': 6, 'assists': 1, 'largestKillingSpree': 2, 'largestMultiKill': 1, 'killingSprees': 2, 'longestTimeSpentLiving': 714, 'doubleKills': 0, 'tripleKills': 0, 'quadraKills': 0, 'pentaKills': 0, 'unrealKills': 0, 'totalDamageDealt': 105729, 'magicDamageDealt': 3790, 'physicalDamageDealt': 97879, 'trueDamageDealt': 4060, 'largestCriticalStrike': 0, 'totalDamageDealtToChampions': 11869, 'magicDamageDealtToChampions': 239, 'physicalDamageDealtToChampions': 10521, 'trueDamageDealtToChampions': 1108, 'totalHeal': 2610, 'totalUnitsHealed': 1, 'damageSelfMitigated': 7970, 'damageDealtToObjectives': 2301, 'damageDealtToTurrets': 630, 'visionScore': 14, 'timeCCingOthers': 10, 'totalDamageTaken': 14846, 'magicalDamageTaken': 2940, 'physicalDamageTaken': 10657, 'trueDamageTaken': 1249, 'goldEarned': 7983, 'goldSpent': 8900, 'turretKills': 0, 'inhibitorKills': 0, 'totalMinionsKilled': 64, 'neutralMinionsKilled': 76, 'neutralMinionsKilledTeamJungle': 62, 'neutralMinionsKilledEnemyJungle': 0, 'totalTimeCrowdControlDealt': 348, 'champLevel': 12, 'visionWardsBoughtInGame': 1, 'sightWardsBoughtInGame': 0, 'wardsPlaced': 4, 'wardsKilled': 5, 'firstBloodKill': False, 'firstBloodAssist': False, 'firstTowerKill': False, 'firstTowerAssist': False, 'firstInhibitorKill': False, 'firstInhibitorAssist': False, 'combatPlayerScore': 0, 'objectivePlayerScore': 0, 'totalPlayerScore': 0, 'totalScoreRank': 0, 'playerScore0': 0, 'playerScore1': 0, 'playerScore2': 0, 'playerScore3': 0, 'playerScore4': 0, 'playerScore5': 0, 'playerScore6': 0, 'playerScore7': 0, 'playerScore8': 0, 'playerScore9': 0, 'perk0': 8230, 'perk0Var1': 10, 'perk0Var2': 0, 'perk0Var3': 0, 'perk1': 8275, 'perk1Var1': 16, 'perk1Var2': 0, 'perk1Var3': 0, 'perk2': 8234, 'perk2Var1': 4042, 'perk2Var2': 0, 'perk2Var3': 0, 'perk3': 8232, 'perk3Var1': 2, 'perk3Var2': 0, 'perk3Var3': 0, 'perk4': 9111, 'perk4Var1': 608, 'perk4Var2': 120, 'perk4Var3': 0, 'perk5': 9104, 'perk5Var1': 15, 'perk5Var2': 40, 'perk5Var3': 0, 'perkPrimaryStyle': 8200, 'perkSubStyle': 8000, 'statPerk0': 5005, 'statPerk1': 5008, 'statPerk2': 5003}, 'timeline': {'participantId': 9, 'creepsPerMinDeltas': {'10-20': 5.2, '0-10': 1.2}, 'xpPerMinDeltas': {'10-20': 555.5, '0-10': 402.1}, 'goldPerMinDeltas': {'10-20': 459.4, '0-10': 288.8}, 'csDiffPerMinDeltas': {'10-20': 2.9000000000000004, '0-10': 0.8}, 'xpDiffPerMinDeltas': {'10-20': -326.9, '0-10': 23.80000000000001}, 'damageTakenPerMinDeltas': {'10-20': 1116.8000000000002, '0-10': 367.8}, 'damageTakenDiffPerMinDeltas': {'10-20': -364.19999999999993, '0-10': -298.9}, 'role': 'NONE', 'lane': 'JUNGLE'}}, {'participantId': 10, 'teamId': 200, 'championId': 223, 'spell1Id': 4, 'spell2Id': 3, 'stats': {'participantId': 10, 'win': False, 'item0': 1031, 'item1': 2421, 'item2': 3859, 'item3': 3067, 'item4': 0, 'item5': 3047, 'item6': 3364, 'kills': 0, 'deaths': 8, 'assists': 6, 'largestKillingSpree': 0, 'largestMultiKill': 0, 'killingSprees': 0, 'longestTimeSpentLiving': 322, 'doubleKills': 0, 'tripleKills': 0, 'quadraKills': 0, 'pentaKills': 0, 'unrealKills': 0, 'totalDamageDealt': 15594, 'magicDamageDealt': 7851, 'physicalDamageDealt': 3918, 'trueDamageDealt': 3825, 'largestCriticalStrike': 0, 'totalDamageDealtToChampions': 5059, 'magicDamageDealtToChampions': 4127, 'physicalDamageDealtToChampions': 931, 'trueDamageDealtToChampions': 0, 'totalHeal': 1265, 'totalUnitsHealed': 1, 'damageSelfMitigated': 14687, 'damageDealtToObjectives': 0, 'damageDealtToTurrets': 0, 'visionScore': 29, 'timeCCingOthers': 17, 'totalDamageTaken': 15997, 'magicalDamageTaken': 4984, 'physicalDamageTaken': 10166, 'trueDamageTaken': 846, 'goldEarned': 4583, 'goldSpent': 4075, 'turretKills': 0, 'inhibitorKills': 0, 'totalMinionsKilled': 25, 'neutralMinionsKilled': 0, 'neutralMinionsKilledTeamJungle': 0, 'neutralMinionsKilledEnemyJungle': 0, 'totalTimeCrowdControlDealt': 102, 'champLevel': 10, 'visionWardsBoughtInGame': 5, 'sightWardsBoughtInGame': 0, 'wardsPlaced': 13, 'wardsKilled': 2, 'firstBloodKill': False, 'firstBloodAssist': False, 'firstTowerKill': False, 'firstTowerAssist': False, 'firstInhibitorKill': False, 'firstInhibitorAssist': False, 'combatPlayerScore': 0, 'objectivePlayerScore': 0, 'totalPlayerScore': 0, 'totalScoreRank': 0, 'playerScore0': 0, 'playerScore1': 0, 'playerScore2': 0, 'playerScore3': 0, 'playerScore4': 0, 'playerScore5': 0, 'playerScore6': 0, 'playerScore7': 0, 'playerScore8': 0, 'playerScore9': 0, 'perk0': 8465, 'perk0Var1': 940, 'perk0Var2': 0, 'perk0Var3': 0, 'perk1': 8401, 'perk1Var1': 70, 'perk1Var2': 0, 'perk1Var3': 0, 'perk2': 8473, 'perk2Var1': 571, 'perk2Var2': 0, 'perk2Var3': 0, 'perk3': 8451, 'perk3Var1': 122, 'perk3Var2': 0, 'perk3Var3': 0, 'perk4': 8304, 'perk4Var1': 11, 'perk4Var2': 1, 'perk4Var3': 5, 'perk5': 8410, 'perk5Var1': 66, 'perk5Var2': 0, 'perk5Var3': 0, 'perkPrimaryStyle': 8400, 'perkSubStyle': 8300, 'statPerk0': 5005, 'statPerk1': 5002, 'statPerk2': 5001}, 'timeline': {'participantId': 10, 'creepsPerMinDeltas': {'10-20': 1.3, '0-10': 1.2}, 'xpPerMinDeltas': {'10-20': 430.6, '0-10': 235}, 'goldPerMinDeltas': {'10-20': 259.1, '0-10': 149.1}, 'csDiffPerMinDeltas': {'10-20': 0.6499999999999995, '0-10': -0.19999999999999996}, 'xpDiffPerMinDeltas': {'10-20': 35.10000000000005, '0-10': -36.55000000000001}, 'damageTakenPerMinDeltas': {'10-20': 1274.4, '0-10': 325.29999999999995}, 'damageTakenDiffPerMinDeltas': {'10-20': 461.8499999999999, '0-10': 34.25}, 'role': 'DUO_SUPPORT', 'lane': 'BOTTOM'}}]",KR,420.0,13.0,,
12,1584596551053.0,1262.0,4228244819.0,CLASSIC,MATCHED_GAME,10.6.313.2784,11.0,"[{'participantId': 1, 'player': {'platformId': 'KR', 'accountId': 'g_5LFKi819BM19hlEFg4xUZ24HTXcN9lX5fxXHd_d2ze', 'summonerName': 'Swordart777', 'summonerId': '74KhxMJzvztR2MCMYRRTeltTyvOrDJaYHfo12MPNQfT9BQ', 'currentPlatformId': 'KR', 'currentAccountId': 'g_5LFKi819BM19hlEFg4xUZ24HTXcN9lX5fxXHd_d2ze', 'matchHistoryUri': '/v1/stats/player_history/KR/2526004', 'profileIcon': 1116}}, {'participantId': 2, 'player': {'platformId': 'KR', 'accountId': 'kOIJ4w_Lm9XfrncjJgFDAZQ0ywuDUW-MAxA35eZEqU2iXpIhuu-IrWd5', 'summonerName': 'hfdidi', 'summonerId': 'Vm613XgC2azz8MHSDWybXHqkqKTKFeL80HmhXRbNJoDe9MI', 'currentPlatformId': 'KR', 'currentAccountId': 'kOIJ4w_Lm9XfrncjJgFDAZQ0ywuDUW-MAxA35eZEqU2iXpIhuu-IrWd5', 'matchHistoryUri': '/v1/stats/player_history/KR/2091903350148864', 'profileIcon': 4485}}, {'participantId': 3, 'player': {'platformId': 'KR', 'accountId': 'IIWG7FRiqE8CuZaCslKkNxkglwpgnePPxDslb2tv66FKrgo', 'summonerName': 'Youtube Thal', 'summonerId': '8Cx100isJ6RMMeOmUX_-Wg0CESabVTYk-e8P8Ijj3zuIiB4', 'currentPlatformId': 'KR', 'currentAccountId': 'IIWG7FRiqE8CuZaCslKkNxkglwpgnePPxDslb2tv66FKrgo', 'matchHistoryUri': '/v1/stats/player_history/KR/201236882', 'profileIcon': 4090}}, {'participantId': 4, 'player': {'platformId': 'KR', 'accountId': 'rUthVWCr608uGTzgT34RQXTyZeGnceYK9ckRK_mGD9ordyStaW2xtvPe', 'summonerName': '1201719', 'summonerId': 'f3aLw73ZpM3xMbUggOzLdFmR0bUgR1mhh0QyYfkKgkE7L0I', 'currentPlatformId': 'KR', 'currentAccountId': 'rUthVWCr608uGTzgT34RQXTyZeGnceYK9ckRK_mGD9ordyStaW2xtvPe', 'matchHistoryUri': '/v1/stats/player_history/KR/2296525726478240', 'profileIcon': 7}}, {'participantId': 5, 'player': {'platformId': 'KR', 'accountId': 'tJf_zxEYO8ugzv0O5v2BmQloBx60ZOX7l9TB1Fk0Dpe7N6ogeJPuKplR', 'summonerName': 'last year01', 'summonerId': 'lCAPMvVutF4Hd06uKbWZqX_YlpIjH5rKYQhP7SV90rwFLZQ', 'currentPlatformId': 'KR', 'currentAccountId': 'tJf_zxEYO8ugzv0O5v2BmQloBx60ZOX7l9TB1Fk0Dpe7N6ogeJPuKplR', 'matchHistoryUri': '/v1/stats/player_history/KR/2134944495333184', 'profileIcon': 3550}}, {'participantId': 6, 'player': {'platformId': 'KR', 'accountId': 'KPrDOpKVltf-iowg_VcAP1uOTngxI8iZiL2S-yg_YHwbGWU', 'summonerName': 'DWG BeryL', 'summonerId': 'qCZIDFyw5qkWyE9L0ip8C_jVtYbjtgqaMeHpN3gcgsCyahg', 'currentPlatformId': 'KR', 'currentAccountId': 'KPrDOpKVltf-iowg_VcAP1uOTngxI8iZiL2S-yg_YHwbGWU', 'matchHistoryUri': '/v1/stats/player_history/KR/201232698', 'profileIcon': 4252}}, {'participantId': 7, 'player': {'platformId': 'KR', 'accountId': 'iX6z9Q3Jxcvm78UyY1TMi25jXFaW1HJ3g8TI0cMcpjrp', 'summonerName': '초록매실비락식혜', 'summonerId': 'p0awug0GAZvCEfzovMwqeHn_QGQZ9ZVXMeQOcj9Ly12V9A', 'currentPlatformId': 'KR', 'currentAccountId': 'iX6z9Q3Jxcvm78UyY1TMi25jXFaW1HJ3g8TI0cMcpjrp', 'matchHistoryUri': '/v1/stats/player_history/KR/5673244', 'profileIcon': 4379}}, {'participantId': 8, 'player': {'platformId': 'KR', 'accountId': 'CBshAH3eSlOnMc1ntoJlf3E14TVfuABdbiQTIfpLgSMjs-R_nrCs_Su1', 'summonerName': 'maiduiyou', 'summonerId': 'dmh7O3sbF2CJt6lY4lNppWURxiNMXXNuL26NMp1pfvBDhYw', 'currentPlatformId': 'KR', 'currentAccountId': 'CBshAH3eSlOnMc1ntoJlf3E14TVfuABdbiQTIfpLgSMjs-R_nrCs_Su1', 'matchHistoryUri': '/v1/stats/player_history/KR/2372729532198688', 'profileIcon': 4447}}, {'participantId': 9, 'player': {'platformId': 'KR', 'accountId': 'xDROqRJ6FpCiQWZEzXaefq0jAeELFsnHL1m-YreoaH9laY0', 'summonerName': 'HLE Mireu', 'summonerId': '6HguXhFvLez5ziXh9rnwcysdzw9V86zpcdxMlkHOmT5SlEM', 'currentPlatformId': 'KR', 'currentAccountId': 'xDROqRJ6FpCiQWZEzXaefq0jAeELFsnHL1m-YreoaH9laY0', 'matchHistoryUri': '/v1/stats/player_history/KR/207434877', 'profileIcon': 4405}}, {'participantId': 10, 'player': {'platformId': 'KR', 'accountId': 'nc-f7WhRepx47jP1BIGPk4cNwLcuDw6YH7zLbf7cQt0APGaGw-01znl7', 'summonerName': '송아지얼룩송아지', 'summonerId': 'tVss7uUX2VQNKFlJj7pXjV7NOzLfgHkWxTwL-G30EVV9q5s', 'currentPlatformId': 'KR', 'currentAccountId': 'nc-f7WhRepx47jP1BIGPk4cNwLcuDw6YH7zLbf7cQt0APGaGw-01znl7', 'matchHistoryUri': '/v1/stats/player_history/KR/2383286947082208', 'profileIcon': 29}}]","[{'participantId': 1, 'teamId': 100, 'championId': 412, 'spell1Id': 14, 'spell2Id': 4, 'stats': {'participantId': 1, 'win': True, 'item0': 3193, 'item1': 3857, 'item2': 2055, 'item3': 3117, 'item4': 3024, 'item5': 0, 'item6': 3364, 'kills': 0, 'deaths': 1, 'assists': 10, 'largestKillingSpree': 0, 'largestMultiKill': 0, 'killingSprees': 0, 'longestTimeSpentLiving': 924, 'doubleKills': 0, 'tripleKills': 0, 'quadraKills': 0, 'pentaKills': 0, 'unrealKills': 0, 'totalDamageDealt': 19775, 'magicDamageDealt': 8289, 'physicalDamageDealt': 6853, 'trueDamageDealt': 4632, 'largestCriticalStrike': 0, 'totalDamageDealtToChampions': 4877, 'magicDamageDealtToChampions': 3448, 'physicalDamageDealtToChampions': 935, 'trueDamageDealtToChampions': 494, 'totalHeal': 1155, 'totalUnitsHealed': 5, 'damageSelfMitigated': 6000, 'damageDealtToObjectives': 1450, 'damageDealtToTurrets': 1205, 'visionScore': 34, 'timeCCingOthers': 22, 'totalDamageTaken': 6041, 'magicalDamageTaken': 1304, 'physicalDamageTaken': 4635, 'trueDamageTaken': 102, 'goldEarned': 5763, 'goldSpent': 5200, 'turretKills': 0, 'inhibitorKills': 0, 'totalMinionsKilled': 28, 'neutralMinionsKilled': 0, 'neutralMinionsKilledTeamJungle': 0, 'neutralMinionsKilledEnemyJungle': 0, 'totalTimeCrowdControlDealt': 72, 'champLevel': 10, 'visionWardsBoughtInGame': 6, 'sightWardsBoughtInGame': 0, 'wardsPlaced': 16, 'wardsKilled': 7, 'firstBloodKill': False, 'firstBloodAssist': False, 'firstTowerKill': False, 'firstTowerAssist': False, 'firstInhibitorKill': False, 'firstInhibitorAssist': True, 'combatPlayerScore': 0, 'objectivePlayerScore': 0, 'totalPlayerScore': 0, 'totalScoreRank': 0, 'playerScore0': 0, 'playerScore1': 0, 'playerScore2': 0, 'playerScore3': 0, 'playerScore4': 0, 'playerScore5': 0, 'playerScore6': 0, 'playerScore7': 0, 'playerScore8': 0, 'playerScore9': 0, 'perk0': 8465, 'perk0Var1': 1293, 'perk0Var2': 0, 'perk0Var3': 0, 'perk1': 8463, 'perk1Var1': 645, 'perk1Var2': 0, 'perk1Var3': 0, 'perk2': 8473, 'perk2Var1': 178, 'perk2Var2': 0, 'perk2Var3': 0, 'perk3': 8453, 'perk3Var1': 171, 'perk3Var2': 286, 'perk3Var3': 0, 'perk4': 8345, 'perk4Var1': 3, 'perk4Var2': 0, 'perk4Var3': 0, 'perk5': 8347, 'perk5Var1': 0, 'perk5Var2': 0, 'perk5Var3': 0, 'perkPrimaryStyle': 8400, 'perkSubStyle': 8300, 'statPerk0': 5008, 'statPerk1': 5008, 'statPerk2': 5002}, 'timeline': {'participantId': 1, 'creepsPerMinDeltas': {'10-20': 1.6, '0-10': 1.2}, 'xpPerMinDeltas': {'10-20': 318.3, '0-10': 276.9}, 'goldPerMinDeltas': {'10-20': 342.79999999999995, '0-10': 146.2}, 'csDiffPerMinDeltas': {'10-20': 1.6000000000000003, '0-10': 0.9000000000000001}, 'xpDiffPerMinDeltas': {'10-20': 115.54999999999998, '0-10': 4.849999999999994}, 'damageTakenPerMinDeltas': {'10-20': 305.6, '0-10': 187.6}, 'damageTakenDiffPerMinDeltas': {'10-20': -369.5999999999999, '0-10': -44.70000000000002}, 'role': 'DUO_SUPPORT', 'lane': 'BOTTOM'}}, {'participantId': 2, 'teamId': 100, 'championId': 119, 'spell1Id': 7, 'spell2Id': 4, 'stats': {'participantId': 2, 'win': True, 'item0': 3031, 'item1': 3072, 'item2': 3006, 'item3': 1055, 'item4': 1004, 'item5': 1042, 'item6': 3363, 'kills': 4, 'deaths': 0, 'assists': 5, 'largestKillingSpree': 4, 'largestMultiKill': 1, 'killingSprees': 1, 'longestTimeSpentLiving': 0, 'doubleKills': 0, 'tripleKills': 0, 'quadraKills': 0, 'pentaKills': 0, 'unrealKills': 0, 'totalDamageDealt': 96989, 'magicDamageDealt': 0, 'physicalDamageDealt': 94269, 'trueDamageDealt': 2719, 'largestCriticalStrike': 893, 'totalDamageDealtToChampions': 11725, 'magicDamageDealtToChampions': 0, 'physicalDamageDealtToChampions': 11421, 'trueDamageDealtToChampions': 304, 'totalHeal': 1249, 'totalUnitsHealed': 2, 'damageSelfMitigated': 6990, 'damageDealtToObjectives': 13858, 'damageDealtToTurrets': 6716, 'visionScore': 14, 'timeCCingOthers': 10, 'totalDamageTaken': 4411, 'magicalDamageTaken': 833, 'physicalDamageTaken': 3578, 'trueDamageTaken': 0, 'goldEarned': 10450, 'goldSpent': 9000, 'turretKills': 4, 'inhibitorKills': 0, 'totalMinionsKilled': 181, 'neutralMinionsKilled': 4, 'neutralMinionsKilledTeamJungle': 4, 'neutralMinionsKilledEnemyJungle': 0, 'totalTimeCrowdControlDealt': 77, 'champLevel': 12, 'visionWardsBoughtInGame': 1, 'sightWardsBoughtInGame': 0, 'wardsPlaced': 6, 'wardsKilled': 2, 'firstBloodKill': False, 'firstBloodAssist': False, 'firstTowerKill': False, 'firstTowerAssist': False, 'firstInhibitorKill': False, 'firstInhibitorAssist': False, 'combatPlayerScore': 0, 'objectivePlayerScore': 0, 'totalPlayerScore': 0, 'totalScoreRank': 0, 'playerScore0': 0, 'playerScore1': 0, 'playerScore2': 0, 'playerScore3': 0, 'playerScore4': 0, 'playerScore5': 0, 'playerScore6': 0, 'playerScore7': 0, 'playerScore8': 0, 'playerScore9': 0, 'perk0': 9923, 'perk0Var1': 52, 'perk0Var2': 78, 'perk0Var3': 0, 'perk1': 8139, 'perk1Var1': 408, 'perk1Var2': 0, 'perk1Var3': 0, 'perk2': 8138, 'perk2Var1': 10, 'perk2Var2': 0, 'perk2Var3': 0, 'perk3': 8135, 'perk3Var1': 35, 'perk3Var2': 5, 'perk3Var3': 0, 'perk4': 8009, 'perk4Var1': 1570, 'perk4Var2': 500, 'perk4Var3': 0, 'perk5': 9103, 'perk5Var1': 0, 'perk5Var2': 0, 'perk5Var3': 0, 'perkPrimaryStyle': 8100, 'perkSubStyle': 8000, 'statPerk0': 5005, 'statPerk1': 5008, 'statPerk2': 5002}, 'timeline': {'participantId': 2, 'creepsPerMinDeltas': {'10-20': 9.8, '0-10': 7.8}, 'xpPerMinDeltas': {'10-20': 532.6, '0-10': 304}, 'goldPerMinDeltas': {'10-20': 685.7, '0-10': 258.6}, 'csDiffPerMinDeltas': {'10-20': 1.6000000000000003, '0-10': 0.9000000000000001}, 'xpDiffPerMinDeltas': {'10-20': 115.54999999999998, '0-10': 4.849999999999994}, 'damageTakenPerMinDeltas': {'10-20': 200, '0-10': 216.9}, 'damageTakenDiffPerMinDeltas': {'10-20': -369.5999999999999, '0-10': -44.70000000000002}, 'role': 'DUO_CARRY', 'lane': 'BOTTOM'}}, {'participantId': 3, 'teamId': 100, 'championId': 18, 'spell1Id': 4, 'spell2Id': 12, 'stats': {'participantId': 3, 'win': True, 'item0': 3153, 'item1': 2031, 'item2': 3006, 'item3': 2015, 'item4': 1055, 'item5': 1055, 'item6': 3363, 'kills': 4, 'deaths': 3, 'assists': 6, 'largestKillingSpree': 4, 'largestMultiKill': 2, 'killingSprees': 1, 'longestTimeSpentLiving': 597, 'doubleKills': 1, 'tripleKills': 0, 'quadraKills': 0, 'pentaKills': 0, 'unrealKills': 0, 'totalDamageDealt': 85425, 'magicDamageDealt': 21819, 'physicalDamageDealt': 63606, 'trueDamageDealt': 0, 'largestCriticalStrike': 0, 'totalDamageDealtToChampions': 11487, 'magicDamageDealtToChampions': 2618, 'physicalDamageDealtToChampions': 8869, 'trueDamageDealtToChampions': 0, 'totalHeal': 1773, 'totalUnitsHealed': 1, 'damageSelfMitigated': 8133, 'damageDealtToObjectives': 4220, 'damageDealtToTurrets': 4220, 'visionScore': 17, 'timeCCingOthers': 5, 'totalDamageTaken': 14478, 'magicalDamageTaken': 1151, 'physicalDamageTaken': 12858, 'trueDamageTaken': 469, 'goldEarned': 8381, 'goldSpent': 6575, 'turretKills': 1, 'inhibitorKills': 0, 'totalMinionsKilled': 134, 'neutralMinionsKilled': 4, 'neutralMinionsKilledTeamJungle': 4, 'neutralMinionsKilledEnemyJungle': 0, 'totalTimeCrowdControlDealt': 44, 'champLevel': 13, 'visionWardsBoughtInGame': 5, 'sightWardsBoughtInGame': 0, 'wardsPlaced': 12, 'wardsKilled': 1, 'firstBloodKill': False, 'firstBloodAssist': False, 'firstTowerKill': False, 'firstTowerAssist': False, 'firstInhibitorKill': False, 'firstInhibitorAssist': True, 'combatPlayerScore': 0, 'objectivePlayerScore': 0, 'totalPlayerScore': 0, 'totalScoreRank': 0, 'playerScore0': 0, 'playerScore1': 0, 'playerScore2': 0, 'playerScore3': 0, 'playerScore4': 0, 'playerScore5': 0, 'playerScore6': 0, 'playerScore7': 0, 'playerScore8': 0, 'playerScore9': 0, 'perk0': 8005, 'perk0Var1': 1109, 'perk0Var2': 633, 'perk0Var3': 476, 'perk1': 9111, 'perk1Var1': 371, 'perk1Var2': 200, 'perk1Var3': 0, 'perk2': 9104, 'perk2Var1': 17, 'perk2Var2': 30, 'perk2Var3': 0, 'perk3': 8014, 'perk3Var1': 181, 'perk3Var2': 0, 'perk3Var3': 0, 'perk4': 8473, 'perk4Var1': 740, 'perk4Var2': 0, 'perk4Var3': 0, 'perk5': 8446, 'perk5Var1': 881, 'perk5Var2': 0, 'perk5Var3': 0, 'perkPrimaryStyle': 8000, 'perkSubStyle': 8400, 'statPerk0': 5005, 'statPerk1': 5008, 'statPerk2': 5002}, 'timeline': {'participantId': 3, 'creepsPerMinDeltas': {'10-20': 7.9, '0-10': 5.300000000000001}, 'xpPerMinDeltas': {'10-20': 581.7, '0-10': 384.3}, 'goldPerMinDeltas': {'10-20': 476.2, '0-10': 217.89999999999998}, 'damageTakenPerMinDeltas': {'10-20': 845.4000000000001, '0-10': 518.9}, 'role': 'SOLO', 'lane': 'TOP'}}, {'participantId': 4, 'teamId': 100, 'championId': 64, 'spell1Id': 11, 'spell2Id': 4, 'stats': {'participantId': 4, 'win': True, 'item0': 3077, 'item1': 3147, 'item2': 2055, 'item3': 1001, 'item4': 3134, 'item5': 1400, 'item6': 3340, 'kills': 10, 'deaths': 2, 'assists': 9, 'largestKillingSpree': 9, 'largestMultiKill': 1, 'killingSprees': 1, 'longestTimeSpentLiving': 260, 'doubleKills': 0, 'tripleKills': 0, 'quadraKills': 0, 'pentaKills': 0, 'unrealKills': 0, 'totalDamageDealt': 121565, 'magicDamageDealt': 13514, 'physicalDamageDealt': 99255, 'trueDamageDealt': 8795, 'largestCriticalStrike': 0, 'totalDamageDealtToChampions': 14321, 'magicDamageDealtToChampions': 989, 'physicalDamageDealtToChampions': 12726, 'trueDamageDealtToChampions': 606, 'totalHeal': 4806, 'totalUnitsHealed': 1, 'damageSelfMitigated': 13748, 'damageDealtToObjectives': 24016, 'damageDealtToTurrets': 886, 'visionScore': 22, 'timeCCingOthers': 12, 'totalDamageTaken': 16531, 'magicalDamageTaken': 3284, 'physicalDamageTaken': 13202, 'trueDamageTaken': 44, 'goldEarned': 9998, 'goldSpent': 8700, 'turretKills': 1, 'inhibitorKills': 1, 'totalMinionsKilled': 12, 'neutralMinionsKilled': 113, 'neutralMinionsKilledTeamJungle': 50, 'neutralMinionsKilledEnemyJungle': 19, 'totalTimeCrowdControlDealt': 274, 'champLevel': 13, 'visionWardsBoughtInGame': 4, 'sightWardsBoughtInGame': 0, 'wardsPlaced': 8, 'wardsKilled': 1, 'firstBloodKill': False, 'firstBloodAssist': False, 'firstTowerKill': False, 'firstTowerAssist': False, 'firstInhibitorKill': True, 'firstInhibitorAssist': False, 'combatPlayerScore': 0, 'objectivePlayerScore': 0, 'totalPlayerScore': 0, 'totalScoreRank': 0, 'playerScore0': 0, 'playerScore1': 0, 'playerScore2': 0, 'playerScore3': 0, 'playerScore4': 0, 'playerScore5': 0, 'playerScore6': 0, 'playerScore7': 0, 'playerScore8': 0, 'playerScore9': 0, 'perk0': 8112, 'perk0Var1': 942, 'perk0Var2': 0, 'perk0Var3': 0, 'perk1': 8143, 'perk1Var1': 469, 'perk1Var2': 0, 'perk1Var3': 0, 'perk2': 8138, 'perk2Var1': 18, 'perk2Var2': 0, 'perk2Var3': 0, 'perk3': 8105, 'perk3Var1': 15, 'perk3Var2': 5, 'perk3Var3': 0, 'perk4': 9111, 'perk4Var1': 491, 'perk4Var2': 380, 'perk4Var3': 0, 'perk5': 9104, 'perk5Var1': 11, 'perk5Var2': 0, 'perk5Var3': 0, 'perkPrimaryStyle': 8100, 'perkSubStyle': 8000, 'statPerk0': 5005, 'statPerk1': 5008, 'statPerk2': 5002}, 'timeline': {'participantId': 4, 'creepsPerMinDeltas': {'10-20': 0.7, '0-10': 0.2}, 'xpPerMinDeltas': {'10-20': 641, '0-10': 370}, 'goldPerMinDeltas': {'10-20': 585.6, '0-10': 290.3}, 'damageTakenPerMinDeltas': {'10-20': 828.9, '0-10': 661.6}, 'role': 'NONE', 'lane': 'JUNGLE'}}, {'participantId': 5, 'teamId': 100, 'championId': 142, 'spell1Id': 14, 'spell2Id': 4, 'stats': {'participantId': 5, 'win': True, 'item0': 0, 'item1': 2031, 'item2': 3285, 'item3': 3916, 'item4': 3020, 'item5': 1026, 'item6': 3364, 'kills': 3, 'deaths': 1, 'assists': 8, 'largestKillingSpree': 2, 'largestMultiKill': 1, 'killingSprees': 1, 'longestTimeSpentLiving': 929, 'doubleKills': 0, 'tripleKills': 0, 'quadraKills': 0, 'pentaKills': 0, 'unrealKills': 0, 'totalDamageDealt': 95053, 'magicDamageDealt': 76764, 'physicalDamageDealt': 12739, 'trueDamageDealt': 5548, 'largestCriticalStrike': 0, 'totalDamageDealtToChampions': 14932, 'magicDamageDealtToChampions': 10847, 'physicalDamageDealtToChampions': 2054, 'trueDamageDealtToChampions': 2030, 'totalHeal': 4057, 'totalUnitsHealed': 2, 'damageSelfMitigated': 5387, 'damageDealtToObjectives': 5147, 'damageDealtToTurrets': 3024, 'visionScore': 25, 'timeCCingOthers': 15, 'totalDamageTaken': 11030, 'magicalDamageTaken': 4771, 'physicalDamageTaken': 6088, 'trueDamageTaken': 170, 'goldEarned': 8341, 'goldSpent': 7625, 'turretKills': 0, 'inhibitorKills': 0, 'totalMinionsKilled': 154, 'neutralMinionsKilled': 8, 'neutralMinionsKilledTeamJungle': 4, 'neutralMinionsKilledEnemyJungle': 4, 'totalTimeCrowdControlDealt': 103, 'champLevel': 13, 'visionWardsBoughtInGame': 3, 'sightWardsBoughtInGame': 0, 'wardsPlaced': 7, 'wardsKilled': 5, 'firstBloodKill': False, 'firstBloodAssist': False, 'firstTowerKill': False, 'firstTowerAssist': False, 'firstInhibitorKill': False, 'firstInhibitorAssist': True, 'combatPlayerScore': 0, 'objectivePlayerScore': 0, 'totalPlayerScore': 0, 'totalScoreRank': 0, 'playerScore0': 0, 'playerScore1': 0, 'playerScore2': 0, 'playerScore3': 0, 'playerScore4': 0, 'playerScore5': 0, 'playerScore6': 0, 'playerScore7': 0, 'playerScore8': 0, 'playerScore9': 0, 'perk0': 8112, 'perk0Var1': 946, 'perk0Var2': 0, 'perk0Var3': 0, 'perk1': 8139, 'perk1Var1': 714, 'perk1Var2': 0, 'perk1Var3': 0, 'perk2': 8120, 'perk2Var1': 1, 'perk2Var2': 8, 'perk2Var3': 3, 'perk3': 8135, 'perk3Var1': 2284, 'perk3Var2': 4, 'perk3Var3': 0, 'perk4': 8237, 'perk4Var1': 439, 'perk4Var2': 0, 'perk4Var3': 0, 'perk5': 8275, 'perk5Var1': 28, 'perk5Var2': 0, 'perk5Var3': 0, 'perkPrimaryStyle': 8100, 'perkSubStyle': 8200, 'statPerk0': 5008, 'statPerk1': 5008, 'statPerk2': 5003}, 'timeline': {'participantId': 5, 'creepsPerMinDeltas': {'10-20': 6.3, '0-10': 8.8}, 'xpPerMinDeltas': {'10-20': 555.4000000000001, '0-10': 503.79999999999995}, 'goldPerMinDeltas': {'10-20': 380.4, '0-10': 363.70000000000005}, 'csDiffPerMinDeltas': {'10-20': -1.9, '0-10': 1.6}, 'xpDiffPerMinDeltas': {'10-20': 86.30000000000004, '0-10': 68.09999999999997}, 'damageTakenPerMinDeltas': {'10-20': 791.5999999999999, '0-10': 231.3}, 'damageTakenDiffPerMinDeltas': {'10-20': -41.10000000000008, '0-10': -109.40000000000002}, 'role': 'SOLO', 'lane': 'MIDDLE'}}, {'participantId': 6, 'teamId': 200, 'championId': 223, 'spell1Id': 3, 'spell2Id': 4, 'stats': {'participantId': 6, 'win': False, 'item0': 2031, 'item1': 3748, 'item2': 2055, 'item3': 1031, 'item4': 3047, 'item5': 1054, 'item6': 3363, 'kills': 0, 'deaths': 2, 'assists': 1, 'largestKillingSpree': 0, 'largestMultiKill': 0, 'killingSprees': 0, 'longestTimeSpentLiving': 636, 'doubleKills': 0, 'tripleKills': 0, 'quadraKills': 0, 'pentaKills': 0, 'unrealKills': 0, 'totalDamageDealt': 49331, 'magicDamageDealt': 20226, 'physicalDamageDealt': 25703, 'trueDamageDealt': 3401, 'largestCriticalStrike': 0, 'totalDamageDealtToChampions': 2520, 'magicDamageDealtToChampions': 2167, 'physicalDamageDealtToChampions': 251, 'trueDamageDealtToChampions': 102, 'totalHeal': 2285, 'totalUnitsHealed': 1, 'damageSelfMitigated': 11789, 'damageDealtToObjectives': 0, 'damageDealtToTurrets': 0, 'visionScore': 15, 'timeCCingOthers': 12, 'totalDamageTaken': 12805, 'magicalDamageTaken': 4723, 'physicalDamageTaken': 7682, 'trueDamageTaken': 399, 'goldEarned': 6156, 'goldSpent': 6125, 'turretKills': 0, 'inhibitorKills': 0, 'totalMinionsKilled': 144, 'neutralMinionsKilled': 0, 'neutralMinionsKilledTeamJungle': 0, 'neutralMinionsKilledEnemyJungle': 0, 'totalTimeCrowdControlDealt': 99, 'champLevel': 10, 'visionWardsBoughtInGame': 5, 'sightWardsBoughtInGame': 0, 'wardsPlaced': 11, 'wardsKilled': 2, 'firstBloodKill': False, 'firstBloodAssist': False, 'firstTowerKill': False, 'firstTowerAssist': False, 'firstInhibitorKill': False, 'firstInhibitorAssist': False, 'combatPlayerScore': 0, 'objectivePlayerScore': 0, 'totalPlayerScore': 0, 'totalScoreRank': 0, 'playerScore0': 0, 'playerScore1': 0, 'playerScore2': 0, 'playerScore3': 0, 'playerScore4': 0, 'playerScore5': 0, 'playerScore6': 0, 'playerScore7': 0, 'playerScore8': 0, 'playerScore9': 0, 'perk0': 8360, 'perk0Var1': 8, 'perk0Var2': 0, 'perk0Var3': 0, 'perk1': 8304, 'perk1Var1': 12, 'perk1Var2': 0, 'perk1Var3': 0, 'perk2': 8316, 'perk2Var1': 1622, 'perk2Var2': 0, 'perk2Var3': 0, 'perk3': 8347, 'perk3Var1': 0, 'perk3Var2': 0, 'perk3Var3': 0, 'perk4': 8451, 'perk4Var1': 144, 'perk4Var2': 0, 'perk4Var3': 0, 'perk5': 8429, 'perk5Var1': 52, 'perk5Var2': 17, 'perk5Var3': 11, 'perkPrimaryStyle': 8300, 'perkSubStyle': 8400, 'statPerk0': 5005, 'statPerk1': 5002, 'statPerk2': 5002}, 'timeline': {'participantId': 6, 'creepsPerMinDeltas': {'10-20': 7.699999999999999, '0-10': 6.699999999999999}, 'xpPerMinDeltas': {'10-20': 393.1, '0-10': 278.1}, 'goldPerMinDeltas': {'10-20': 309.3, '0-10': 243.6}, 'csDiffPerMinDeltas': {'10-20': -1.6000000000000003, '0-10': -0.9000000000000001}, 'xpDiffPerMinDeltas': {'10-20': -115.54999999999998, '0-10': -4.849999999999994}, 'damageTakenPerMinDeltas': {'10-20': 616.2, '0-10': 339.70000000000005}, 'damageTakenDiffPerMinDeltas': {'10-20': 369.5999999999999, '0-10': 44.70000000000002}, 'role': 'DUO_CARRY', 'lane': 'BOTTOM'}}, {'participantId': 7, 'teamId': 200, 'championId': 235, 'spell1Id': 7, 'spell2Id': 4, 'stats': {'participantId': 7, 'win': False, 'item0': 3123, 'item1': 3179, 'item2': 3864, 'item3': 2055, 'item4': 2422, 'item5': 1036, 'item6': 3364, 'kills': 0, 'deaths': 4, 'assists': 1, 'largestKillingSpree': 0, 'largestMultiKill': 0, 'killingSprees': 0, 'longestTimeSpentLiving': 633, 'doubleKills': 0, 'tripleKills': 0, 'quadraKills': 0, 'pentaKills': 0, 'unrealKills': 0, 'totalDamageDealt': 26641, 'magicDamageDealt': 0, 'physicalDamageDealt': 26615, 'trueDamageDealt': 26, 'largestCriticalStrike': 307, 'totalDamageDealtToChampions': 6353, 'magicDamageDealtToChampions': 0, 'physicalDamageDealtToChampions': 6333, 'trueDamageDealtToChampions': 20, 'totalHeal': 4794, 'totalUnitsHealed': 4, 'damageSelfMitigated': 3322, 'damageDealtToObjectives': 979, 'damageDealtToTurrets': 835, 'visionScore': 28, 'timeCCingOthers': 31, 'totalDamageTaken': 8311, 'magicalDamageTaken': 2887, 'physicalDamageTaken': 5118, 'trueDamageTaken': 306, 'goldEarned': 4855, 'goldSpent': 4200, 'turretKills': 0, 'inhibitorKills': 0, 'totalMinionsKilled': 17, 'neutralMinionsKilled': 4, 'neutralMinionsKilledTeamJungle': 4, 'neutralMinionsKilledEnemyJungle': 0, 'totalTimeCrowdControlDealt': 104, 'champLevel': 9, 'visionWardsBoughtInGame': 2, 'sightWardsBoughtInGame': 0, 'wardsPlaced': 10, 'wardsKilled': 5, 'firstBloodKill': False, 'firstBloodAssist': False, 'firstTowerKill': False, 'firstTowerAssist': False, 'firstInhibitorKill': False, 'firstInhibitorAssist': False, 'combatPlayerScore': 0, 'objectivePlayerScore': 0, 'totalPlayerScore': 0, 'totalScoreRank': 0, 'playerScore0': 0, 'playerScore1': 0, 'playerScore2': 0, 'playerScore3': 0, 'playerScore4': 0, 'playerScore5': 0, 'playerScore6': 0, 'playerScore7': 0, 'playerScore8': 0, 'playerScore9': 0, 'perk0': 8351, 'perk0Var1': 33, 'perk0Var2': 0, 'perk0Var3': 0, 'perk1': 8304, 'perk1Var1': 12, 'perk1Var2': 0, 'perk1Var3': 0, 'perk2': 8345, 'perk2Var1': 3, 'perk2Var2': 0, 'perk2Var3': 0, 'perk3': 8410, 'perk3Var1': 65, 'perk3Var2': 0, 'perk3Var3': 0, 'perk4': 8009, 'perk4Var1': 151, 'perk4Var2': 100, 'perk4Var3': 0, 'perk5': 9104, 'perk5Var1': 0, 'perk5Var2': 0, 'perk5Var3': 0, 'perkPrimaryStyle': 8300, 'perkSubStyle': 8000, 'statPerk0': 5008, 'statPerk1': 5008, 'statPerk2': 5002}, 'timeline': {'participantId': 7, 'creepsPerMinDeltas': {'10-20': 0.5, '0-10': 0.5}, 'xpPerMinDeltas': {'10-20': 226.7, '0-10': 293.1}, 'goldPerMinDeltas': {'10-20': 225.2, '0-10': 182.1}, 'csDiffPerMinDeltas': {'10-20': -1.6000000000000003, '0-10': -0.9000000000000001}, 'xpDiffPerMinDeltas': {'10-20': -115.54999999999998, '0-10': -4.849999999999994}, 'damageTakenPerMinDeltas': {'10-20': 628.5999999999999, '0-10': 154.2}, 'damageTakenDiffPerMinDeltas': {'10-20': 369.5999999999999, '0-10': 44.70000000000002}, 'role': 'DUO_SUPPORT', 'lane': 'BOTTOM'}}, {'participantId': 8, 'teamId': 200, 'championId': 78, 'spell1Id': 4, 'spell2Id': 11, 'stats': {'participantId': 8, 'win': False, 'item0': 3047, 'item1': 3024, 'item2': 1031, 'item3': 0, 'item4': 1413, 'item5': 3067, 'item6': 3364, 'kills': 0, 'deaths': 2, 'assists': 3, 'largestKillingSpree': 0, 'largestMultiKill': 0, 'killingSprees': 0, 'longestTimeSpentLiving': 905, 'doubleKills': 0, 'tripleKills': 0, 'quadraKills': 0, 'pentaKills': 0, 'unrealKills': 0, 'totalDamageDealt': 106177, 'magicDamageDealt': 30398, 'physicalDamageDealt': 68639, 'trueDamageDealt': 7139, 'largestCriticalStrike': 0, 'totalDamageDealtToChampions': 4990, 'magicDamageDealtToChampions': 958, 'physicalDamageDealtToChampions': 3398, 'trueDamageDealtToChampions': 633, 'totalHeal': 4371, 'totalUnitsHealed': 1, 'damageSelfMitigated': 16972, 'damageDealtToObjectives': 10539, 'damageDealtToTurrets': 0, 'visionScore': 24, 'timeCCingOthers': 16, 'totalDamageTaken': 14867, 'magicalDamageTaken': 4431, 'physicalDamageTaken': 9731, 'trueDamageTaken': 704, 'goldEarned': 6620, 'goldSpent': 6625, 'turretKills': 0, 'inhibitorKills': 0, 'totalMinionsKilled': 30, 'neutralMinionsKilled': 100, 'neutralMinionsKilledTeamJungle': 67, 'neutralMinionsKilledEnemyJungle': 20, 'totalTimeCrowdControlDealt': 491, 'champLevel': 11, 'visionWardsBoughtInGame': 5, 'sightWardsBoughtInGame': 0, 'wardsPlaced': 9, 'wardsKilled': 5, 'firstBloodKill': False, 'firstBloodAssist': False, 'firstTowerKill': False, 'firstTowerAssist': False, 'firstInhibitorKill': False, 'firstInhibitorAssist': False, 'combatPlayerScore': 0, 'objectivePlayerScore': 0, 'totalPlayerScore': 0, 'totalScoreRank': 0, 'playerScore0': 0, 'playerScore1': 0, 'playerScore2': 0, 'playerScore3': 0, 'playerScore4': 0, 'playerScore5': 0, 'playerScore6': 0, 'playerScore7': 0, 'playerScore8': 0, 'playerScore9': 0, 'perk0': 8230, 'perk0Var1': 10, 'perk0Var2': 0, 'perk0Var3': 0, 'perk1': 8275, 'perk1Var1': 20, 'perk1Var2': 0, 'perk1Var3': 0, 'perk2': 8234, 'perk2Var1': 4949, 'perk2Var2': 0, 'perk2Var3': 0, 'perk3': 8232, 'perk3Var1': 3, 'perk3Var2': 0, 'perk3Var3': 0, 'perk4': 8306, 'perk4Var1': 8, 'perk4Var2': 0, 'perk4Var3': 0, 'perk5': 8347, 'perk5Var1': 0, 'perk5Var2': 0, 'perk5Var3': 0, 'perkPrimaryStyle': 8200, 'perkSubStyle': 8300, 'statPerk0': 5005, 'statPerk1': 5008, 'statPerk2': 5002}, 'timeline': {'participantId': 8, 'creepsPerMinDeltas': {'10-20': 2.2, '0-10': 0.8}, 'xpPerMinDeltas': {'10-20': 461.2, '0-10': 375.1}, 'goldPerMinDeltas': {'10-20': 339.5, '0-10': 259.79999999999995}, 'damageTakenPerMinDeltas': {'10-20': 898.5, '0-10': 386.6}, 'role': 'NONE', 'lane': 'JUNGLE'}}, {'participantId': 9, 'teamId': 200, 'championId': 38, 'spell1Id': 12, 'spell2Id': 4, 'stats': {'participantId': 9, 'win': False, 'item0': 3027, 'item1': 3802, 'item2': 3070, 'item3': 1052, 'item4': 1056, 'item5': 3020, 'item6': 3340, 'kills': 1, 'deaths': 5, 'assists': 0, 'largestKillingSpree': 0, 'largestMultiKill': 1, 'killingSprees': 0, 'longestTimeSpentLiving': 492, 'doubleKills': 0, 'tripleKills': 0, 'quadraKills': 0, 'pentaKills': 0, 'unrealKills': 0, 'totalDamageDealt': 79846, 'magicDamageDealt': 57272, 'physicalDamageDealt': 19398, 'trueDamageDealt': 3175, 'largestCriticalStrike': 0, 'totalDamageDealtToChampions': 6251, 'magicDamageDealtToChampions': 5659, 'physicalDamageDealtToChampions': 591, 'trueDamageDealtToChampions': 0, 'totalHeal': 3371, 'totalUnitsHealed': 1, 'damageSelfMitigated': 6849, 'damageDealtToObjectives': 3256, 'damageDealtToTurrets': 1385, 'visionScore': 20, 'timeCCingOthers': 10, 'totalDamageTaken': 14450, 'magicalDamageTaken': 3351, 'physicalDamageTaken': 9702, 'trueDamageTaken': 1396, 'goldEarned': 7156, 'goldSpent': 7085, 'turretKills': 0, 'inhibitorKills': 0, 'totalMinionsKilled': 155, 'neutralMinionsKilled': 8, 'neutralMinionsKilledTeamJungle': 5, 'neutralMinionsKilledEnemyJungle': 0, 'totalTimeCrowdControlDealt': 105, 'champLevel': 12, 'visionWardsBoughtInGame': 2, 'sightWardsBoughtInGame': 0, 'wardsPlaced': 8, 'wardsKilled': 1, 'firstBloodKill': False, 'firstBloodAssist': False, 'firstTowerKill': False, 'firstTowerAssist': False, 'firstInhibitorKill': False, 'firstInhibitorAssist': False, 'combatPlayerScore': 0, 'objectivePlayerScore': 0, 'totalPlayerScore': 0, 'totalScoreRank': 0, 'playerScore0': 0, 'playerScore1': 0, 'playerScore2': 0, 'playerScore3': 0, 'playerScore4': 0, 'playerScore5': 0, 'playerScore6': 0, 'playerScore7': 0, 'playerScore8': 0, 'playerScore9': 0, 'perk0': 8021, 'perk0Var1': 1623, 'perk0Var2': 0, 'perk0Var3': 0, 'perk1': 8009, 'perk1Var1': 144, 'perk1Var2': 100, 'perk1Var3': 0, 'perk2': 9105, 'perk2Var1': 0, 'perk2Var2': 0, 'perk2Var3': 0, 'perk3': 8299, 'perk3Var1': 168, 'perk3Var2': 0, 'perk3Var3': 0, 'perk4': 8139, 'perk4Var1': 500, 'perk4Var2': 0, 'perk4Var3': 0, 'perk5': 8135, 'perk5Var1': 595, 'perk5Var2': 1, 'perk5Var3': 0, 'perkPrimaryStyle': 8000, 'perkSubStyle': 8100, 'statPerk0': 5008, 'statPerk1': 5002, 'statPerk2': 5003}, 'timeline': {'participantId': 9, 'creepsPerMinDeltas': {'10-20': 8.2, '0-10': 7.199999999999999}, 'xpPerMinDeltas': {'10-20': 469.1, '0-10': 435.70000000000005}, 'goldPerMinDeltas': {'10-20': 378.8, '0-10': 272.70000000000005}, 'csDiffPerMinDeltas': {'10-20': 1.9, '0-10': -1.6}, 'xpDiffPerMinDeltas': {'10-20': -86.30000000000004, '0-10': -68.09999999999997}, 'damageTakenPerMinDeltas': {'10-20': 832.7, '0-10': 340.70000000000005}, 'damageTakenDiffPerMinDeltas': {'10-20': 41.10000000000008, '0-10': 109.40000000000002}, 'role': 'SOLO', 'lane': 'MIDDLE'}}, {'participantId': 10, 'teamId': 200, 'championId': 429, 'spell1Id': 4, 'spell2Id': 12, 'stats': {'participantId': 10, 'win': False, 'item0': 3153, 'item1': 1055, 'item2': 2015, 'item3': 3086, 'item4': 3085, 'item5': 3006, 'item6': 3340, 'kills': 6, 'deaths': 8, 'assists': 0, 'largestKillingSpree': 2, 'largestMultiKill': 2, 'killingSprees': 2, 'longestTimeSpentLiving': 441, 'doubleKills': 1, 'tripleKills': 0, 'quadraKills': 0, 'pentaKills': 0, 'unrealKills': 0, 'totalDamageDealt': 107642, 'magicDamageDealt': 961, 'physicalDamageDealt': 104195, 'trueDamageDealt': 2485, 'largestCriticalStrike': 323, 'totalDamageDealtToChampions': 15158, 'magicDamageDealtToChampions': 394, 'physicalDamageDealtToChampions': 14734, 'trueDamageDealtToChampions': 30, 'totalHeal': 3070, 'totalUnitsHealed': 1, 'damageSelfMitigated': 8973, 'damageDealtToObjectives': 9384, 'damageDealtToTurrets': 8794, 'visionScore': 13, 'timeCCingOthers': 7, 'totalDamageTaken': 20958, 'magicalDamageTaken': 3939, 'physicalDamageTaken': 16389, 'trueDamageTaken': 628, 'goldEarned': 10585, 'goldSpent': 10830, 'turretKills': 3, 'inhibitorKills': 0, 'totalMinionsKilled': 160, 'neutralMinionsKilled': 1, 'neutralMinionsKilledTeamJungle': 0, 'neutralMinionsKilledEnemyJungle': 0, 'totalTimeCrowdControlDealt': 164, 'champLevel': 12, 'visionWardsBoughtInGame': 1, 'sightWardsBoughtInGame': 0, 'wardsPlaced': 5, 'wardsKilled': 4, 'firstBloodKill': True, 'firstBloodAssist': False, 'firstTowerKill': True, 'firstTowerAssist': False, 'firstInhibitorKill': False, 'firstInhibitorAssist': False, 'combatPlayerScore': 0, 'objectivePlayerScore': 0, 'totalPlayerScore': 0, 'totalScoreRank': 0, 'playerScore0': 0, 'playerScore1': 0, 'playerScore2': 0, 'playerScore3': 0, 'playerScore4': 0, 'playerScore5': 0, 'playerScore6': 0, 'playerScore7': 0, 'playerScore8': 0, 'playerScore9': 0, 'perk0': 9923, 'perk0Var1': 71, 'perk0Var2': 91, 'perk0Var3': 0, 'perk1': 8139, 'perk1Var1': 693, 'perk1Var2': 0, 'perk1Var3': 0, 'perk2': 8120, 'perk2Var1': 2, 'perk2Var2': 7, 'perk2Var3': 4, 'perk3': 8135, 'perk3Var1': 1159, 'perk3Var2': 4, 'perk3Var3': 0, 'perk4': 9104, 'perk4Var1': 15, 'perk4Var2': 20, 'perk4Var3': 0, 'perk5': 8014, 'perk5Var1': 230, 'perk5Var2': 0, 'perk5Var3': 0, 'perkPrimaryStyle': 8100, 'perkSubStyle': 8000, 'statPerk0': 5005, 'statPerk1': 5008, 'statPerk2': 5002}, 'timeline': {'participantId': 10, 'creepsPerMinDeltas': {'10-20': 7.9, '0-10': 7.9}, 'xpPerMinDeltas': {'10-20': 458.1, '0-10': 438.9}, 'goldPerMinDeltas': {'10-20': 582.8, '0-10': 410.2}, 'damageTakenPerMinDeltas': {'10-20': 1315.7, '0-10': 588.3}, 'role': 'NONE', 'lane': 'JUNGLE'}}]",KR,420.0,13.0,,
13,1584539596250.0,1429.0,4227123625.0,CLASSIC,MATCHED_GAME,10.6.313.2784,11.0,"[{'participantId': 1, 'player': {'platformId': 'KR', 'accountId': 'HO0Zipwm_4RS7iUAXmx9P9ILHDFPmUt2xbMJJlAjtIvl4ezV0O1ga4f7', 'summonerName': 'Z RyeoKOR', 'summonerId': 'uvdUKxww1K3sRyeU31UtkFy0bzQ6vSYqx1lDL0Z-4xFpdYY', 'currentPlatformId': 'KR', 'currentAccountId': 'HO0Zipwm_4RS7iUAXmx9P9ILHDFPmUt2xbMJJlAjtIvl4ezV0O1ga4f7', 'matchHistoryUri': '/v1/stats/player_history/KR/2185159009061984', 'profileIcon': 3550}}, {'participantId': 2, 'player': {'platformId': 'KR', 'accountId': 'CBshAH3eSlOnMc1ntoJlf3E14TVfuABdbiQTIfpLgSMjs-R_nrCs_Su1', 'summonerName': 'maiduiyou', 'summonerId': 'dmh7O3sbF2CJt6lY4lNppWURxiNMXXNuL26NMp1pfvBDhYw', 'currentPlatformId': 'KR', 'currentAccountId': 'CBshAH3eSlOnMc1ntoJlf3E14TVfuABdbiQTIfpLgSMjs-R_nrCs_Su1', 'matchHistoryUri': '/v1/stats/player_history/KR/2372729532198688', 'profileIcon': 4447}}, {'participantId': 3, 'player': {'platformId': 'KR', 'accountId': 'wYB3HC7V42HE9JivVmLQcXMA9iPXO14l3tIgjij9uQwEDVI', 'summonerName': 'T1 Kuri', 'summonerId': '-unzsqFFZnj9IxzjEWQSsvzNJaxypr7wVu96IR3WOXP5AhM', 'currentPlatformId': 'KR', 'currentAccountId': 'wYB3HC7V42HE9JivVmLQcXMA9iPXO14l3tIgjij9uQwEDVI', 'matchHistoryUri': '/v1/stats/player_history/KR/208330816', 'profileIcon': 4021}}, {'participantId': 4, 'player': {'platformId': 'KR', 'accountId': 'NLTPRvscMjCo4h4KQ9S6qj-e-X9XKCBrzEhg6Q6Cv0QhUZC7nAO458KF', 'summonerName': 'shiliruci1', 'summonerId': 'eGXm3HywaNwlngYlzJ6gyJjNnUnXojNTjvA0FmcO_xdvTHk', 'currentPlatformId': 'KR', 'currentAccountId': 'NLTPRvscMjCo4h4KQ9S6qj-e-X9XKCBrzEhg6Q6Cv0QhUZC7nAO458KF', 'matchHistoryUri': '/v1/stats/player_history/KR/2372718808714432', 'profileIcon': 3797}}, {'participantId': 5, 'player': {'platformId': 'KR', 'accountId': 'U2bQNAFp67-yvZQbdvHaIHdzIES8mpaYPml1patvMfp2x0o', 'summonerName': 'Kingen', 'summonerId': '9thQTvrdO5pQ7vZ9TmcCOYLDVAjloMtOfJGm3cEpKWEdYKw', 'currentPlatformId': 'KR', 'currentAccountId': 'U2bQNAFp67-yvZQbdvHaIHdzIES8mpaYPml1patvMfp2x0o', 'matchHistoryUri': '/v1/stats/player_history/KR/209230380', 'profileIcon': 4474}}, {'participantId': 6, 'player': {'platformId': 'KR', 'accountId': 'vsjLqSpvUPP1gY-LKiLFxcAzzrgkidxr5aJpCk_k6Sirwdk', 'summonerName': '어나더 혜지 fan', 'summonerId': 'S8lG4nU7tpq1zrBCBtM88-QBRGkVuJuM4wyIGwKS7hNbvr8', 'currentPlatformId': 'KR', 'currentAccountId': 'vsjLqSpvUPP1gY-LKiLFxcAzzrgkidxr5aJpCk_k6Sirwdk', 'matchHistoryUri': '/v1/stats/player_history/KR/207617201', 'profileIcon': 4492}}, {'participantId': 7, 'player': {'platformId': 'KR', 'accountId': 'qdZOH7tm4vQhizYWc1xcEXN0H_aVB1On1DPceliWVnEIPKE', 'summonerName': '소미라shadow', 'summonerId': 'MoTkbt4CIjdeUzv6_yQsF07q2_V9M0l5x79etdprJWIcw2s', 'currentPlatformId': 'KR', 'currentAccountId': 'qdZOH7tm4vQhizYWc1xcEXN0H_aVB1On1DPceliWVnEIPKE', 'matchHistoryUri': '/v1/stats/player_history/KR/209475169', 'profileIcon': 23}}, {'participantId': 8, 'player': {'platformId': 'KR', 'accountId': 'OBzE7jo2WVNK_tuWqrLXvFDOTjMgQENrwEecNsnmuwg3DM4', 'summonerName': '돌아온마비', 'summonerId': '7x-b6Z0Kp0sLlvyqvzHhCytX_rX127T32YMxjgafkeqHEHo', 'currentPlatformId': 'KR', 'currentAccountId': 'OBzE7jo2WVNK_tuWqrLXvFDOTjMgQENrwEecNsnmuwg3DM4', 'matchHistoryUri': '/v1/stats/player_history/KR/208189482', 'profileIcon': 1596}}, {'participantId': 9, 'player': {'platformId': 'KR', 'accountId': 'IIWG7FRiqE8CuZaCslKkNxkglwpgnePPxDslb2tv66FKrgo', 'summonerName': 'Youtube Thal', 'summonerId': '8Cx100isJ6RMMeOmUX_-Wg0CESabVTYk-e8P8Ijj3zuIiB4', 'currentPlatformId': 'KR', 'currentAccountId': 'IIWG7FRiqE8CuZaCslKkNxkglwpgnePPxDslb2tv66FKrgo', 'matchHistoryUri': '/v1/stats/player_history/KR/201236882', 'profileIcon': 4090}}, {'participantId': 10, 'player': {'platformId': 'KR', 'accountId': 'jqgwSbBuLTSiUPzzGkRh7O8OqNNkkrtTN-xmH5yUDKFPt22CLGUloNMj', 'summonerName': 'Broken Rebirth', 'summonerId': 'loQ0iBfj_HZUuZHHeUVOeMPjXR-Tp2pLdbh6E98PjcetMsM', 'currentPlatformId': 'KR', 'currentAccountId': 'jqgwSbBuLTSiUPzzGkRh7O8OqNNkkrtTN-xmH5yUDKFPt22CLGUloNMj', 'matchHistoryUri': '/v1/stats/player_history/KR/2386793605475840', 'profileIcon': 4030}}]","[{'participantId': 1, 'teamId': 100, 'championId': 104, 'spell1Id': 11, 'spell2Id': 4, 'stats': {'participantId': 1, 'win': False, 'item0': 2031, 'item1': 3123, 'item2': 3111, 'item3': 3156, 'item4': 1412, 'item5': 0, 'item6': 3364, 'kills': 2, 'deaths': 2, 'assists': 1, 'largestKillingSpree': 2, 'largestMultiKill': 1, 'killingSprees': 1, 'longestTimeSpentLiving': 795, 'doubleKills': 0, 'tripleKills': 0, 'quadraKills': 0, 'pentaKills': 0, 'unrealKills': 0, 'totalDamageDealt': 157824, 'magicDamageDealt': 6684, 'physicalDamageDealt': 136002, 'trueDamageDealt': 15137, 'largestCriticalStrike': 0, 'totalDamageDealtToChampions': 5937, 'magicDamageDealtToChampions': 112, 'physicalDamageDealtToChampions': 5102, 'trueDamageDealtToChampions': 722, 'totalHeal': 5338, 'totalUnitsHealed': 1, 'damageSelfMitigated': 11187, 'damageDealtToObjectives': 27463, 'damageDealtToTurrets': 1568, 'visionScore': 21, 'timeCCingOthers': 11, 'totalDamageTaken': 13216, 'magicalDamageTaken': 4129, 'physicalDamageTaken': 9057, 'trueDamageTaken': 28, 'goldEarned': 9253, 'goldSpent': 8075, 'turretKills': 1, 'inhibitorKills': 0, 'totalMinionsKilled': 23, 'neutralMinionsKilled': 147, 'neutralMinionsKilledTeamJungle': 93, 'neutralMinionsKilledEnemyJungle': 11, 'totalTimeCrowdControlDealt': 388, 'champLevel': 12, 'visionWardsBoughtInGame': 2, 'sightWardsBoughtInGame': 0, 'wardsPlaced': 3, 'wardsKilled': 4, 'firstBloodKill': False, 'firstBloodAssist': False, 'firstTowerKill': False, 'firstTowerAssist': False, 'combatPlayerScore': 0, 'objectivePlayerScore': 0, 'totalPlayerScore': 0, 'totalScoreRank': 0, 'playerScore0': 0, 'playerScore1': 0, 'playerScore2': 0, 'playerScore3': 0, 'playerScore4': 0, 'playerScore5': 0, 'playerScore6': 0, 'playerScore7': 0, 'playerScore8': 0, 'playerScore9': 0, 'perk0': 8230, 'perk0Var1': 8, 'perk0Var2': 0, 'perk0Var3': 0, 'perk1': 8275, 'perk1Var1': 14, 'perk1Var2': 0, 'perk1Var3': 0, 'perk2': 8234, 'perk2Var1': 6056, 'perk2Var2': 0, 'perk2Var3': 0, 'perk3': 8232, 'perk3Var1': 4, 'perk3Var2': 0, 'perk3Var3': 0, 'perk4': 9111, 'perk4Var1': 62, 'perk4Var2': 60, 'perk4Var3': 0, 'perk5': 9104, 'perk5Var1': 16, 'perk5Var2': 50, 'perk5Var3': 0, 'perkPrimaryStyle': 8200, 'perkSubStyle': 8000, 'statPerk0': 5005, 'statPerk1': 5008, 'statPerk2': 5003}, 'timeline': {'participantId': 1, 'creepsPerMinDeltas': {'10-20': 1.5, '0-10': 0.2}, 'xpPerMinDeltas': {'10-20': 516.4, '0-10': 308.4}, 'goldPerMinDeltas': {'10-20': 476.1, '0-10': 266.4}, 'csDiffPerMinDeltas': {'10-20': 0.9, '0-10': 0}, 'xpDiffPerMinDeltas': {'10-20': 93.29999999999998, '0-10': 33}, 'damageTakenPerMinDeltas': {'10-20': 686.3, '0-10': 399.6}, 'damageTakenDiffPerMinDeltas': {'10-20': 397.29999999999995, '0-10': 159.5}, 'role': 'NONE', 'lane': 'JUNGLE'}}, {'participantId': 2, 'teamId': 100, 'championId': 68, 'spell1Id': 4, 'spell2Id': 14, 'stats': {'participantId': 2, 'win': False, 'item0': 3020, 'item1': 3165, 'item2': 0, 'item3': 2031, 'item4': 3151, 'item5': 1082, 'item6': 3363, 'kills': 2, 'deaths': 2, 'assists': 4, 'largestKillingSpree': 0, 'largestMultiKill': 1, 'killingSprees': 0, 'longestTimeSpentLiving': 1181, 'doubleKills': 0, 'tripleKills': 0, 'quadraKills': 0, 'pentaKills': 0, 'unrealKills': 0, 'totalDamageDealt': 116332, 'magicDamageDealt': 102618, 'physicalDamageDealt': 10711, 'trueDamageDealt': 3001, 'largestCriticalStrike': 0, 'totalDamageDealtToChampions': 13510, 'magicDamageDealtToChampions': 12394, 'physicalDamageDealtToChampions': 500, 'trueDamageDealtToChampions': 616, 'totalHeal': 3025, 'totalUnitsHealed': 1, 'damageSelfMitigated': 12225, 'damageDealtToObjectives': 531, 'damageDealtToTurrets': 0, 'visionScore': 23, 'timeCCingOthers': 12, 'totalDamageTaken': 15065, 'magicalDamageTaken': 5942, 'physicalDamageTaken': 8975, 'trueDamageTaken': 147, 'goldEarned': 8756, 'goldSpent': 8150, 'turretKills': 0, 'inhibitorKills': 0, 'totalMinionsKilled': 183, 'neutralMinionsKilled': 24, 'neutralMinionsKilledTeamJungle': 16, 'neutralMinionsKilledEnemyJungle': 8, 'totalTimeCrowdControlDealt': 168, 'champLevel': 14, 'visionWardsBoughtInGame': 6, 'sightWardsBoughtInGame': 0, 'wardsPlaced': 14, 'wardsKilled': 5, 'firstBloodKill': True, 'firstBloodAssist': False, 'firstTowerKill': False, 'firstTowerAssist': False, 'combatPlayerScore': 0, 'objectivePlayerScore': 0, 'totalPlayerScore': 0, 'totalScoreRank': 0, 'playerScore0': 0, 'playerScore1': 0, 'playerScore2': 0, 'playerScore3': 0, 'playerScore4': 0, 'playerScore5': 0, 'playerScore6': 0, 'playerScore7': 0, 'playerScore8': 0, 'playerScore9': 0, 'perk0': 8229, 'perk0Var1': 1174, 'perk0Var2': 0, 'perk0Var3': 0, 'perk1': 8275, 'perk1Var1': 9, 'perk1Var2': 0, 'perk1Var3': 0, 'perk2': 8233, 'perk2Var1': 15, 'perk2Var2': 0, 'perk2Var3': 0, 'perk3': 8237, 'perk3Var1': 506, 'perk3Var2': 0, 'perk3Var3': 0, 'perk4': 8139, 'perk4Var1': 881, 'perk4Var2': 0, 'perk4Var3': 0, 'perk5': 8135, 'perk5Var1': 2748, 'perk5Var2': 3, 'perk5Var3': 0, 'perkPrimaryStyle': 8200, 'perkSubStyle': 8100, 'statPerk0': 5008, 'statPerk1': 5008, 'statPerk2': 5003}, 'timeline': {'participantId': 2, 'creepsPerMinDeltas': {'10-20': 7.7, '0-10': 8.100000000000001}, 'xpPerMinDeltas': {'10-20': 527.5, '0-10': 437.59999999999997}, 'goldPerMinDeltas': {'10-20': 387.7, '0-10': 315.70000000000005}, 'csDiffPerMinDeltas': {'10-20': -1.5999999999999996, '0-10': 0.7000000000000011}, 'xpDiffPerMinDeltas': {'10-20': -11.300000000000011, '0-10': 2.2999999999999545}, 'damageTakenPerMinDeltas': {'10-20': 671.6, '0-10': 361.4}, 'damageTakenDiffPerMinDeltas': {'10-20': 49.29999999999998, '0-10': -6}, 'role': 'SOLO', 'lane': 'MIDDLE'}}, {'participantId': 3, 'teamId': 100, 'championId': 412, 'spell1Id': 4, 'spell2Id': 14, 'stats': {'participantId': 3, 'win': False, 'item0': 2055, 'item1': 3193, 'item2': 3857, 'item3': 3117, 'item4': 0, 'item5': 0, 'item6': 3364, 'kills': 0, 'deaths': 6, 'assists': 4, 'largestKillingSpree': 0, 'largestMultiKill': 0, 'killingSprees': 0, 'longestTimeSpentLiving': 620, 'doubleKills': 0, 'tripleKills': 0, 'quadraKills': 0, 'pentaKills': 0, 'unrealKills': 0, 'totalDamageDealt': 16796, 'magicDamageDealt': 5552, 'physicalDamageDealt': 4951, 'trueDamageDealt': 6292, 'largestCriticalStrike': 0, 'totalDamageDealtToChampions': 3107, 'magicDamageDealtToChampions': 2072, 'physicalDamageDealtToChampions': 376, 'trueDamageDealtToChampions': 658, 'totalHeal': 180, 'totalUnitsHealed': 1, 'damageSelfMitigated': 10809, 'damageDealtToObjectives': 797, 'damageDealtToTurrets': 797, 'visionScore': 66, 'timeCCingOthers': 15, 'totalDamageTaken': 11224, 'magicalDamageTaken': 6228, 'physicalDamageTaken': 4809, 'trueDamageTaken': 186, 'goldEarned': 5355, 'goldSpent': 4625, 'turretKills': 0, 'inhibitorKills': 0, 'totalMinionsKilled': 43, 'neutralMinionsKilled': 0, 'neutralMinionsKilledTeamJungle': 0, 'neutralMinionsKilledEnemyJungle': 0, 'totalTimeCrowdControlDealt': 85, 'champLevel': 9, 'visionWardsBoughtInGame': 11, 'sightWardsBoughtInGame': 0, 'wardsPlaced': 40, 'wardsKilled': 15, 'firstBloodKill': False, 'firstBloodAssist': False, 'firstTowerKill': False, 'firstTowerAssist': False, 'combatPlayerScore': 0, 'objectivePlayerScore': 0, 'totalPlayerScore': 0, 'totalScoreRank': 0, 'playerScore0': 0, 'playerScore1': 0, 'playerScore2': 0, 'playerScore3': 0, 'playerScore4': 0, 'playerScore5': 0, 'playerScore6': 0, 'playerScore7': 0, 'playerScore8': 0, 'playerScore9': 0, 'perk0': 8439, 'perk0Var1': 236, 'perk0Var2': 0, 'perk0Var3': 0, 'perk1': 8446, 'perk1Var1': 704, 'perk1Var2': 0, 'perk1Var3': 0, 'perk2': 8473, 'perk2Var1': 316, 'perk2Var2': 0, 'perk2Var3': 0, 'perk3': 8451, 'perk3Var1': 117, 'perk3Var2': 0, 'perk3Var3': 0, 'perk4': 8313, 'perk4Var1': 0, 'perk4Var2': 0, 'perk4Var3': 0, 'perk5': 8316, 'perk5Var1': 488, 'perk5Var2': 0, 'perk5Var3': 0, 'perkPrimaryStyle': 8400, 'perkSubStyle': 8300, 'statPerk0': 5005, 'statPerk1': 5003, 'statPerk2': 5002}, 'timeline': {'participantId': 3, 'creepsPerMinDeltas': {'10-20': 2.2, '0-10': 1.8}, 'xpPerMinDeltas': {'10-20': 266.6, '0-10': 230.89999999999998}, 'goldPerMinDeltas': {'10-20': 236, '0-10': 177.4}, 'csDiffPerMinDeltas': {'10-20': -0.6499999999999999, '0-10': 0.5499999999999996}, 'xpDiffPerMinDeltas': {'10-20': -124.65, '0-10': -18.700000000000017}, 'damageTakenPerMinDeltas': {'10-20': 635.8, '0-10': 150.89999999999998}, 'damageTakenDiffPerMinDeltas': {'10-20': 137.60000000000002, '0-10': 7.800000000000026}, 'role': 'DUO_SUPPORT', 'lane': 'BOTTOM'}}, {'participantId': 4, 'teamId': 100, 'championId': 110, 'spell1Id': 4, 'spell2Id': 7, 'stats': {'participantId': 4, 'win': False, 'item0': 3153, 'item1': 3124, 'item2': 0, 'item3': 0, 'item4': 3006, 'item5': 1055, 'item6': 3363, 'kills': 1, 'deaths': 4, 'assists': 2, 'largestKillingSpree': 0, 'largestMultiKill': 1, 'killingSprees': 0, 'longestTimeSpentLiving': 600, 'doubleKills': 0, 'tripleKills': 0, 'quadraKills': 0, 'pentaKills': 0, 'unrealKills': 0, 'totalDamageDealt': 89397, 'magicDamageDealt': 5459, 'physicalDamageDealt': 75462, 'trueDamageDealt': 8475, 'largestCriticalStrike': 0, 'totalDamageDealtToChampions': 8206, 'magicDamageDealtToChampions': 1838, 'physicalDamageDealtToChampions': 6367, 'trueDamageDealtToChampions': 0, 'totalHeal': 1014, 'totalUnitsHealed': 3, 'damageSelfMitigated': 6380, 'damageDealtToObjectives': 1777, 'damageDealtToTurrets': 1777, 'visionScore': 18, 'timeCCingOthers': 14, 'totalDamageTaken': 8005, 'magicalDamageTaken': 3307, 'physicalDamageTaken': 4683, 'trueDamageTaken': 14, 'goldEarned': 8324, 'goldSpent': 8275, 'turretKills': 0, 'inhibitorKills': 0, 'totalMinionsKilled': 187, 'neutralMinionsKilled': 4, 'neutralMinionsKilledTeamJungle': 4, 'neutralMinionsKilledEnemyJungle': 0, 'totalTimeCrowdControlDealt': 119, 'champLevel': 11, 'visionWardsBoughtInGame': 3, 'sightWardsBoughtInGame': 0, 'wardsPlaced': 9, 'wardsKilled': 7, 'firstBloodKill': False, 'firstBloodAssist': False, 'firstTowerKill': False, 'firstTowerAssist': False, 'combatPlayerScore': 0, 'objectivePlayerScore': 0, 'totalPlayerScore': 0, 'totalScoreRank': 0, 'playerScore0': 0, 'playerScore1': 0, 'playerScore2': 0, 'playerScore3': 0, 'playerScore4': 0, 'playerScore5': 0, 'playerScore6': 0, 'playerScore7': 0, 'playerScore8': 0, 'playerScore9': 0, 'perk0': 8008, 'perk0Var1': 1, 'perk0Var2': 10, 'perk0Var3': 0, 'perk1': 9101, 'perk1Var1': 1723, 'perk1Var2': 2237, 'perk1Var3': 0, 'perk2': 9104, 'perk2Var1': 22, 'perk2Var2': 0, 'perk2Var3': 0, 'perk3': 8014, 'perk3Var1': 96, 'perk3Var2': 0, 'perk3Var3': 0, 'perk4': 8275, 'perk4Var1': 5, 'perk4Var2': 0, 'perk4Var3': 0, 'perk5': 8236, 'perk5Var1': 14, 'perk5Var2': 0, 'perk5Var3': 0, 'perkPrimaryStyle': 8000, 'perkSubStyle': 8200, 'statPerk0': 5005, 'statPerk1': 5008, 'statPerk2': 5002}, 'timeline': {'participantId': 4, 'creepsPerMinDeltas': {'10-20': 8.8, '0-10': 7.7}, 'xpPerMinDeltas': {'10-20': 396.2, '0-10': 301.4}, 'goldPerMinDeltas': {'10-20': 332.8, '0-10': 286.4}, 'csDiffPerMinDeltas': {'10-20': -0.6499999999999999, '0-10': 0.5499999999999996}, 'xpDiffPerMinDeltas': {'10-20': -124.65, '0-10': -18.700000000000017}, 'damageTakenPerMinDeltas': {'10-20': 261.5, '0-10': 213.5}, 'damageTakenDiffPerMinDeltas': {'10-20': 137.60000000000002, '0-10': 7.800000000000026}, 'role': 'DUO_CARRY', 'lane': 'BOTTOM'}}, {'participantId': 5, 'teamId': 100, 'championId': 58, 'spell1Id': 12, 'spell2Id': 4, 'stats': {'participantId': 5, 'win': False, 'item0': 1055, 'item1': 3748, 'item2': 1037, 'item3': 1001, 'item4': 3071, 'item5': 3052, 'item6': 3364, 'kills': 2, 'deaths': 5, 'assists': 2, 'largestKillingSpree': 2, 'largestMultiKill': 1, 'killingSprees': 1, 'longestTimeSpentLiving': 627, 'doubleKills': 0, 'tripleKills': 0, 'quadraKills': 0, 'pentaKills': 0, 'unrealKills': 0, 'totalDamageDealt': 138363, 'magicDamageDealt': 1364, 'physicalDamageDealt': 131139, 'trueDamageDealt': 5860, 'largestCriticalStrike': 0, 'totalDamageDealtToChampions': 12219, 'magicDamageDealtToChampions': 1174, 'physicalDamageDealtToChampions': 11044, 'trueDamageDealtToChampions': 0, 'totalHeal': 6018, 'totalUnitsHealed': 1, 'damageSelfMitigated': 14845, 'damageDealtToObjectives': 4767, 'damageDealtToTurrets': 4527, 'visionScore': 15, 'timeCCingOthers': 16, 'totalDamageTaken': 24492, 'magicalDamageTaken': 10690, 'physicalDamageTaken': 13415, 'trueDamageTaken': 385, 'goldEarned': 10222, 'goldSpent': 9825, 'turretKills': 3, 'inhibitorKills': 0, 'totalMinionsKilled': 210, 'neutralMinionsKilled': 5, 'neutralMinionsKilledTeamJungle': 0, 'neutralMinionsKilledEnemyJungle': 5, 'totalTimeCrowdControlDealt': 47, 'champLevel': 14, 'visionWardsBoughtInGame': 4, 'sightWardsBoughtInGame': 0, 'wardsPlaced': 9, 'wardsKilled': 2, 'firstBloodKill': False, 'firstBloodAssist': False, 'firstTowerKill': True, 'firstTowerAssist': False, 'combatPlayerScore': 0, 'objectivePlayerScore': 0, 'totalPlayerScore': 0, 'totalScoreRank': 0, 'playerScore0': 0, 'playerScore1': 0, 'playerScore2': 0, 'playerScore3': 0, 'playerScore4': 0, 'playerScore5': 0, 'playerScore6': 0, 'playerScore7': 0, 'playerScore8': 0, 'playerScore9': 0, 'perk0': 8010, 'perk0Var1': 1310, 'perk0Var2': 0, 'perk0Var3': 0, 'perk1': 9111, 'perk1Var1': 394, 'perk1Var2': 80, 'perk1Var3': 0, 'perk2': 9105, 'perk2Var1': 17, 'perk2Var2': 20, 'perk2Var3': 0, 'perk3': 8299, 'perk3Var1': 509, 'perk3Var2': 0, 'perk3Var3': 0, 'perk4': 8446, 'perk4Var1': 2329, 'perk4Var2': 0, 'perk4Var3': 0, 'perk5': 8473, 'perk5Var1': 623, 'perk5Var2': 0, 'perk5Var3': 0, 'perkPrimaryStyle': 8000, 'perkSubStyle': 8400, 'statPerk0': 5005, 'statPerk1': 5008, 'statPerk2': 5003}, 'timeline': {'participantId': 5, 'creepsPerMinDeltas': {'10-20': 8.5, '0-10': 8.8}, 'xpPerMinDeltas': {'10-20': 567.1, '0-10': 466.5}, 'goldPerMinDeltas': {'10-20': 537.2, '0-10': 308.5}, 'csDiffPerMinDeltas': {'10-20': 2.6, '0-10': 1.7999999999999998}, 'xpDiffPerMinDeltas': {'10-20': 93.10000000000005, '0-10': 7.300000000000011}, 'damageTakenPerMinDeltas': {'10-20': 1200.6, '0-10': 539.5}, 'damageTakenDiffPerMinDeltas': {'10-20': 132.20000000000005, '0-10': 270.5}, 'role': 'SOLO', 'lane': 'TOP'}}, {'participantId': 6, 'teamId': 200, 'championId': 429, 'spell1Id': 1, 'spell2Id': 4, 'stats': {'participantId': 6, 'win': True, 'item0': 3153, 'item1': 0, 'item2': 1036, 'item3': 3006, 'item4': 3085, 'item5': 1055, 'item6': 3363, 'kills': 7, 'deaths': 2, 'assists': 4, 'largestKillingSpree': 3, 'largestMultiKill': 2, 'killingSprees': 3, 'longestTimeSpentLiving': 1045, 'doubleKills': 2, 'tripleKills': 0, 'quadraKills': 0, 'pentaKills': 0, 'unrealKills': 0, 'totalDamageDealt': 107301, 'magicDamageDealt': 4392, 'physicalDamageDealt': 96506, 'trueDamageDealt': 6402, 'largestCriticalStrike': 348, 'totalDamageDealtToChampions': 14012, 'magicDamageDealtToChampions': 1369, 'physicalDamageDealtToChampions': 12625, 'trueDamageDealtToChampions': 18, 'totalHeal': 210, 'totalUnitsHealed': 1, 'damageSelfMitigated': 6840, 'damageDealtToObjectives': 2034, 'damageDealtToTurrets': 1082, 'visionScore': 26, 'timeCCingOthers': 13, 'totalDamageTaken': 8745, 'magicalDamageTaken': 2788, 'physicalDamageTaken': 5744, 'trueDamageTaken': 212, 'goldEarned': 10229, 'goldSpent': 8225, 'turretKills': 0, 'inhibitorKills': 0, 'totalMinionsKilled': 200, 'neutralMinionsKilled': 4, 'neutralMinionsKilledTeamJungle': 4, 'neutralMinionsKilledEnemyJungle': 0, 'totalTimeCrowdControlDealt': 231, 'champLevel': 13, 'visionWardsBoughtInGame': 3, 'sightWardsBoughtInGame': 0, 'wardsPlaced': 9, 'wardsKilled': 4, 'firstBloodKill': False, 'firstBloodAssist': False, 'firstTowerKill': False, 'firstTowerAssist': False, 'combatPlayerScore': 0, 'objectivePlayerScore': 0, 'totalPlayerScore': 0, 'totalScoreRank': 0, 'playerScore0': 0, 'playerScore1': 0, 'playerScore2': 0, 'playerScore3': 0, 'playerScore4': 0, 'playerScore5': 0, 'playerScore6': 0, 'playerScore7': 0, 'playerScore8': 0, 'playerScore9': 0, 'perk0': 8008, 'perk0Var1': 0, 'perk0Var2': 50, 'perk0Var3': 0, 'perk1': 9101, 'perk1Var1': 2007, 'perk1Var2': 2822, 'perk1Var3': 0, 'perk2': 9104, 'perk2Var1': 13, 'perk2Var2': 20, 'perk2Var3': 0, 'perk3': 8017, 'perk3Var1': 750, 'perk3Var2': 0, 'perk3Var3': 0, 'perk4': 8275, 'perk4Var1': 7, 'perk4Var2': 0, 'perk4Var3': 0, 'perk5': 8236, 'perk5Var1': 14, 'perk5Var2': 0, 'perk5Var3': 0, 'perkPrimaryStyle': 8000, 'perkSubStyle': 8200, 'statPerk0': 5005, 'statPerk1': 5008, 'statPerk2': 5002}, 'timeline': {'participantId': 6, 'creepsPerMinDeltas': {'10-20': 9.7, '0-10': 7.1000000000000005}, 'xpPerMinDeltas': {'10-20': 496.5, '0-10': 302.1}, 'goldPerMinDeltas': {'10-20': 470.3, '0-10': 277.3}, 'csDiffPerMinDeltas': {'10-20': 0.6499999999999999, '0-10': -0.5499999999999996}, 'xpDiffPerMinDeltas': {'10-20': 124.65, '0-10': 18.700000000000017}, 'damageTakenPerMinDeltas': {'10-20': 389.6, '0-10': 190.6}, 'damageTakenDiffPerMinDeltas': {'10-20': -137.60000000000002, '0-10': -7.800000000000026}, 'role': 'DUO_CARRY', 'lane': 'BOTTOM'}}, {'participantId': 7, 'teamId': 200, 'championId': 427, 'spell1Id': 4, 'spell2Id': 11, 'stats': {'participantId': 7, 'win': True, 'item0': 1039, 'item1': 1082, 'item2': 3504, 'item3': 3158, 'item4': 3174, 'item5': 1004, 'item6': 3364, 'kills': 1, 'deaths': 2, 'assists': 12, 'largestKillingSpree': 0, 'largestMultiKill': 1, 'killingSprees': 0, 'longestTimeSpentLiving': 701, 'doubleKills': 0, 'tripleKills': 0, 'quadraKills': 0, 'pentaKills': 0, 'unrealKills': 0, 'totalDamageDealt': 282543, 'magicDamageDealt': 8297, 'physicalDamageDealt': 4747, 'trueDamageDealt': 269498, 'largestCriticalStrike': 0, 'totalDamageDealtToChampions': 5649, 'magicDamageDealtToChampions': 3851, 'physicalDamageDealtToChampions': 1691, 'trueDamageDealtToChampions': 106, 'totalHeal': 3461, 'totalUnitsHealed': 5, 'damageSelfMitigated': 6393, 'damageDealtToObjectives': 10157, 'damageDealtToTurrets': 0, 'visionScore': 23, 'timeCCingOthers': 35, 'totalDamageTaken': 7768, 'magicalDamageTaken': 3143, 'physicalDamageTaken': 4299, 'trueDamageTaken': 325, 'goldEarned': 6890, 'goldSpent': 6350, 'turretKills': 0, 'inhibitorKills': 0, 'totalMinionsKilled': 10, 'neutralMinionsKilled': 105, 'neutralMinionsKilledTeamJungle': 89, 'neutralMinionsKilledEnemyJungle': 0, 'totalTimeCrowdControlDealt': 145, 'champLevel': 12, 'visionWardsBoughtInGame': 1, 'sightWardsBoughtInGame': 0, 'wardsPlaced': 2, 'wardsKilled': 6, 'firstBloodKill': False, 'firstBloodAssist': False, 'firstTowerKill': False, 'firstTowerAssist': False, 'combatPlayerScore': 0, 'objectivePlayerScore': 0, 'totalPlayerScore': 0, 'totalScoreRank': 0, 'playerScore0': 0, 'playerScore1': 0, 'playerScore2': 0, 'playerScore3': 0, 'playerScore4': 0, 'playerScore5': 0, 'playerScore6': 0, 'playerScore7': 0, 'playerScore8': 0, 'playerScore9': 0, 'perk0': 8214, 'perk0Var1': 580, 'perk0Var2': 452, 'perk0Var3': 0, 'perk1': 8275, 'perk1Var1': 25, 'perk1Var2': 0, 'perk1Var3': 0, 'perk2': 8210, 'perk2Var1': 0, 'perk2Var2': 0, 'perk2Var3': 0, 'perk3': 8236, 'perk3Var1': 24, 'perk3Var2': 0, 'perk3Var3': 0, 'perk4': 8347, 'perk4Var1': 0, 'perk4Var2': 0, 'perk4Var3': 0, 'perk5': 8306, 'perk5Var1': 7, 'perk5Var2': 0, 'perk5Var3': 0, 'perkPrimaryStyle': 8200, 'perkSubStyle': 8300, 'statPerk0': 5005, 'statPerk1': 5008, 'statPerk2': 5002}, 'timeline': {'participantId': 7, 'creepsPerMinDeltas': {'10-20': 0.6, '0-10': 0.2}, 'xpPerMinDeltas': {'10-20': 423.1, '0-10': 275.4}, 'goldPerMinDeltas': {'10-20': 299.29999999999995, '0-10': 254.7}, 'csDiffPerMinDeltas': {'10-20': -0.9, '0-10': 0}, 'xpDiffPerMinDeltas': {'10-20': -93.29999999999998, '0-10': -33}, 'damageTakenPerMinDeltas': {'10-20': 289, '0-10': 240.10000000000002}, 'damageTakenDiffPerMinDeltas': {'10-20': -397.29999999999995, '0-10': -159.5}, 'role': 'NONE', 'lane': 'JUNGLE'}}, {'participantId': 8, 'teamId': 200, 'championId': 98, 'spell1Id': 12, 'spell2Id': 4, 'stats': {'participantId': 8, 'win': True, 'item0': 3068, 'item1': 3075, 'item2': 1033, 'item3': 3047, 'item4': 0, 'item5': 1028, 'item6': 3363, 'kills': 8, 'deaths': 2, 'assists': 7, 'largestKillingSpree': 6, 'largestMultiKill': 1, 'killingSprees': 1, 'longestTimeSpentLiving': 980, 'doubleKills': 0, 'tripleKills': 0, 'quadraKills': 0, 'pentaKills': 0, 'unrealKills': 0, 'totalDamageDealt': 89505, 'magicDamageDealt': 52504, 'physicalDamageDealt': 27254, 'trueDamageDealt': 9745, 'largestCriticalStrike': 0, 'totalDamageDealtToChampions': 14835, 'magicDamageDealtToChampions': 8206, 'physicalDamageDealtToChampions': 6045, 'trueDamageDealtToChampions': 583, 'totalHeal': 1236, 'totalUnitsHealed': 1, 'damageSelfMitigated': 22971, 'damageDealtToObjectives': 1929, 'damageDealtToTurrets': 0, 'visionScore': 19, 'timeCCingOthers': 22, 'totalDamageTaken': 15472, 'magicalDamageTaken': 5057, 'physicalDamageTaken': 10056, 'trueDamageTaken': 357, 'goldEarned': 9571, 'goldSpent': 8400, 'turretKills': 0, 'inhibitorKills': 0, 'totalMinionsKilled': 163, 'neutralMinionsKilled': 0, 'neutralMinionsKilledTeamJungle': 0, 'neutralMinionsKilledEnemyJungle': 0, 'totalTimeCrowdControlDealt': 323, 'champLevel': 14, 'visionWardsBoughtInGame': 2, 'sightWardsBoughtInGame': 0, 'wardsPlaced': 10, 'wardsKilled': 2, 'firstBloodKill': False, 'firstBloodAssist': False, 'firstTowerKill': False, 'firstTowerAssist': False, 'combatPlayerScore': 0, 'objectivePlayerScore': 0, 'totalPlayerScore': 0, 'totalScoreRank': 0, 'playerScore0': 0, 'playerScore1': 0, 'playerScore2': 0, 'playerScore3': 0, 'playerScore4': 0, 'playerScore5': 0, 'playerScore6': 0, 'playerScore7': 0, 'playerScore8': 0, 'playerScore9': 0, 'perk0': 8437, 'perk0Var1': 840, 'perk0Var2': 641, 'perk0Var3': 0, 'perk1': 8401, 'perk1Var1': 689, 'perk1Var2': 0, 'perk1Var3': 0, 'perk2': 8444, 'perk2Var1': 856, 'perk2Var2': 0, 'perk2Var3': 0, 'perk3': 8453, 'perk3Var1': 314, 'perk3Var2': 1038, 'perk3Var3': 0, 'perk4': 8126, 'perk4Var1': 592, 'perk4Var2': 0, 'perk4Var3': 0, 'perk5': 8106, 'perk5Var1': 5, 'perk5Var2': 0, 'perk5Var3': 0, 'perkPrimaryStyle': 8400, 'perkSubStyle': 8100, 'statPerk0': 5008, 'statPerk1': 5002, 'statPerk2': 5003}, 'timeline': {'participantId': 8, 'creepsPerMinDeltas': {'10-20': 5.9, '0-10': 7}, 'xpPerMinDeltas': {'10-20': 474, '0-10': 459.2}, 'goldPerMinDeltas': {'10-20': 416.90000000000003, '0-10': 300.1}, 'csDiffPerMinDeltas': {'10-20': -2.6, '0-10': -1.7999999999999998}, 'xpDiffPerMinDeltas': {'10-20': -93.10000000000005, '0-10': -7.300000000000011}, 'damageTakenPerMinDeltas': {'10-20': 1068.4, '0-10': 269}, 'damageTakenDiffPerMinDeltas': {'10-20': -132.20000000000005, '0-10': -270.5}, 'role': 'SOLO', 'lane': 'TOP'}}, {'participantId': 9, 'teamId': 200, 'championId': 245, 'spell1Id': 4, 'spell2Id': 12, 'stats': {'participantId': 9, 'win': True, 'item0': 3152, 'item1': 2033, 'item2': 1082, 'item3': 0, 'item4': 3047, 'item5': 3285, 'item6': 3364, 'kills': 2, 'deaths': 1, 'assists': 10, 'largestKillingSpree': 0, 'largestMultiKill': 1, 'killingSprees': 0, 'longestTimeSpentLiving': 859, 'doubleKills': 0, 'tripleKills': 0, 'quadraKills': 0, 'pentaKills': 0, 'unrealKills': 0, 'totalDamageDealt': 130833, 'magicDamageDealt': 116030, 'physicalDamageDealt': 14388, 'trueDamageDealt': 414, 'largestCriticalStrike': 0, 'totalDamageDealtToChampions': 11852, 'magicDamageDealtToChampions': 9909, 'physicalDamageDealtToChampions': 1889, 'trueDamageDealtToChampions': 54, 'totalHeal': 3387, 'totalUnitsHealed': 1, 'damageSelfMitigated': 10438, 'damageDealtToObjectives': 10804, 'damageDealtToTurrets': 3547, 'visionScore': 18, 'timeCCingOthers': 21, 'totalDamageTaken': 12085, 'magicalDamageTaken': 4687, 'physicalDamageTaken': 6629, 'trueDamageTaken': 769, 'goldEarned': 9280, 'goldSpent': 8025, 'turretKills': 2, 'inhibitorKills': 0, 'totalMinionsKilled': 192, 'neutralMinionsKilled': 18, 'neutralMinionsKilledTeamJungle': 9, 'neutralMinionsKilledEnemyJungle': 0, 'totalTimeCrowdControlDealt': 371, 'champLevel': 14, 'visionWardsBoughtInGame': 5, 'sightWardsBoughtInGame': 0, 'wardsPlaced': 8, 'wardsKilled': 5, 'firstBloodKill': False, 'firstBloodAssist': False, 'firstTowerKill': False, 'firstTowerAssist': False, 'combatPlayerScore': 0, 'objectivePlayerScore': 0, 'totalPlayerScore': 0, 'totalScoreRank': 0, 'playerScore0': 0, 'playerScore1': 0, 'playerScore2': 0, 'playerScore3': 0, 'playerScore4': 0, 'playerScore5': 0, 'playerScore6': 0, 'playerScore7': 0, 'playerScore8': 0, 'playerScore9': 0, 'perk0': 8010, 'perk0Var1': 341, 'perk0Var2': 0, 'perk0Var3': 0, 'perk1': 8009, 'perk1Var1': 1607, 'perk1Var2': 500, 'perk1Var3': 0, 'perk2': 9105, 'perk2Var1': 13, 'perk2Var2': 10, 'perk2Var3': 0, 'perk3': 8014, 'perk3Var1': 216, 'perk3Var2': 0, 'perk3Var3': 0, 'perk4': 8345, 'perk4Var1': 3, 'perk4Var2': 0, 'perk4Var3': 0, 'perk5': 8352, 'perk5Var1': 253, 'perk5Var2': 1690, 'perk5Var3': 716, 'perkPrimaryStyle': 8000, 'perkSubStyle': 8300, 'statPerk0': 5008, 'statPerk1': 5008, 'statPerk2': 5003}, 'timeline': {'participantId': 9, 'creepsPerMinDeltas': {'10-20': 9.3, '0-10': 7.3999999999999995}, 'xpPerMinDeltas': {'10-20': 538.8, '0-10': 435.3}, 'goldPerMinDeltas': {'10-20': 422.7, '0-10': 263.4}, 'csDiffPerMinDeltas': {'10-20': 1.5999999999999996, '0-10': -0.7000000000000011}, 'xpDiffPerMinDeltas': {'10-20': 11.300000000000011, '0-10': -2.2999999999999545}, 'damageTakenPerMinDeltas': {'10-20': 622.3, '0-10': 367.4}, 'damageTakenDiffPerMinDeltas': {'10-20': -49.29999999999998, '0-10': 6}, 'role': 'SOLO', 'lane': 'MIDDLE'}}, {'participantId': 10, 'teamId': 200, 'championId': 432, 'spell1Id': 3, 'spell2Id': 4, 'stats': {'participantId': 10, 'win': True, 'item0': 3860, 'item1': 0, 'item2': 3107, 'item3': 3117, 'item4': 3108, 'item5': 0, 'item6': 3364, 'kills': 1, 'deaths': 0, 'assists': 12, 'largestKillingSpree': 0, 'largestMultiKill': 1, 'killingSprees': 0, 'longestTimeSpentLiving': 0, 'doubleKills': 0, 'tripleKills': 0, 'quadraKills': 0, 'pentaKills': 0, 'unrealKills': 0, 'totalDamageDealt': 23631, 'magicDamageDealt': 14280, 'physicalDamageDealt': 5339, 'trueDamageDealt': 4011, 'largestCriticalStrike': 0, 'totalDamageDealtToChampions': 7483, 'magicDamageDealtToChampions': 5706, 'physicalDamageDealtToChampions': 1777, 'trueDamageDealtToChampions': 0, 'totalHeal': 4622, 'totalUnitsHealed': 5, 'damageSelfMitigated': 4574, 'damageDealtToObjectives': 1414, 'damageDealtToTurrets': 387, 'visionScore': 99, 'timeCCingOthers': 26, 'totalDamageTaken': 6155, 'magicalDamageTaken': 2349, 'physicalDamageTaken': 3472, 'trueDamageTaken': 333, 'goldEarned': 6021, 'goldSpent': 5550, 'turretKills': 0, 'inhibitorKills': 0, 'totalMinionsKilled': 44, 'neutralMinionsKilled': 0, 'neutralMinionsKilledTeamJungle': 0, 'neutralMinionsKilledEnemyJungle': 0, 'totalTimeCrowdControlDealt': 170, 'champLevel': 11, 'visionWardsBoughtInGame': 14, 'sightWardsBoughtInGame': 0, 'wardsPlaced': 60, 'wardsKilled': 20, 'firstBloodKill': False, 'firstBloodAssist': False, 'firstTowerKill': False, 'firstTowerAssist': False, 'combatPlayerScore': 0, 'objectivePlayerScore': 0, 'totalPlayerScore': 0, 'totalScoreRank': 0, 'playerScore0': 0, 'playerScore1': 0, 'playerScore2': 0, 'playerScore3': 0, 'playerScore4': 0, 'playerScore5': 0, 'playerScore6': 0, 'playerScore7': 0, 'playerScore8': 0, 'playerScore9': 0, 'perk0': 8465, 'perk0Var1': 2596, 'perk0Var2': 0, 'perk0Var3': 0, 'perk1': 8463, 'perk1Var1': 1177, 'perk1Var2': 0, 'perk1Var3': 0, 'perk2': 8473, 'perk2Var1': 448, 'perk2Var2': 0, 'perk2Var3': 0, 'perk3': 8453, 'perk3Var1': 479, 'perk3Var2': 219, 'perk3Var3': 0, 'perk4': 8136, 'perk4Var1': 23, 'perk4Var2': 30, 'perk4Var3': 0, 'perk5': 8105, 'perk5Var1': 13, 'perk5Var2': 4, 'perk5Var3': 0, 'perkPrimaryStyle': 8400, 'perkSubStyle': 8100, 'statPerk0': 5008, 'statPerk1': 5002, 'statPerk2': 5002}, 'timeline': {'participantId': 10, 'creepsPerMinDeltas': {'10-20': 2.6, '0-10': 1.3}, 'xpPerMinDeltas': {'10-20': 415.6, '0-10': 267.6}, 'goldPerMinDeltas': {'10-20': 307.2, '0-10': 155.1}, 'csDiffPerMinDeltas': {'10-20': 0.6499999999999999, '0-10': -0.5499999999999996}, 'xpDiffPerMinDeltas': {'10-20': 124.65, '0-10': 18.700000000000017}, 'damageTakenPerMinDeltas': {'10-20': 232.5, '0-10': 158.2}, 'damageTakenDiffPerMinDeltas': {'10-20': -137.60000000000002, '0-10': -7.800000000000026}, 'role': 'DUO_SUPPORT', 'lane': 'BOTTOM'}}]",KR,420.0,13.0,,
14,1584371770000.0,1628.0,4222795586.0,CLASSIC,MATCHED_GAME,10.5.312.392,11.0,"[{'participantId': 1, 'player': {'platformId': 'KR', 'accountId': 'lACqORcGMFvPpSbUU_InuBfKTPFvQPKCO2YV7GT7vsmh7mk', 'summonerName': 'DWG ShowMaker', 'summonerId': 'DdYxfRcDAzbZKkkmdLH6izLhRwdjEFujj3ix7NgRHMP2kKg', 'currentPlatformId': 'KR', 'currentAccountId': 'lACqORcGMFvPpSbUU_InuBfKTPFvQPKCO2YV7GT7vsmh7mk', 'matchHistoryUri': '/v1/stats/player_history/KR/207100227', 'profileIcon': 3958}}, {'participantId': 2, 'player': {'platformId': 'KR', 'accountId': 'IIWG7FRiqE8CuZaCslKkNxkglwpgnePPxDslb2tv66FKrgo', 'summonerName': 'Youtube Thal', 'summonerId': '8Cx100isJ6RMMeOmUX_-Wg0CESabVTYk-e8P8Ijj3zuIiB4', 'currentPlatformId': 'KR', 'currentAccountId': 'IIWG7FRiqE8CuZaCslKkNxkglwpgnePPxDslb2tv66FKrgo', 'matchHistoryUri': '/v1/stats/player_history/KR/201236882', 'profileIcon': 4090}}, {'participantId': 3, 'player': {'platformId': 'KR', 'accountId': '4CCqK4ETs84odzk4YfwSrCur00DZSrN_hza0MuNxd2BK-KAeFhoCfiQO', 'summonerName': 'xunxunxun', 'summonerId': '2FWyywydLyjj2CpqS1Ct-WLjg0bpW3UqmgwFIuQcEqon_QM', 'currentPlatformId': 'KR', 'currentAccountId': '4CCqK4ETs84odzk4YfwSrCur00DZSrN_hza0MuNxd2BK-KAeFhoCfiQO', 'matchHistoryUri': '/v1/stats/player_history/KR/2270779299581728', 'profileIcon': 4379}}, {'participantId': 4, 'player': {'platformId': 'KR', 'accountId': '7JKrpNmHAW6w9y28naNUOR9RSFo08TOR0g7BkjGY945jvao', 'summonerName': '곽김보태성민광희', 'summonerId': 'AmzUl0S9tzG8zmeDS3yftE7Ex_2tFG09g3Vj7bPAEDCDMAM', 'currentPlatformId': 'KR', 'currentAccountId': '7JKrpNmHAW6w9y28naNUOR9RSFo08TOR0g7BkjGY945jvao', 'matchHistoryUri': '/v1/stats/player_history/KR/207884486', 'profileIcon': 4227}}, {'participantId': 5, 'player': {'platformId': 'KR', 'accountId': 'ImPwfj9Gb0tPHcMMnjVc6w44AedoxngtlVZJiqLqOKBRVP8neMBoEYHa', 'summonerName': '살 려 주세요come', 'summonerId': 'n_2q6lxDY6zivMxIy1lJSyq7S7kV11RBpl29ccDzj20LMSI', 'currentPlatformId': 'KR', 'currentAccountId': 'ImPwfj9Gb0tPHcMMnjVc6w44AedoxngtlVZJiqLqOKBRVP8neMBoEYHa', 'matchHistoryUri': '/v1/stats/player_history/KR/2372727679749504', 'profileIcon': 3583}}, {'participantId': 6, 'player': {'platformId': 'KR', 'accountId': 'sOu8iyI-s7p-nAZDW9AcxUjayVEXfROd7jmZt-1mm1rA7uYnRYwGNDs6', 'summonerName': 'DWG Canyon', 'summonerId': 'QabEWqsoc9DWHc0_Nivgj_fAWVKLlPBCwchLDNEEQPCIOVs', 'currentPlatformId': 'KR', 'currentAccountId': 'sOu8iyI-s7p-nAZDW9AcxUjayVEXfROd7jmZt-1mm1rA7uYnRYwGNDs6', 'matchHistoryUri': '/v1/stats/player_history/KR/2020999003860160', 'profileIcon': 4249}}, {'participantId': 7, 'player': {'platformId': 'KR', 'accountId': '01fKKDfDTEV5v5hOuOEg6gMQw-LaZE90W0stwnGS6uRYLrE', 'summonerName': 'Gen G Ruler', 'summonerId': '55qN-1wEpKN43nR7p23_8kl-CYFLBo3rXaL259f_I8ZoJvc', 'currentPlatformId': 'KR', 'currentAccountId': '01fKKDfDTEV5v5hOuOEg6gMQw-LaZE90W0stwnGS6uRYLrE', 'matchHistoryUri': '/v1/stats/player_history/KR/206358340', 'profileIcon': 3587}}, {'participantId': 8, 'player': {'platformId': 'KR', 'accountId': 'ujC1qS-SPYT3ZceyiJSN9h-aSiXw5NkT53Z3-zluKwNxUno', 'summonerName': 'KKronG', 'summonerId': 'uxqQ3_Mmz77TH7tWdlNaSzstjVzBHzAcpPhccdCTDEVrDfw', 'currentPlatformId': 'KR', 'currentAccountId': 'ujC1qS-SPYT3ZceyiJSN9h-aSiXw5NkT53Z3-zluKwNxUno', 'matchHistoryUri': '/v1/stats/player_history/KR/205550787', 'profileIcon': 1439}}, {'participantId': 9, 'player': {'platformId': 'KR', 'accountId': 'VRz4fQAyDf_vFle88u9ikVssnEnBwIiZTn-7yovCZDXa', 'summonerName': 'Untara', 'summonerId': 'igfPf_EchCxVh_HmWMnYjwRXn0dm_861VpQ6MSVLX2dZQA', 'currentPlatformId': 'KR', 'currentAccountId': 'VRz4fQAyDf_vFle88u9ikVssnEnBwIiZTn-7yovCZDXa', 'matchHistoryUri': '/v1/stats/player_history/KR/4122399', 'profileIcon': 4}}, {'participantId': 10, 'player': {'platformId': 'KR', 'accountId': '1IeTiK_eUxVQ403DtauUh3bunZ-mWCTWSo4qEN6AF3eMn6jIiJIW7ojU', 'summonerName': '아름답고 슬픈 꽃', 'summonerId': 'z9y4ipNtXRAJWy8kxEbJTMLKNQYgjZnPLF5gLFk4yDqyHbA', 'currentPlatformId': 'KR', 'currentAccountId': '1IeTiK_eUxVQ403DtauUh3bunZ-mWCTWSo4qEN6AF3eMn6jIiJIW7ojU', 'matchHistoryUri': '/v1/stats/player_history/KR/2235520996978272', 'profileIcon': 3838}}]","[{'participantId': 1, 'teamId': 100, 'championId': 38, 'spell1Id': 12, 'spell2Id': 4, 'stats': {'participantId': 1, 'win': True, 'item0': 2031, 'item1': 3040, 'item2': 3157, 'item3': 3047, 'item4': 3027, 'item5': 0, 'item6': 3364, 'kills': 6, 'deaths': 2, 'assists': 10, 'largestKillingSpree': 5, 'largestMultiKill': 1, 'killingSprees': 1, 'longestTimeSpentLiving': 531, 'doubleKills': 0, 'tripleKills': 0, 'quadraKills': 0, 'pentaKills': 0, 'unrealKills': 0, 'totalDamageDealt': 134424, 'magicDamageDealt': 109555, 'physicalDamageDealt': 24869, 'trueDamageDealt': 0, 'largestCriticalStrike': 0, 'totalDamageDealtToChampions': 18488, 'magicDamageDealtToChampions': 17106, 'physicalDamageDealtToChampions': 1381, 'trueDamageDealtToChampions': 0, 'totalHeal': 7793, 'totalUnitsHealed': 1, 'damageSelfMitigated': 14641, 'damageDealtToObjectives': 8983, 'damageDealtToTurrets': 2863, 'visionScore': 22, 'timeCCingOthers': 21, 'totalDamageTaken': 24254, 'magicalDamageTaken': 6039, 'physicalDamageTaken': 15912, 'trueDamageTaken': 2302, 'goldEarned': 12214, 'goldSpent': 10750, 'turretKills': 1, 'inhibitorKills': 0, 'totalMinionsKilled': 204, 'neutralMinionsKilled': 16, 'neutralMinionsKilledTeamJungle': 12, 'neutralMinionsKilledEnemyJungle': 1, 'totalTimeCrowdControlDealt': 141, 'champLevel': 16, 'visionWardsBoughtInGame': 4, 'sightWardsBoughtInGame': 0, 'wardsPlaced': 7, 'wardsKilled': 4, 'firstBloodKill': False, 'firstBloodAssist': False, 'firstTowerKill': False, 'firstTowerAssist': False, 'firstInhibitorKill': False, 'firstInhibitorAssist': False, 'combatPlayerScore': 0, 'objectivePlayerScore': 0, 'totalPlayerScore': 0, 'totalScoreRank': 0, 'playerScore0': 0, 'playerScore1': 0, 'playerScore2': 0, 'playerScore3': 0, 'playerScore4': 0, 'playerScore5': 0, 'playerScore6': 0, 'playerScore7': 0, 'playerScore8': 0, 'playerScore9': 0, 'perk0': 8021, 'perk0Var1': 3895, 'perk0Var2': 0, 'perk0Var3': 0, 'perk1': 8009, 'perk1Var1': 7699, 'perk1Var2': 500, 'perk1Var3': 0, 'perk2': 9105, 'perk2Var1': 14, 'perk2Var2': 30, 'perk2Var3': 0, 'perk3': 8014, 'perk3Var1': 505, 'perk3Var2': 0, 'perk3Var3': 0, 'perk4': 8444, 'perk4Var1': 1464, 'perk4Var2': 0, 'perk4Var3': 0, 'perk5': 8451, 'perk5Var1': 204, 'perk5Var2': 0, 'perk5Var3': 0, 'perkPrimaryStyle': 8000, 'perkSubStyle': 8400, 'statPerk0': 5005, 'statPerk1': 5008, 'statPerk2': 5003}, 'timeline': {'participantId': 1, 'creepsPerMinDeltas': {'10-20': 7.8999999999999995, '0-10': 7.6}, 'xpPerMinDeltas': {'10-20': 499, '0-10': 466.7}, 'goldPerMinDeltas': {'10-20': 325.3, '0-10': 320.6}, 'damageTakenPerMinDeltas': {'10-20': 953.4, '0-10': 658.8}, 'role': 'DUO', 'lane': 'MIDDLE'}}, {'participantId': 2, 'teamId': 100, 'championId': 236, 'spell1Id': 4, 'spell2Id': 12, 'stats': {'participantId': 2, 'win': True, 'item0': 3028, 'item1': 3028, 'item2': 3028, 'item3': 3028, 'item4': 3028, 'item5': 3028, 'item6': 3363, 'kills': 7, 'deaths': 5, 'assists': 6, 'largestKillingSpree': 6, 'largestMultiKill': 1, 'killingSprees': 1, 'longestTimeSpentLiving': 914, 'doubleKills': 0, 'tripleKills': 0, 'quadraKills': 0, 'pentaKills': 0, 'unrealKills': 0, 'totalDamageDealt': 116644, 'magicDamageDealt': 5309, 'physicalDamageDealt': 108374, 'trueDamageDealt': 2960, 'largestCriticalStrike': 0, 'totalDamageDealtToChampions': 23766, 'magicDamageDealtToChampions': 1712, 'physicalDamageDealtToChampions': 22054, 'trueDamageDealtToChampions': 0, 'totalHeal': 996, 'totalUnitsHealed': 1, 'damageSelfMitigated': 8476, 'damageDealtToObjectives': 9015, 'damageDealtToTurrets': 4415, 'visionScore': 31, 'timeCCingOthers': 2, 'totalDamageTaken': 17260, 'magicalDamageTaken': 3880, 'physicalDamageTaken': 12608, 'trueDamageTaken': 771, 'goldEarned': 11667, 'goldSpent': 16300, 'turretKills': 2, 'inhibitorKills': 0, 'totalMinionsKilled': 192, 'neutralMinionsKilled': 2, 'neutralMinionsKilledTeamJungle': 0, 'neutralMinionsKilledEnemyJungle': 2, 'totalTimeCrowdControlDealt': 26, 'champLevel': 16, 'visionWardsBoughtInGame': 4, 'sightWardsBoughtInGame': 0, 'wardsPlaced': 13, 'wardsKilled': 5, 'firstBloodKill': False, 'firstBloodAssist': False, 'firstTowerKill': False, 'firstTowerAssist': False, 'firstInhibitorKill': False, 'firstInhibitorAssist': False, 'combatPlayerScore': 0, 'objectivePlayerScore': 0, 'totalPlayerScore': 0, 'totalScoreRank': 0, 'playerScore0': 0, 'playerScore1': 0, 'playerScore2': 0, 'playerScore3': 0, 'playerScore4': 0, 'playerScore5': 0, 'playerScore6': 0, 'playerScore7': 0, 'playerScore8': 0, 'playerScore9': 0, 'perk0': 8005, 'perk0Var1': 1785, 'perk0Var2': 1066, 'perk0Var3': 718, 'perk1': 8009, 'perk1Var1': 2546, 'perk1Var2': 500, 'perk1Var3': 0, 'perk2': 9104, 'perk2Var1': 15, 'perk2Var2': 50, 'perk2Var3': 0, 'perk3': 8014, 'perk3Var1': 578, 'perk3Var2': 0, 'perk3Var3': 0, 'perk4': 8226, 'perk4Var1': 250, 'perk4Var2': 591, 'perk4Var3': 0, 'perk5': 8210, 'perk5Var1': 0, 'perk5Var2': 0, 'perk5Var3': 0, 'perkPrimaryStyle': 8000, 'perkSubStyle': 8200, 'statPerk0': 5005, 'statPerk1': 5008, 'statPerk2': 5002}, 'timeline': {'participantId': 2, 'creepsPerMinDeltas': {'10-20': 9.8, '0-10': 7.4}, 'xpPerMinDeltas': {'10-20': 670.2, '0-10': 501.4}, 'goldPerMinDeltas': {'10-20': 491.4, '0-10': 312.70000000000005}, 'damageTakenPerMinDeltas': {'10-20': 470.4, '0-10': 369}, 'role': 'DUO', 'lane': 'MIDDLE'}}, {'participantId': 3, 'teamId': 100, 'championId': 245, 'spell1Id': 4, 'spell2Id': 11, 'stats': {'participantId': 3, 'win': True, 'item0': 1082, 'item1': 3152, 'item2': 1402, 'item3': 3020, 'item4': 3100, 'item5': 0, 'item6': 3364, 'kills': 7, 'deaths': 7, 'assists': 9, 'largestKillingSpree': 2, 'largestMultiKill': 1, 'killingSprees': 1, 'longestTimeSpentLiving': 306, 'doubleKills': 0, 'tripleKills': 0, 'quadraKills': 0, 'pentaKills': 0, 'unrealKills': 0, 'totalDamageDealt': 149822, 'magicDamageDealt': 111709, 'physicalDamageDealt': 26969, 'trueDamageDealt': 11143, 'largestCriticalStrike': 0, 'totalDamageDealtToChampions': 15328, 'magicDamageDealtToChampions': 12368, 'physicalDamageDealtToChampions': 1825, 'trueDamageDealtToChampions': 1133, 'totalHeal': 16423, 'totalUnitsHealed': 1, 'damageSelfMitigated': 18138, 'damageDealtToObjectives': 32128, 'damageDealtToTurrets': 2955, 'visionScore': 25, 'timeCCingOthers': 20, 'totalDamageTaken': 32396, 'magicalDamageTaken': 5462, 'physicalDamageTaken': 25029, 'trueDamageTaken': 1903, 'goldEarned': 10555, 'goldSpent': 9725, 'turretKills': 2, 'inhibitorKills': 1, 'totalMinionsKilled': 28, 'neutralMinionsKilled': 103, 'neutralMinionsKilledTeamJungle': 68, 'neutralMinionsKilledEnemyJungle': 12, 'totalTimeCrowdControlDealt': 318, 'champLevel': 15, 'visionWardsBoughtInGame': 3, 'sightWardsBoughtInGame': 0, 'wardsPlaced': 4, 'wardsKilled': 3, 'firstBloodKill': False, 'firstBloodAssist': False, 'firstTowerKill': False, 'firstTowerAssist': False, 'firstInhibitorKill': True, 'firstInhibitorAssist': False, 'combatPlayerScore': 0, 'objectivePlayerScore': 0, 'totalPlayerScore': 0, 'totalScoreRank': 0, 'playerScore0': 0, 'playerScore1': 0, 'playerScore2': 0, 'playerScore3': 0, 'playerScore4': 0, 'playerScore5': 0, 'playerScore6': 0, 'playerScore7': 0, 'playerScore8': 0, 'playerScore9': 0, 'perk0': 8128, 'perk0Var1': 967, 'perk0Var2': 14, 'perk0Var3': 504, 'perk1': 8143, 'perk1Var1': 535, 'perk1Var2': 0, 'perk1Var3': 0, 'perk2': 8138, 'perk2Var1': 30, 'perk2Var2': 0, 'perk2Var3': 0, 'perk3': 8135, 'perk3Var1': 7330, 'perk3Var2': 5, 'perk3Var3': 0, 'perk4': 8304, 'perk4Var1': 8, 'perk4Var2': 1, 'perk4Var3': 5, 'perk5': 8347, 'perk5Var1': 0, 'perk5Var2': 0, 'perk5Var3': 0, 'perkPrimaryStyle': 8100, 'perkSubStyle': 8300, 'statPerk0': 5005, 'statPerk1': 5008, 'statPerk2': 5002}, 'timeline': {'participantId': 3, 'creepsPerMinDeltas': {'10-20': 0.6, '0-10': 1.2000000000000002}, 'xpPerMinDeltas': {'10-20': 441.9, '0-10': 363.9}, 'goldPerMinDeltas': {'10-20': 381.6, '0-10': 316.7}, 'csDiffPerMinDeltas': {'10-20': 0.19999999999999998, '0-10': -0.4999999999999999}, 'xpDiffPerMinDeltas': {'10-20': 21.299999999999983, '0-10': -77.39999999999998}, 'damageTakenPerMinDeltas': {'10-20': 1330.2, '0-10': 670.3}, 'damageTakenDiffPerMinDeltas': {'10-20': 107.10000000000008, '0-10': 218.09999999999997}, 'role': 'NONE', 'lane': 'JUNGLE'}}, {'participantId': 4, 'teamId': 100, 'championId': 875, 'spell1Id': 14, 'spell2Id': 4, 'stats': {'participantId': 4, 'win': True, 'item0': 3857, 'item1': 3193, 'item2': 0, 'item3': 3211, 'item4': 3742, 'item5': 3009, 'item6': 3364, 'kills': 6, 'deaths': 6, 'assists': 17, 'largestKillingSpree': 3, 'largestMultiKill': 1, 'killingSprees': 1, 'longestTimeSpentLiving': 379, 'doubleKills': 0, 'tripleKills': 0, 'quadraKills': 0, 'pentaKills': 0, 'unrealKills': 0, 'totalDamageDealt': 48109, 'magicDamageDealt': 3187, 'physicalDamageDealt': 29707, 'trueDamageDealt': 15214, 'largestCriticalStrike': 0, 'totalDamageDealtToChampions': 13955, 'magicDamageDealtToChampions': 1134, 'physicalDamageDealtToChampions': 8245, 'trueDamageDealtToChampions': 4575, 'totalHeal': 1823, 'totalUnitsHealed': 1, 'damageSelfMitigated': 32436, 'damageDealtToObjectives': 6321, 'damageDealtToTurrets': 5024, 'visionScore': 65, 'timeCCingOthers': 34, 'totalDamageTaken': 24992, 'magicalDamageTaken': 4960, 'physicalDamageTaken': 16894, 'trueDamageTaken': 3137, 'goldEarned': 9675, 'goldSpent': 8360, 'turretKills': 1, 'inhibitorKills': 0, 'totalMinionsKilled': 40, 'neutralMinionsKilled': 0, 'neutralMinionsKilledTeamJungle': 0, 'neutralMinionsKilledEnemyJungle': 0, 'totalTimeCrowdControlDealt': 159, 'champLevel': 14, 'visionWardsBoughtInGame': 6, 'sightWardsBoughtInGame': 0, 'wardsPlaced': 25, 'wardsKilled': 10, 'firstBloodKill': True, 'firstBloodAssist': False, 'firstTowerKill': False, 'firstTowerAssist': False, 'firstInhibitorKill': False, 'firstInhibitorAssist': True, 'combatPlayerScore': 0, 'objectivePlayerScore': 0, 'totalPlayerScore': 0, 'totalScoreRank': 0, 'playerScore0': 0, 'playerScore1': 0, 'playerScore2': 0, 'playerScore3': 0, 'playerScore4': 0, 'playerScore5': 0, 'playerScore6': 0, 'playerScore7': 0, 'playerScore8': 0, 'playerScore9': 0, 'perk0': 8439, 'perk0Var1': 804, 'perk0Var2': 0, 'perk0Var3': 0, 'perk1': 8446, 'perk1Var1': 2043, 'perk1Var2': 0, 'perk1Var3': 0, 'perk2': 8473, 'perk2Var1': 542, 'perk2Var2': 0, 'perk2Var3': 0, 'perk3': 8451, 'perk3Var1': 190, 'perk3Var2': 0, 'perk3Var3': 0, 'perk4': 8304, 'perk4Var1': 9, 'perk4Var2': 0, 'perk4Var3': 0, 'perk5': 8352, 'perk5Var1': 215, 'perk5Var2': 1212, 'perk5Var3': 0, 'perkPrimaryStyle': 8400, 'perkSubStyle': 8300, 'statPerk0': 5005, 'statPerk1': 5008, 'statPerk2': 5002}, 'timeline': {'participantId': 4, 'creepsPerMinDeltas': {'10-20': 1.5, '0-10': 1}, 'xpPerMinDeltas': {'10-20': 347.9, '0-10': 267.8}, 'goldPerMinDeltas': {'10-20': 285.1, '0-10': 267.1}, 'csDiffPerMinDeltas': {'10-20': -0.7000000000000002, '0-10': -0.4500000000000002}, 'xpDiffPerMinDeltas': {'10-20': -20.899999999999977, '0-10': -31.799999999999983}, 'damageTakenPerMinDeltas': {'10-20': 958.5999999999999, '0-10': 547.5}, 'damageTakenDiffPerMinDeltas': {'10-20': 202.39999999999998, '0-10': 46.29999999999998}, 'role': 'DUO_SUPPORT', 'lane': 'BOTTOM'}}, {'participantId': 5, 'teamId': 100, 'championId': 429, 'spell1Id': 4, 'spell2Id': 7, 'stats': {'participantId': 5, 'win': True, 'item0': 3153, 'item1': 3072, 'item2': 3123, 'item3': 3006, 'item4': 3085, 'item5': 1031, 'item6': 3363, 'kills': 9, 'deaths': 2, 'assists': 14, 'largestKillingSpree': 7, 'largestMultiKill': 2, 'killingSprees': 1, 'longestTimeSpentLiving': 726, 'doubleKills': 1, 'tripleKills': 0, 'quadraKills': 0, 'pentaKills': 0, 'unrealKills': 0, 'totalDamageDealt': 190485, 'magicDamageDealt': 1438, 'physicalDamageDealt': 178400, 'trueDamageDealt': 10646, 'largestCriticalStrike': 537, 'totalDamageDealtToChampions': 23722, 'magicDamageDealtToChampions': 1163, 'physicalDamageDealtToChampions': 21773, 'trueDamageDealtToChampions': 785, 'totalHeal': 6269, 'totalUnitsHealed': 3, 'damageSelfMitigated': 14730, 'damageDealtToObjectives': 17749, 'damageDealtToTurrets': 7202, 'visionScore': 21, 'timeCCingOthers': 17, 'totalDamageTaken': 18043, 'magicalDamageTaken': 4037, 'physicalDamageTaken': 12450, 'trueDamageTaken': 1555, 'goldEarned': 15175, 'goldSpent': 13250, 'turretKills': 4, 'inhibitorKills': 0, 'totalMinionsKilled': 214, 'neutralMinionsKilled': 46, 'neutralMinionsKilledTeamJungle': 29, 'neutralMinionsKilledEnemyJungle': 4, 'totalTimeCrowdControlDealt': 370, 'champLevel': 16, 'visionWardsBoughtInGame': 2, 'sightWardsBoughtInGame': 0, 'wardsPlaced': 10, 'wardsKilled': 6, 'firstBloodKill': False, 'firstBloodAssist': False, 'firstTowerKill': False, 'firstTowerAssist': False, 'firstInhibitorKill': False, 'firstInhibitorAssist': True, 'combatPlayerScore': 0, 'objectivePlayerScore': 0, 'totalPlayerScore': 0, 'totalScoreRank': 0, 'playerScore0': 0, 'playerScore1': 0, 'playerScore2': 0, 'playerScore3': 0, 'playerScore4': 0, 'playerScore5': 0, 'playerScore6': 0, 'playerScore7': 0, 'playerScore8': 0, 'playerScore9': 0, 'perk0': 9923, 'perk0Var1': 67, 'perk0Var2': 85, 'perk0Var3': 0, 'perk1': 8139, 'perk1Var1': 879, 'perk1Var2': 0, 'perk1Var3': 0, 'perk2': 8138, 'perk2Var1': 18, 'perk2Var2': 0, 'perk2Var3': 0, 'perk3': 8135, 'perk3Var1': 2385, 'perk3Var2': 5, 'perk3Var3': 0, 'perk4': 9104, 'perk4Var1': 14, 'perk4Var2': 30, 'perk4Var3': 0, 'perk5': 8017, 'perk5Var1': 781, 'perk5Var2': 0, 'perk5Var3': 0, 'perkPrimaryStyle': 8100, 'perkSubStyle': 8000, 'statPerk0': 5005, 'statPerk1': 5008, 'statPerk2': 5002}, 'timeline': {'participantId': 5, 'creepsPerMinDeltas': {'10-20': 8.1, '0-10': 6.9}, 'xpPerMinDeltas': {'10-20': 532.3, '0-10': 283.3}, 'goldPerMinDeltas': {'10-20': 498.6, '0-10': 313.4}, 'csDiffPerMinDeltas': {'10-20': -0.7000000000000002, '0-10': -0.4500000000000002}, 'xpDiffPerMinDeltas': {'10-20': -20.899999999999977, '0-10': -31.799999999999983}, 'damageTakenPerMinDeltas': {'10-20': 665, '0-10': 278.3}, 'damageTakenDiffPerMinDeltas': {'10-20': 202.39999999999998, '0-10': 46.29999999999998}, 'role': 'DUO_CARRY', 'lane': 'BOTTOM'}}, {'participantId': 6, 'teamId': 200, 'championId': 421, 'spell1Id': 11, 'spell2Id': 4, 'stats': {'participantId': 6, 'win': False, 'item0': 2055, 'item1': 3052, 'item2': 3052, 'item3': 3052, 'item4': 1028, 'item5': 3111, 'item6': 3364, 'kills': 8, 'deaths': 6, 'assists': 4, 'largestKillingSpree': 4, 'largestMultiKill': 1, 'killingSprees': 1, 'longestTimeSpentLiving': 750, 'doubleKills': 0, 'tripleKills': 0, 'quadraKills': 0, 'pentaKills': 0, 'unrealKills': 0, 'totalDamageDealt': 121630, 'magicDamageDealt': 4551, 'physicalDamageDealt': 98202, 'trueDamageDealt': 18876, 'largestCriticalStrike': 0, 'totalDamageDealtToChampions': 17740, 'magicDamageDealtToChampions': 0, 'physicalDamageDealtToChampions': 11552, 'trueDamageDealtToChampions': 6187, 'totalHeal': 12209, 'totalUnitsHealed': 1, 'damageSelfMitigated': 20024, 'damageDealtToObjectives': 18161, 'damageDealtToTurrets': 1155, 'visionScore': 33, 'timeCCingOthers': 24, 'totalDamageTaken': 30259, 'magicalDamageTaken': 10164, 'physicalDamageTaken': 17978, 'trueDamageTaken': 2116, 'goldEarned': 11082, 'goldSpent': 20225, 'turretKills': 0, 'inhibitorKills': 0, 'totalMinionsKilled': 24, 'neutralMinionsKilled': 108, 'neutralMinionsKilledTeamJungle': 71, 'neutralMinionsKilledEnemyJungle': 0, 'totalTimeCrowdControlDealt': 282, 'champLevel': 13, 'visionWardsBoughtInGame': 6, 'sightWardsBoughtInGame': 0, 'wardsPlaced': 5, 'wardsKilled': 7, 'firstBloodKill': False, 'firstBloodAssist': False, 'firstTowerKill': False, 'firstTowerAssist': False, 'firstInhibitorKill': False, 'firstInhibitorAssist': False, 'combatPlayerScore': 0, 'objectivePlayerScore': 0, 'totalPlayerScore': 0, 'totalScoreRank': 0, 'playerScore0': 0, 'playerScore1': 0, 'playerScore2': 0, 'playerScore3': 0, 'playerScore4': 0, 'playerScore5': 0, 'playerScore6': 0, 'playerScore7': 0, 'playerScore8': 0, 'playerScore9': 0, 'perk0': 8010, 'perk0Var1': 576, 'perk0Var2': 0, 'perk0Var3': 0, 'perk1': 9111, 'perk1Var1': 834, 'perk1Var2': 240, 'perk1Var3': 0, 'perk2': 9104, 'perk2Var1': 11, 'perk2Var2': 50, 'perk2Var3': 0, 'perk3': 8299, 'perk3Var1': 386, 'perk3Var2': 0, 'perk3Var3': 0, 'perk4': 8275, 'perk4Var1': 20, 'perk4Var2': 0, 'perk4Var3': 0, 'perk5': 8232, 'perk5Var1': 5, 'perk5Var2': 10, 'perk5Var3': 0, 'perkPrimaryStyle': 8000, 'perkSubStyle': 8200, 'statPerk0': 5005, 'statPerk1': 5008, 'statPerk2': 5002}, 'timeline': {'participantId': 6, 'creepsPerMinDeltas': {'10-20': 0.4, '0-10': 1.7}, 'xpPerMinDeltas': {'10-20': 420.6, '0-10': 441.29999999999995}, 'goldPerMinDeltas': {'10-20': 446, '0-10': 350.2}, 'csDiffPerMinDeltas': {'10-20': -0.19999999999999998, '0-10': 0.4999999999999999}, 'xpDiffPerMinDeltas': {'10-20': -21.299999999999983, '0-10': 77.39999999999998}, 'damageTakenPerMinDeltas': {'10-20': 1223.1, '0-10': 452.2}, 'damageTakenDiffPerMinDeltas': {'10-20': -107.10000000000008, '0-10': -218.09999999999997}, 'role': 'NONE', 'lane': 'JUNGLE'}}, {'participantId': 7, 'teamId': 200, 'championId': 523, 'spell1Id': 4, 'spell2Id': 7, 'stats': {'participantId': 7, 'win': False, 'item0': 3140, 'item1': 3508, 'item2': 3085, 'item3': 1038, 'item4': 3006, 'item5': 1037, 'item6': 3363, 'kills': 6, 'deaths': 5, 'assists': 7, 'largestKillingSpree': 2, 'largestMultiKill': 1, 'killingSprees': 2, 'longestTimeSpentLiving': 1023, 'doubleKills': 0, 'tripleKills': 0, 'quadraKills': 0, 'pentaKills': 0, 'unrealKills': 0, 'totalDamageDealt': 142683, 'magicDamageDealt': 3215, 'physicalDamageDealt': 136842, 'trueDamageDealt': 2626, 'largestCriticalStrike': 549, 'totalDamageDealtToChampions': 31768, 'magicDamageDealtToChampions': 575, 'physicalDamageDealtToChampions': 30331, 'trueDamageDealtToChampions': 862, 'totalHeal': 2367, 'totalUnitsHealed': 3, 'damageSelfMitigated': 14550, 'damageDealtToObjectives': 5592, 'damageDealtToTurrets': 4016, 'visionScore': 31, 'timeCCingOthers': 22, 'totalDamageTaken': 17762, 'magicalDamageTaken': 4945, 'physicalDamageTaken': 11442, 'trueDamageTaken': 1374, 'goldEarned': 11784, 'goldSpent': 11875, 'turretKills': 1, 'inhibitorKills': 0, 'totalMinionsKilled': 210, 'neutralMinionsKilled': 26, 'neutralMinionsKilledTeamJungle': 18, 'neutralMinionsKilledEnemyJungle': 0, 'totalTimeCrowdControlDealt': 199, 'champLevel': 14, 'visionWardsBoughtInGame': 6, 'sightWardsBoughtInGame': 0, 'wardsPlaced': 11, 'wardsKilled': 5, 'firstBloodKill': False, 'firstBloodAssist': False, 'firstTowerKill': True, 'firstTowerAssist': False, 'firstInhibitorKill': False, 'firstInhibitorAssist': False, 'combatPlayerScore': 0, 'objectivePlayerScore': 0, 'totalPlayerScore': 0, 'totalScoreRank': 0, 'playerScore0': 0, 'playerScore1': 0, 'playerScore2': 0, 'playerScore3': 0, 'playerScore4': 0, 'playerScore5': 0, 'playerScore6': 0, 'playerScore7': 0, 'playerScore8': 0, 'playerScore9': 0, 'perk0': 8010, 'perk0Var1': 608, 'perk0Var2': 0, 'perk0Var3': 0, 'perk1': 9101, 'perk1Var1': 3192, 'perk1Var2': 3653, 'perk1Var3': 0, 'perk2': 9103, 'perk2Var1': 21, 'perk2Var2': 0, 'perk2Var3': 0, 'perk3': 8017, 'perk3Var1': 2003, 'perk3Var2': 0, 'perk3Var3': 0, 'perk4': 8275, 'perk4Var1': 10, 'perk4Var2': 0, 'perk4Var3': 0, 'perk5': 8236, 'perk5Var1': 14, 'perk5Var2': 0, 'perk5Var3': 0, 'perkPrimaryStyle': 8000, 'perkSubStyle': 8200, 'statPerk0': 5005, 'statPerk1': 5008, 'statPerk2': 5002}, 'timeline': {'participantId': 7, 'creepsPerMinDeltas': {'10-20': 9.5, '0-10': 7.9}, 'xpPerMinDeltas': {'10-20': 558.3, '0-10': 332}, 'goldPerMinDeltas': {'10-20': 508.5, '0-10': 319.6}, 'csDiffPerMinDeltas': {'10-20': 0.7000000000000002, '0-10': 0.4500000000000002}, 'xpDiffPerMinDeltas': {'10-20': 20.899999999999977, '0-10': 31.799999999999983}, 'damageTakenPerMinDeltas': {'10-20': 590.8, '0-10': 282.9}, 'damageTakenDiffPerMinDeltas': {'10-20': -202.39999999999998, '0-10': -46.29999999999998}, 'role': 'DUO_CARRY', 'lane': 'BOTTOM'}}, {'participantId': 8, 'teamId': 200, 'championId': 112, 'spell1Id': 12, 'spell2Id': 4, 'stats': {'participantId': 8, 'win': False, 'item0': 2033, 'item1': 3198, 'item2': 3100, 'item3': 2055, 'item4': 1052, 'item5': 2422, 'item6': 3340, 'kills': 3, 'deaths': 8, 'assists': 3, 'largestKillingSpree': 0, 'largestMultiKill': 1, 'killingSprees': 0, 'longestTimeSpentLiving': 442, 'doubleKills': 0, 'tripleKills': 0, 'quadraKills': 0, 'pentaKills': 0, 'unrealKills': 0, 'totalDamageDealt': 93626, 'magicDamageDealt': 77395, 'physicalDamageDealt': 11326, 'trueDamageDealt': 4905, 'largestCriticalStrike': 0, 'totalDamageDealtToChampions': 14277, 'magicDamageDealtToChampions': 12719, 'physicalDamageDealtToChampions': 1368, 'trueDamageDealtToChampions': 190, 'totalHeal': 2085, 'totalUnitsHealed': 2, 'damageSelfMitigated': 12374, 'damageDealtToObjectives': 653, 'damageDealtToTurrets': 558, 'visionScore': 12, 'timeCCingOthers': 16, 'totalDamageTaken': 18269, 'magicalDamageTaken': 7388, 'physicalDamageTaken': 9794, 'trueDamageTaken': 1086, 'goldEarned': 8141, 'goldSpent': 7585, 'turretKills': 0, 'inhibitorKills': 0, 'totalMinionsKilled': 149, 'neutralMinionsKilled': 8, 'neutralMinionsKilledTeamJungle': 8, 'neutralMinionsKilledEnemyJungle': 0, 'totalTimeCrowdControlDealt': 301, 'champLevel': 13, 'visionWardsBoughtInGame': 6, 'sightWardsBoughtInGame': 0, 'wardsPlaced': 10, 'wardsKilled': 1, 'firstBloodKill': False, 'firstBloodAssist': False, 'firstTowerKill': False, 'firstTowerAssist': False, 'firstInhibitorKill': False, 'firstInhibitorAssist': False, 'combatPlayerScore': 0, 'objectivePlayerScore': 0, 'totalPlayerScore': 0, 'totalScoreRank': 0, 'playerScore0': 0, 'playerScore1': 0, 'playerScore2': 0, 'playerScore3': 0, 'playerScore4': 0, 'playerScore5': 0, 'playerScore6': 0, 'playerScore7': 0, 'playerScore8': 0, 'playerScore9': 0, 'perk0': 8360, 'perk0Var1': 14, 'perk0Var2': 0, 'perk0Var3': 0, 'perk1': 8304, 'perk1Var1': 12, 'perk1Var2': 0, 'perk1Var3': 0, 'perk2': 8345, 'perk2Var1': 3, 'perk2Var2': 0, 'perk2Var3': 0, 'perk3': 8352, 'perk3Var1': 281, 'perk3Var2': 1070, 'perk3Var3': 1117, 'perk4': 8210, 'perk4Var1': 0, 'perk4Var2': 0, 'perk4Var3': 0, 'perk5': 8275, 'perk5Var1': 14, 'perk5Var2': 0, 'perk5Var3': 0, 'perkPrimaryStyle': 8300, 'perkSubStyle': 8200, 'statPerk0': 5008, 'statPerk1': 5008, 'statPerk2': 5003}, 'timeline': {'participantId': 8, 'creepsPerMinDeltas': {'10-20': 4.6, '0-10': 6.9}, 'xpPerMinDeltas': {'10-20': 341.3, '0-10': 405.4}, 'goldPerMinDeltas': {'10-20': 300.4, '0-10': 226.89999999999998}, 'damageTakenPerMinDeltas': {'10-20': 411.20000000000005, '0-10': 376.90000000000003}, 'role': 'SOLO', 'lane': 'MIDDLE'}}, {'participantId': 9, 'teamId': 200, 'championId': 41, 'spell1Id': 4, 'spell2Id': 12, 'stats': {'participantId': 9, 'win': False, 'item0': 2033, 'item1': 3142, 'item2': 3047, 'item3': 3078, 'item4': 1055, 'item5': 0, 'item6': 3340, 'kills': 1, 'deaths': 8, 'assists': 4, 'largestKillingSpree': 0, 'largestMultiKill': 1, 'killingSprees': 0, 'longestTimeSpentLiving': 397, 'doubleKills': 0, 'tripleKills': 0, 'quadraKills': 0, 'pentaKills': 0, 'unrealKills': 0, 'totalDamageDealt': 120683, 'magicDamageDealt': 5312, 'physicalDamageDealt': 102220, 'trueDamageDealt': 13149, 'largestCriticalStrike': 0, 'totalDamageDealtToChampions': 10989, 'magicDamageDealtToChampions': 3732, 'physicalDamageDealtToChampions': 6008, 'trueDamageDealtToChampions': 1248, 'totalHeal': 5588, 'totalUnitsHealed': 1, 'damageSelfMitigated': 19154, 'damageDealtToObjectives': 5238, 'damageDealtToTurrets': 2411, 'visionScore': 21, 'timeCCingOthers': 7, 'totalDamageTaken': 27325, 'magicalDamageTaken': 5215, 'physicalDamageTaken': 21721, 'trueDamageTaken': 388, 'goldEarned': 9032, 'goldSpent': 8833, 'turretKills': 1, 'inhibitorKills': 0, 'totalMinionsKilled': 176, 'neutralMinionsKilled': 0, 'neutralMinionsKilledTeamJungle': 0, 'neutralMinionsKilledEnemyJungle': 0, 'totalTimeCrowdControlDealt': 215, 'champLevel': 14, 'visionWardsBoughtInGame': 2, 'sightWardsBoughtInGame': 0, 'wardsPlaced': 10, 'wardsKilled': 2, 'firstBloodKill': False, 'firstBloodAssist': False, 'firstTowerKill': False, 'firstTowerAssist': False, 'firstInhibitorKill': False, 'firstInhibitorAssist': False, 'combatPlayerScore': 0, 'objectivePlayerScore': 0, 'totalPlayerScore': 0, 'totalScoreRank': 0, 'playerScore0': 0, 'playerScore1': 0, 'playerScore2': 0, 'playerScore3': 0, 'playerScore4': 0, 'playerScore5': 0, 'playerScore6': 0, 'playerScore7': 0, 'playerScore8': 0, 'playerScore9': 0, 'perk0': 8437, 'perk0Var1': 786, 'perk0Var2': 545, 'perk0Var3': 0, 'perk1': 8446, 'perk1Var1': 553, 'perk1Var2': 0, 'perk1Var3': 0, 'perk2': 8444, 'perk2Var1': 860, 'perk2Var2': 0, 'perk2Var3': 0, 'perk3': 8451, 'perk3Var1': 171, 'perk3Var2': 0, 'perk3Var3': 0, 'perk4': 8345, 'perk4Var1': 3, 'perk4Var2': 0, 'perk4Var3': 0, 'perk5': 8352, 'perk5Var1': 322, 'perk5Var2': 1943, 'perk5Var3': 1130, 'perkPrimaryStyle': 8400, 'perkSubStyle': 8300, 'statPerk0': 5008, 'statPerk1': 5008, 'statPerk2': 5002}, 'timeline': {'participantId': 9, 'creepsPerMinDeltas': {'10-20': 7.6, '0-10': 5.699999999999999}, 'xpPerMinDeltas': {'10-20': 456.6, '0-10': 400.3}, 'goldPerMinDeltas': {'10-20': 324.6, '0-10': 238.2}, 'damageTakenPerMinDeltas': {'10-20': 1017.2, '0-10': 598.2}, 'role': 'SOLO', 'lane': 'TOP'}}, {'participantId': 10, 'teamId': 200, 'championId': 111, 'spell1Id': 14, 'spell2Id': 4, 'stats': {'participantId': 10, 'win': False, 'item0': 3193, 'item1': 2055, 'item2': 3109, 'item3': 3860, 'item4': 3047, 'item5': 0, 'item6': 3364, 'kills': 4, 'deaths': 8, 'assists': 14, 'largestKillingSpree': 2, 'largestMultiKill': 2, 'killingSprees': 1, 'longestTimeSpentLiving': 478, 'doubleKills': 1, 'tripleKills': 0, 'quadraKills': 0, 'pentaKills': 0, 'unrealKills': 0, 'totalDamageDealt': 23465, 'magicDamageDealt': 8443, 'physicalDamageDealt': 7178, 'trueDamageDealt': 7843, 'largestCriticalStrike': 0, 'totalDamageDealtToChampions': 9287, 'magicDamageDealtToChampions': 5280, 'physicalDamageDealtToChampions': 2825, 'trueDamageDealtToChampions': 1182, 'totalHeal': 1258, 'totalUnitsHealed': 5, 'damageSelfMitigated': 39052, 'damageDealtToObjectives': 392, 'damageDealtToTurrets': 195, 'visionScore': 46, 'timeCCingOthers': 74, 'totalDamageTaken': 20813, 'magicalDamageTaken': 7288, 'physicalDamageTaken': 11994, 'trueDamageTaken': 1529, 'goldEarned': 7938, 'goldSpent': 7800, 'turretKills': 1, 'inhibitorKills': 0, 'totalMinionsKilled': 28, 'neutralMinionsKilled': 0, 'neutralMinionsKilledTeamJungle': 0, 'neutralMinionsKilledEnemyJungle': 0, 'totalTimeCrowdControlDealt': 266, 'champLevel': 13, 'visionWardsBoughtInGame': 10, 'sightWardsBoughtInGame': 0, 'wardsPlaced': 25, 'wardsKilled': 6, 'firstBloodKill': False, 'firstBloodAssist': False, 'firstTowerKill': False, 'firstTowerAssist': True, 'firstInhibitorKill': False, 'firstInhibitorAssist': False, 'combatPlayerScore': 0, 'objectivePlayerScore': 0, 'totalPlayerScore': 0, 'totalScoreRank': 0, 'playerScore0': 0, 'playerScore1': 0, 'playerScore2': 0, 'playerScore3': 0, 'playerScore4': 0, 'playerScore5': 0, 'playerScore6': 0, 'playerScore7': 0, 'playerScore8': 0, 'playerScore9': 0, 'perk0': 8439, 'perk0Var1': 1010, 'perk0Var2': 0, 'perk0Var3': 0, 'perk1': 8463, 'perk1Var1': 1899, 'perk1Var2': 0, 'perk1Var3': 0, 'perk2': 8473, 'perk2Var1': 785, 'perk2Var2': 0, 'perk2Var3': 0, 'perk3': 8451, 'perk3Var1': 146, 'perk3Var2': 0, 'perk3Var3': 0, 'perk4': 8313, 'perk4Var1': 0, 'perk4Var2': 0, 'perk4Var3': 0, 'perk5': 8316, 'perk5Var1': 216, 'perk5Var2': 0, 'perk5Var3': 0, 'perkPrimaryStyle': 8400, 'perkSubStyle': 8300, 'statPerk0': 5005, 'statPerk1': 5002, 'statPerk2': 5002}, 'timeline': {'participantId': 10, 'creepsPerMinDeltas': {'10-20': 1.5, '0-10': 0.9}, 'xpPerMinDeltas': {'10-20': 363.70000000000005, '0-10': 282.7}, 'goldPerMinDeltas': {'10-20': 286.4, '0-10': 286.3}, 'csDiffPerMinDeltas': {'10-20': 0.7000000000000002, '0-10': 0.4500000000000002}, 'xpDiffPerMinDeltas': {'10-20': 20.899999999999977, '0-10': 31.799999999999983}, 'damageTakenPerMinDeltas': {'10-20': 628, '0-10': 450.29999999999995}, 'damageTakenDiffPerMinDeltas': {'10-20': -202.39999999999998, '0-10': -46.29999999999998}, 'role': 'DUO_SUPPORT', 'lane': 'BOTTOM'}}]",KR,420.0,13.0,,
15,1584367692052.0,1692.0,4222632382.0,CLASSIC,MATCHED_GAME,10.5.312.392,11.0,"[{'participantId': 1, 'player': {'platformId': 'KR', 'accountId': 'BB_S21KUEtgEFTusszVu05gcdvics5XlSSRJRbjzjAX_WTY', 'summonerName': 'T1 Gumayusi', 'summonerId': 'TaB2q-apc8gykUYksGmcqfe5bvrtKmvZEyKjwdfTrno3V5I', 'currentPlatformId': 'KR', 'currentAccountId': 'BB_S21KUEtgEFTusszVu05gcdvics5XlSSRJRbjzjAX_WTY', 'matchHistoryUri': '/v1/stats/player_history/KR/209284814', 'profileIcon': 7}}, {'participantId': 2, 'player': {'platformId': 'KR', 'accountId': 'JTPl-LVM05a-cd5mTYUd0dcmwBahqORrbGTr1aHtJu2ALKE', 'summonerName': 'Gen G Clid', 'summonerId': 'th78mli66hihVN8_bawLajrGalnASfmmYYtEZ-x62tm6vbc', 'currentPlatformId': 'KR', 'currentAccountId': 'JTPl-LVM05a-cd5mTYUd0dcmwBahqORrbGTr1aHtJu2ALKE', 'matchHistoryUri': '/v1/stats/player_history/KR/203870735', 'profileIcon': 4025}}, {'participantId': 3, 'player': {'platformId': 'KR', 'accountId': 'wForXj0ZdmDqRLWOXv5ZjHuIAI5oChckdNVf4g4D6jQdlTI', 'summonerName': 'FA DoRun', 'summonerId': 'fmVcUK7B4FpTyu7oWcmNJGFYInvWQR0SNbE3zeaO3hA7Bmk', 'currentPlatformId': 'KR', 'currentAccountId': 'wForXj0ZdmDqRLWOXv5ZjHuIAI5oChckdNVf4g4D6jQdlTI', 'matchHistoryUri': '/v1/stats/player_history/KR/209298024', 'profileIcon': 3879}}, {'participantId': 4, 'player': {'platformId': 'KR', 'accountId': '5Dvgksqt4j2ntqiMGDFs0tMlJVmJWsvpaGUd3x71nKZitFE', 'summonerName': 'Gen G gyuvee', 'summonerId': 'VFDeeiuBg1EQn37k23zI0zMqfUuzYoVbf8y5f4ffJOLOY1w', 'currentPlatformId': 'KR', 'currentAccountId': '5Dvgksqt4j2ntqiMGDFs0tMlJVmJWsvpaGUd3x71nKZitFE', 'matchHistoryUri': '/v1/stats/player_history/KR/203157184', 'profileIcon': 3840}}, {'participantId': 5, 'player': {'platformId': 'KR', 'accountId': '01fKKDfDTEV5v5hOuOEg6gMQw-LaZE90W0stwnGS6uRYLrE', 'summonerName': 'Gen G Ruler', 'summonerId': '55qN-1wEpKN43nR7p23_8kl-CYFLBo3rXaL259f_I8ZoJvc', 'currentPlatformId': 'KR', 'currentAccountId': '01fKKDfDTEV5v5hOuOEg6gMQw-LaZE90W0stwnGS6uRYLrE', 'matchHistoryUri': '/v1/stats/player_history/KR/206358340', 'profileIcon': 3587}}, {'participantId': 6, 'player': {'platformId': 'KR', 'accountId': 'IIWG7FRiqE8CuZaCslKkNxkglwpgnePPxDslb2tv66FKrgo', 'summonerName': 'Youtube Thal', 'summonerId': '8Cx100isJ6RMMeOmUX_-Wg0CESabVTYk-e8P8Ijj3zuIiB4', 'currentPlatformId': 'KR', 'currentAccountId': 'IIWG7FRiqE8CuZaCslKkNxkglwpgnePPxDslb2tv66FKrgo', 'matchHistoryUri': '/v1/stats/player_history/KR/201236882', 'profileIcon': 4090}}, {'participantId': 7, 'player': {'platformId': 'KR', 'accountId': 'LhCH2yaixm5FZ6dHybuexqHNckeV0RQh4-W3pB8vJP2_', 'summonerName': '쪼렙이다말로하자', 'summonerId': 'YTMZt7CQ7cHXiADp1ZtI1GjNHdAE_HQbbSxxq_gllWinqQ', 'currentPlatformId': 'KR', 'currentAccountId': 'LhCH2yaixm5FZ6dHybuexqHNckeV0RQh4-W3pB8vJP2_', 'matchHistoryUri': '/v1/stats/player_history/KR/2725181', 'profileIcon': 3019}}, {'participantId': 8, 'player': {'platformId': 'KR', 'accountId': 'C5kaawNjDdMLodFtogGCPSkSKElEs39imb80iTvjfWWfy9k', 'summonerName': '불질러', 'summonerId': 'exNXyACl33qZjrQ5F9jsvojM3AHK8BhYFGmOtdCPM3IDBG4', 'currentPlatformId': 'KR', 'currentAccountId': 'C5kaawNjDdMLodFtogGCPSkSKElEs39imb80iTvjfWWfy9k', 'matchHistoryUri': '/v1/stats/player_history/KR/207078123', 'profileIcon': 1458}}, {'participantId': 9, 'player': {'platformId': 'KR', 'accountId': 'tdPV9B3PVFP8G6gnAIJ2lCdZSXjgWgxOZFabXNxcdh00RVyPlipuiUAI', 'summonerName': '몰래키운아이디', 'summonerId': 'wojZI52wk3Uc7-Vqq9jpeRxo7jtb26MwQC7p_H0Db4_rQ2w', 'currentPlatformId': 'KR', 'currentAccountId': 'tdPV9B3PVFP8G6gnAIJ2lCdZSXjgWgxOZFabXNxcdh00RVyPlipuiUAI', 'matchHistoryUri': '/v1/stats/player_history/KR/2082612842868032', 'profileIcon': 6}}, {'participantId': 10, 'player': {'platformId': 'KR', 'accountId': 'e08jybn3DcAPjF0dMTWXjZCYd6TZSW4OrpQ5DNMaHp4vDKo', 'summonerName': '골목대장 태훈이', 'summonerId': '6MdVwNCqz5Eo2jfR1jREB5BC82WCAUERWSMmehmTT9REJVI', 'currentPlatformId': 'KR', 'currentAccountId': 'e08jybn3DcAPjF0dMTWXjZCYd6TZSW4OrpQ5DNMaHp4vDKo', 'matchHistoryUri': '/v1/stats/player_history/KR/207440298', 'profileIcon': 4249}}]","[{'participantId': 1, 'teamId': 100, 'championId': 236, 'spell1Id': 1, 'spell2Id': 4, 'stats': {'participantId': 1, 'win': False, 'item0': 3508, 'item1': 1037, 'item2': 3153, 'item3': 2055, 'item4': 3047, 'item5': 1055, 'item6': 3363, 'kills': 3, 'deaths': 9, 'assists': 4, 'largestKillingSpree': 0, 'largestMultiKill': 1, 'killingSprees': 0, 'longestTimeSpentLiving': 402, 'doubleKills': 0, 'tripleKills': 0, 'quadraKills': 0, 'pentaKills': 0, 'unrealKills': 0, 'totalDamageDealt': 110914, 'magicDamageDealt': 4559, 'physicalDamageDealt': 106355, 'trueDamageDealt': 0, 'largestCriticalStrike': 435, 'totalDamageDealtToChampions': 12426, 'magicDamageDealtToChampions': 1097, 'physicalDamageDealtToChampions': 11329, 'trueDamageDealtToChampions': 0, 'totalHeal': 491, 'totalUnitsHealed': 1, 'damageSelfMitigated': 10829, 'damageDealtToObjectives': 2867, 'damageDealtToTurrets': 314, 'visionScore': 28, 'timeCCingOthers': 2, 'totalDamageTaken': 17216, 'magicalDamageTaken': 6454, 'physicalDamageTaken': 9970, 'trueDamageTaken': 790, 'goldEarned': 9877, 'goldSpent': 9500, 'turretKills': 0, 'inhibitorKills': 0, 'totalMinionsKilled': 195, 'neutralMinionsKilled': 13, 'neutralMinionsKilledTeamJungle': 9, 'neutralMinionsKilledEnemyJungle': 0, 'totalTimeCrowdControlDealt': 15, 'champLevel': 15, 'visionWardsBoughtInGame': 7, 'sightWardsBoughtInGame': 0, 'wardsPlaced': 14, 'wardsKilled': 6, 'firstBloodKill': False, 'firstBloodAssist': False, 'firstTowerKill': False, 'firstTowerAssist': False, 'firstInhibitorKill': False, 'firstInhibitorAssist': False, 'combatPlayerScore': 0, 'objectivePlayerScore': 0, 'totalPlayerScore': 0, 'totalScoreRank': 0, 'playerScore0': 0, 'playerScore1': 0, 'playerScore2': 0, 'playerScore3': 0, 'playerScore4': 0, 'playerScore5': 0, 'playerScore6': 0, 'playerScore7': 0, 'playerScore8': 0, 'playerScore9': 0, 'perk0': 8005, 'perk0Var1': 1085, 'perk0Var2': 570, 'perk0Var3': 514, 'perk1': 9101, 'perk1Var1': 3512, 'perk1Var2': 3089, 'perk1Var3': 0, 'perk2': 9104, 'perk2Var1': 21, 'perk2Var2': 0, 'perk2Var3': 0, 'perk3': 8014, 'perk3Var1': 160, 'perk3Var2': 0, 'perk3Var3': 0, 'perk4': 8304, 'perk4Var1': 11, 'perk4Var2': 1, 'perk4Var3': 5, 'perk5': 8345, 'perk5Var1': 3, 'perk5Var2': 0, 'perk5Var3': 0, 'perkPrimaryStyle': 8000, 'perkSubStyle': 8300, 'statPerk0': 5005, 'statPerk1': 5008, 'statPerk2': 5003}, 'timeline': {'participantId': 1, 'creepsPerMinDeltas': {'10-20': 9.3, '0-10': 6.3}, 'xpPerMinDeltas': {'10-20': 497.7, '0-10': 338.4}, 'goldPerMinDeltas': {'10-20': 380.70000000000005, '0-10': 230.4}, 'csDiffPerMinDeltas': {'10-20': 2.8, '0-10': -1.7000000000000002}, 'xpDiffPerMinDeltas': {'10-20': 18.399999999999977, '0-10': -151.20000000000002}, 'damageTakenPerMinDeltas': {'10-20': 669.5999999999999, '0-10': 360}, 'damageTakenDiffPerMinDeltas': {'10-20': -42.00000000000006, '0-10': -38.30000000000001}, 'role': 'SOLO', 'lane': 'MIDDLE'}}, {'participantId': 2, 'teamId': 100, 'championId': 59, 'spell1Id': 11, 'spell2Id': 4, 'stats': {'participantId': 2, 'win': False, 'item0': 3067, 'item1': 3110, 'item2': 1413, 'item3': 3211, 'item4': 2424, 'item5': 3047, 'item6': 3364, 'kills': 5, 'deaths': 5, 'assists': 10, 'largestKillingSpree': 2, 'largestMultiKill': 1, 'killingSprees': 2, 'longestTimeSpentLiving': 810, 'doubleKills': 0, 'tripleKills': 0, 'quadraKills': 0, 'pentaKills': 0, 'unrealKills': 0, 'totalDamageDealt': 116977, 'magicDamageDealt': 41876, 'physicalDamageDealt': 71090, 'trueDamageDealt': 4010, 'largestCriticalStrike': 0, 'totalDamageDealtToChampions': 10687, 'magicDamageDealtToChampions': 1618, 'physicalDamageDealtToChampions': 7750, 'trueDamageDealtToChampions': 1318, 'totalHeal': 7588, 'totalUnitsHealed': 1, 'damageSelfMitigated': 28563, 'damageDealtToObjectives': 3651, 'damageDealtToTurrets': 0, 'visionScore': 34, 'timeCCingOthers': 20, 'totalDamageTaken': 27318, 'magicalDamageTaken': 9437, 'physicalDamageTaken': 15440, 'trueDamageTaken': 2440, 'goldEarned': 10407, 'goldSpent': 9050, 'turretKills': 0, 'inhibitorKills': 0, 'totalMinionsKilled': 26, 'neutralMinionsKilled': 110, 'neutralMinionsKilledTeamJungle': 85, 'neutralMinionsKilledEnemyJungle': 12, 'totalTimeCrowdControlDealt': 561, 'champLevel': 14, 'visionWardsBoughtInGame': 8, 'sightWardsBoughtInGame': 0, 'wardsPlaced': 7, 'wardsKilled': 10, 'firstBloodKill': False, 'firstBloodAssist': False, 'firstTowerKill': False, 'firstTowerAssist': False, 'firstInhibitorKill': False, 'firstInhibitorAssist': False, 'combatPlayerScore': 0, 'objectivePlayerScore': 0, 'totalPlayerScore': 0, 'totalScoreRank': 0, 'playerScore0': 0, 'playerScore1': 0, 'playerScore2': 0, 'playerScore3': 0, 'playerScore4': 0, 'playerScore5': 0, 'playerScore6': 0, 'playerScore7': 0, 'playerScore8': 0, 'playerScore9': 0, 'perk0': 8010, 'perk0Var1': 339, 'perk0Var2': 0, 'perk0Var3': 0, 'perk1': 9111, 'perk1Var1': 1546, 'perk1Var2': 300, 'perk1Var3': 0, 'perk2': 9105, 'perk2Var1': 16, 'perk2Var2': 0, 'perk2Var3': 0, 'perk3': 8014, 'perk3Var1': 237, 'perk3Var2': 0, 'perk3Var3': 0, 'perk4': 8313, 'perk4Var1': 0, 'perk4Var2': 0, 'perk4Var3': 0, 'perk5': 8347, 'perk5Var1': 0, 'perk5Var2': 0, 'perk5Var3': 0, 'perkPrimaryStyle': 8000, 'perkSubStyle': 8300, 'statPerk0': 5005, 'statPerk1': 5008, 'statPerk2': 5002}, 'timeline': {'participantId': 2, 'creepsPerMinDeltas': {'10-20': 1.2, '0-10': 0.6}, 'xpPerMinDeltas': {'10-20': 573.7, '0-10': 322.1}, 'goldPerMinDeltas': {'10-20': 442.1, '0-10': 288}, 'csDiffPerMinDeltas': {'10-20': 0.10000000000000003, '0-10': 0.09999999999999998}, 'xpDiffPerMinDeltas': {'10-20': -89.30000000000001, '0-10': 1.8999999999999773}, 'damageTakenPerMinDeltas': {'10-20': 1139.6, '0-10': 586}, 'damageTakenDiffPerMinDeltas': {'10-20': 17.299999999999955, '0-10': 61}, 'role': 'NONE', 'lane': 'JUNGLE'}}, {'participantId': 3, 'teamId': 100, 'championId': 82, 'spell1Id': 12, 'spell2Id': 4, 'stats': {'participantId': 3, 'win': False, 'item0': 3140, 'item1': 3152, 'item2': 2055, 'item3': 3047, 'item4': 3076, 'item5': 3115, 'item6': 3363, 'kills': 5, 'deaths': 3, 'assists': 6, 'largestKillingSpree': 4, 'largestMultiKill': 2, 'killingSprees': 1, 'longestTimeSpentLiving': 602, 'doubleKills': 1, 'tripleKills': 0, 'quadraKills': 0, 'pentaKills': 0, 'unrealKills': 0, 'totalDamageDealt': 114853, 'magicDamageDealt': 94787, 'physicalDamageDealt': 18165, 'trueDamageDealt': 1900, 'largestCriticalStrike': 11, 'totalDamageDealtToChampions': 15279, 'magicDamageDealtToChampions': 12636, 'physicalDamageDealtToChampions': 2446, 'trueDamageDealtToChampions': 196, 'totalHeal': 5294, 'totalUnitsHealed': 1, 'damageSelfMitigated': 19285, 'damageDealtToObjectives': 2130, 'damageDealtToTurrets': 1993, 'visionScore': 27, 'timeCCingOthers': 6, 'totalDamageTaken': 19388, 'magicalDamageTaken': 10121, 'physicalDamageTaken': 8619, 'trueDamageTaken': 647, 'goldEarned': 10643, 'goldSpent': 10000, 'turretKills': 0, 'inhibitorKills': 0, 'totalMinionsKilled': 188, 'neutralMinionsKilled': 8, 'neutralMinionsKilledTeamJungle': 4, 'neutralMinionsKilledEnemyJungle': 0, 'totalTimeCrowdControlDealt': 42, 'champLevel': 15, 'visionWardsBoughtInGame': 8, 'sightWardsBoughtInGame': 0, 'wardsPlaced': 15, 'wardsKilled': 1, 'firstBloodKill': False, 'firstBloodAssist': False, 'firstTowerKill': False, 'firstTowerAssist': False, 'firstInhibitorKill': False, 'firstInhibitorAssist': False, 'combatPlayerScore': 0, 'objectivePlayerScore': 0, 'totalPlayerScore': 0, 'totalScoreRank': 0, 'playerScore0': 0, 'playerScore1': 0, 'playerScore2': 0, 'playerScore3': 0, 'playerScore4': 0, 'playerScore5': 0, 'playerScore6': 0, 'playerScore7': 0, 'playerScore8': 0, 'playerScore9': 0, 'perk0': 8010, 'perk0Var1': 911, 'perk0Var2': 0, 'perk0Var3': 0, 'perk1': 9111, 'perk1Var1': 761, 'perk1Var2': 220, 'perk1Var3': 0, 'perk2': 9104, 'perk2Var1': 18, 'perk2Var2': 40, 'perk2Var3': 0, 'perk3': 8299, 'perk3Var1': 585, 'perk3Var2': 0, 'perk3Var3': 0, 'perk4': 8451, 'perk4Var1': 181, 'perk4Var2': 0, 'perk4Var3': 0, 'perk5': 8473, 'perk5Var1': 524, 'perk5Var2': 0, 'perk5Var3': 0, 'perkPrimaryStyle': 8000, 'perkSubStyle': 8400, 'statPerk0': 5008, 'statPerk1': 5008, 'statPerk2': 5002}, 'timeline': {'participantId': 3, 'creepsPerMinDeltas': {'10-20': 8.7, '0-10': 7.2}, 'xpPerMinDeltas': {'10-20': 641.2, '0-10': 444}, 'goldPerMinDeltas': {'10-20': 504.3, '0-10': 253.70000000000002}, 'csDiffPerMinDeltas': {'10-20': 1.1000000000000005, '0-10': -1.3999999999999995}, 'xpDiffPerMinDeltas': {'10-20': 106.19999999999999, '0-10': -9.5}, 'damageTakenPerMinDeltas': {'10-20': 545, '0-10': 268.6}, 'damageTakenDiffPerMinDeltas': {'10-20': 71.30000000000001, '0-10': -29.599999999999994}, 'role': 'SOLO', 'lane': 'TOP'}}, {'participantId': 4, 'teamId': 100, 'championId': 111, 'spell1Id': 4, 'spell2Id': 14, 'stats': {'participantId': 4, 'win': False, 'item0': 3193, 'item1': 2055, 'item2': 3857, 'item3': 3105, 'item4': 3117, 'item5': 1033, 'item6': 3364, 'kills': 1, 'deaths': 8, 'assists': 8, 'largestKillingSpree': 0, 'largestMultiKill': 1, 'killingSprees': 0, 'longestTimeSpentLiving': 538, 'doubleKills': 0, 'tripleKills': 0, 'quadraKills': 0, 'pentaKills': 0, 'unrealKills': 0, 'totalDamageDealt': 28410, 'magicDamageDealt': 10376, 'physicalDamageDealt': 8855, 'trueDamageDealt': 9178, 'largestCriticalStrike': 0, 'totalDamageDealtToChampions': 6301, 'magicDamageDealtToChampions': 3391, 'physicalDamageDealtToChampions': 2223, 'trueDamageDealtToChampions': 686, 'totalHeal': 478, 'totalUnitsHealed': 4, 'damageSelfMitigated': 24063, 'damageDealtToObjectives': 152, 'damageDealtToTurrets': 152, 'visionScore': 47, 'timeCCingOthers': 46, 'totalDamageTaken': 18818, 'magicalDamageTaken': 6890, 'physicalDamageTaken': 10877, 'trueDamageTaken': 1049, 'goldEarned': 6271, 'goldSpent': 6050, 'turretKills': 0, 'inhibitorKills': 0, 'totalMinionsKilled': 34, 'neutralMinionsKilled': 0, 'neutralMinionsKilledTeamJungle': 0, 'neutralMinionsKilledEnemyJungle': 0, 'totalTimeCrowdControlDealt': 262, 'champLevel': 12, 'visionWardsBoughtInGame': 8, 'sightWardsBoughtInGame': 0, 'wardsPlaced': 29, 'wardsKilled': 5, 'firstBloodKill': False, 'firstBloodAssist': False, 'firstTowerKill': False, 'firstTowerAssist': False, 'firstInhibitorKill': False, 'firstInhibitorAssist': False, 'combatPlayerScore': 0, 'objectivePlayerScore': 0, 'totalPlayerScore': 0, 'totalScoreRank': 0, 'playerScore0': 0, 'playerScore1': 0, 'playerScore2': 0, 'playerScore3': 0, 'playerScore4': 0, 'playerScore5': 0, 'playerScore6': 0, 'playerScore7': 0, 'playerScore8': 0, 'playerScore9': 0, 'perk0': 8439, 'perk0Var1': 374, 'perk0Var2': 0, 'perk0Var3': 0, 'perk1': 8463, 'perk1Var1': 1082, 'perk1Var2': 0, 'perk1Var3': 0, 'perk2': 8444, 'perk2Var1': 656, 'perk2Var2': 0, 'perk2Var3': 0, 'perk3': 8451, 'perk3Var1': 147, 'perk3Var2': 0, 'perk3Var3': 0, 'perk4': 8313, 'perk4Var1': 0, 'perk4Var2': 0, 'perk4Var3': 0, 'perk5': 8316, 'perk5Var1': 722, 'perk5Var2': 0, 'perk5Var3': 0, 'perkPrimaryStyle': 8400, 'perkSubStyle': 8300, 'statPerk0': 5005, 'statPerk1': 5008, 'statPerk2': 5002}, 'timeline': {'participantId': 4, 'creepsPerMinDeltas': {'10-20': 1.5, '0-10': 1.4}, 'xpPerMinDeltas': {'10-20': 229.1, '0-10': 289.8}, 'goldPerMinDeltas': {'10-20': 197.1, '0-10': 218.3}, 'csDiffPerMinDeltas': {'10-20': 0.3500000000000003, '0-10': 0.44999999999999996}, 'xpDiffPerMinDeltas': {'10-20': -17.900000000000006, '0-10': 41.19999999999999}, 'damageTakenPerMinDeltas': {'10-20': 626.2, '0-10': 332.6}, 'damageTakenDiffPerMinDeltas': {'10-20': -32.94999999999996, '0-10': -6}, 'role': 'DUO_SUPPORT', 'lane': 'BOTTOM'}}, {'participantId': 5, 'teamId': 100, 'championId': 523, 'spell1Id': 4, 'spell2Id': 7, 'stats': {'participantId': 5, 'win': False, 'item0': 3140, 'item1': 3031, 'item2': 3508, 'item3': 3085, 'item4': 3006, 'item5': 1055, 'item6': 3363, 'kills': 7, 'deaths': 7, 'assists': 7, 'largestKillingSpree': 3, 'largestMultiKill': 1, 'killingSprees': 1, 'longestTimeSpentLiving': 472, 'doubleKills': 0, 'tripleKills': 0, 'quadraKills': 0, 'pentaKills': 0, 'unrealKills': 0, 'totalDamageDealt': 175221, 'magicDamageDealt': 3925, 'physicalDamageDealt': 165998, 'trueDamageDealt': 5297, 'largestCriticalStrike': 642, 'totalDamageDealtToChampions': 28795, 'magicDamageDealtToChampions': 352, 'physicalDamageDealtToChampions': 28365, 'trueDamageDealtToChampions': 78, 'totalHeal': 2135, 'totalUnitsHealed': 2, 'damageSelfMitigated': 13553, 'damageDealtToObjectives': 5967, 'damageDealtToTurrets': 5148, 'visionScore': 23, 'timeCCingOthers': 8, 'totalDamageTaken': 17817, 'magicalDamageTaken': 3629, 'physicalDamageTaken': 12501, 'trueDamageTaken': 1685, 'goldEarned': 14205, 'goldSpent': 12825, 'turretKills': 3, 'inhibitorKills': 0, 'totalMinionsKilled': 226, 'neutralMinionsKilled': 18, 'neutralMinionsKilledTeamJungle': 12, 'neutralMinionsKilledEnemyJungle': 5, 'totalTimeCrowdControlDealt': 152, 'champLevel': 15, 'visionWardsBoughtInGame': 5, 'sightWardsBoughtInGame': 0, 'wardsPlaced': 13, 'wardsKilled': 8, 'firstBloodKill': False, 'firstBloodAssist': False, 'firstTowerKill': False, 'firstTowerAssist': False, 'firstInhibitorKill': False, 'firstInhibitorAssist': False, 'combatPlayerScore': 0, 'objectivePlayerScore': 0, 'totalPlayerScore': 0, 'totalScoreRank': 0, 'playerScore0': 0, 'playerScore1': 0, 'playerScore2': 0, 'playerScore3': 0, 'playerScore4': 0, 'playerScore5': 0, 'playerScore6': 0, 'playerScore7': 0, 'playerScore8': 0, 'playerScore9': 0, 'perk0': 8010, 'perk0Var1': 245, 'perk0Var2': 0, 'perk0Var3': 0, 'perk1': 9101, 'perk1Var1': 4010, 'perk1Var2': 3677, 'perk1Var3': 0, 'perk2': 9103, 'perk2Var1': 25, 'perk2Var2': 10, 'perk2Var3': 0, 'perk3': 8017, 'perk3Var1': 1682, 'perk3Var2': 0, 'perk3Var3': 0, 'perk4': 8275, 'perk4Var1': 9, 'perk4Var2': 0, 'perk4Var3': 0, 'perk5': 8236, 'perk5Var1': 14, 'perk5Var2': 0, 'perk5Var3': 0, 'perkPrimaryStyle': 8000, 'perkSubStyle': 8200, 'statPerk0': 5005, 'statPerk1': 5008, 'statPerk2': 5002}, 'timeline': {'participantId': 5, 'creepsPerMinDeltas': {'10-20': 8, '0-10': 6.9}, 'xpPerMinDeltas': {'10-20': 485.20000000000005, '0-10': 301.5}, 'goldPerMinDeltas': {'10-20': 461.2, '0-10': 336.20000000000005}, 'csDiffPerMinDeltas': {'10-20': 0.3500000000000003, '0-10': 0.44999999999999996}, 'xpDiffPerMinDeltas': {'10-20': -17.900000000000006, '0-10': 41.19999999999999}, 'damageTakenPerMinDeltas': {'10-20': 541.6, '0-10': 419.6}, 'damageTakenDiffPerMinDeltas': {'10-20': -32.94999999999996, '0-10': -6}, 'role': 'DUO_CARRY', 'lane': 'BOTTOM'}}, {'participantId': 6, 'teamId': 200, 'championId': 39, 'spell1Id': 4, 'spell2Id': 12, 'stats': {'participantId': 6, 'win': True, 'item0': 3153, 'item1': 2421, 'item2': 1031, 'item3': 3091, 'item4': 3071, 'item5': 3047, 'item6': 3364, 'kills': 7, 'deaths': 4, 'assists': 4, 'largestKillingSpree': 3, 'largestMultiKill': 2, 'killingSprees': 2, 'longestTimeSpentLiving': 679, 'doubleKills': 2, 'tripleKills': 0, 'quadraKills': 0, 'pentaKills': 0, 'unrealKills': 0, 'totalDamageDealt': 145758, 'magicDamageDealt': 24108, 'physicalDamageDealt': 114686, 'trueDamageDealt': 6963, 'largestCriticalStrike': 0, 'totalDamageDealtToChampions': 15156, 'magicDamageDealtToChampions': 5500, 'physicalDamageDealtToChampions': 9333, 'trueDamageDealtToChampions': 322, 'totalHeal': 5379, 'totalUnitsHealed': 1, 'damageSelfMitigated': 16194, 'damageDealtToObjectives': 16699, 'damageDealtToTurrets': 3244, 'visionScore': 19, 'timeCCingOthers': 18, 'totalDamageTaken': 18684, 'magicalDamageTaken': 6438, 'physicalDamageTaken': 11659, 'trueDamageTaken': 587, 'goldEarned': 13062, 'goldSpent': 12325, 'turretKills': 2, 'inhibitorKills': 0, 'totalMinionsKilled': 209, 'neutralMinionsKilled': 17, 'neutralMinionsKilledTeamJungle': 5, 'neutralMinionsKilledEnemyJungle': 0, 'totalTimeCrowdControlDealt': 137, 'champLevel': 15, 'visionWardsBoughtInGame': 1, 'sightWardsBoughtInGame': 0, 'wardsPlaced': 5, 'wardsKilled': 4, 'firstBloodKill': False, 'firstBloodAssist': False, 'firstTowerKill': False, 'firstTowerAssist': False, 'firstInhibitorKill': False, 'firstInhibitorAssist': True, 'combatPlayerScore': 0, 'objectivePlayerScore': 0, 'totalPlayerScore': 0, 'totalScoreRank': 0, 'playerScore0': 0, 'playerScore1': 0, 'playerScore2': 0, 'playerScore3': 0, 'playerScore4': 0, 'playerScore5': 0, 'playerScore6': 1, 'playerScore7': 0, 'playerScore8': 0, 'playerScore9': 0, 'perk0': 8010, 'perk0Var1': 1549, 'perk0Var2': 0, 'perk0Var3': 0, 'perk1': 9111, 'perk1Var1': 752, 'perk1Var2': 220, 'perk1Var3': 0, 'perk2': 9103, 'perk2Var1': 25, 'perk2Var2': 30, 'perk2Var3': 0, 'perk3': 8299, 'perk3Var1': 368, 'perk3Var2': 0, 'perk3Var3': 0, 'perk4': 8345, 'perk4Var1': 3, 'perk4Var2': 0, 'perk4Var3': 0, 'perk5': 8352, 'perk5Var1': 193, 'perk5Var2': 862, 'perk5Var3': 672, 'perkPrimaryStyle': 8000, 'perkSubStyle': 8300, 'statPerk0': 5005, 'statPerk1': 5008, 'statPerk2': 5003}, 'timeline': {'participantId': 6, 'creepsPerMinDeltas': {'10-20': 7.6, '0-10': 8.6}, 'xpPerMinDeltas': {'10-20': 535, '0-10': 453.5}, 'goldPerMinDeltas': {'10-20': 519.5, '0-10': 302}, 'csDiffPerMinDeltas': {'10-20': -1.1000000000000005, '0-10': 1.3999999999999995}, 'xpDiffPerMinDeltas': {'10-20': -106.19999999999999, '0-10': 9.5}, 'damageTakenPerMinDeltas': {'10-20': 473.7, '0-10': 298.2}, 'damageTakenDiffPerMinDeltas': {'10-20': -71.30000000000001, '0-10': 29.599999999999994}, 'role': 'SOLO', 'lane': 'TOP'}}, {'participantId': 7, 'teamId': 200, 'championId': 142, 'spell1Id': 14, 'spell2Id': 4, 'stats': {'participantId': 7, 'win': True, 'item0': 3165, 'item1': 3285, 'item2': 3020, 'item3': 1082, 'item4': 3108, 'item5': 1058, 'item6': 3364, 'kills': 10, 'deaths': 4, 'assists': 8, 'largestKillingSpree': 4, 'largestMultiKill': 2, 'killingSprees': 3, 'longestTimeSpentLiving': 691, 'doubleKills': 1, 'tripleKills': 0, 'quadraKills': 0, 'pentaKills': 0, 'unrealKills': 0, 'totalDamageDealt': 156790, 'magicDamageDealt': 133561, 'physicalDamageDealt': 13733, 'trueDamageDealt': 9495, 'largestCriticalStrike': 121, 'totalDamageDealtToChampions': 28343, 'magicDamageDealtToChampions': 23063, 'physicalDamageDealtToChampions': 2111, 'trueDamageDealtToChampions': 3168, 'totalHeal': 6402, 'totalUnitsHealed': 2, 'damageSelfMitigated': 9755, 'damageDealtToObjectives': 9037, 'damageDealtToTurrets': 2588, 'visionScore': 23, 'timeCCingOthers': 41, 'totalDamageTaken': 19660, 'magicalDamageTaken': 4904, 'physicalDamageTaken': 14472, 'trueDamageTaken': 283, 'goldEarned': 13148, 'goldSpent': 10885, 'turretKills': 3, 'inhibitorKills': 0, 'totalMinionsKilled': 174, 'neutralMinionsKilled': 25, 'neutralMinionsKilledTeamJungle': 20, 'neutralMinionsKilledEnemyJungle': 1, 'totalTimeCrowdControlDealt': 173, 'champLevel': 15, 'visionWardsBoughtInGame': 2, 'sightWardsBoughtInGame': 0, 'wardsPlaced': 6, 'wardsKilled': 6, 'firstBloodKill': True, 'firstBloodAssist': False, 'firstTowerKill': True, 'firstTowerAssist': False, 'firstInhibitorKill': False, 'firstInhibitorAssist': False, 'combatPlayerScore': 0, 'objectivePlayerScore': 0, 'totalPlayerScore': 0, 'totalScoreRank': 0, 'playerScore0': 0, 'playerScore1': 0, 'playerScore2': 0, 'playerScore3': 0, 'playerScore4': 0, 'playerScore5': 0, 'playerScore6': 1, 'playerScore7': 0, 'playerScore8': 0, 'playerScore9': 0, 'perk0': 8112, 'perk0Var1': 1535, 'perk0Var2': 0, 'perk0Var3': 0, 'perk1': 8139, 'perk1Var1': 1394, 'perk1Var2': 0, 'perk1Var3': 0, 'perk2': 8138, 'perk2Var1': 30, 'perk2Var2': 0, 'perk2Var3': 0, 'perk3': 8135, 'perk3Var1': 3182, 'perk3Var2': 5, 'perk3Var3': 0, 'perk4': 8345, 'perk4Var1': 3, 'perk4Var2': 0, 'perk4Var3': 0, 'perk5': 8352, 'perk5Var1': 192, 'perk5Var2': 1015, 'perk5Var3': 622, 'perkPrimaryStyle': 8100, 'perkSubStyle': 8300, 'statPerk0': 5008, 'statPerk1': 5008, 'statPerk2': 5002}, 'timeline': {'participantId': 7, 'creepsPerMinDeltas': {'10-20': 6.5, '0-10': 8}, 'xpPerMinDeltas': {'10-20': 479.3, '0-10': 489.6}, 'goldPerMinDeltas': {'10-20': 503.7, '0-10': 392.70000000000005}, 'csDiffPerMinDeltas': {'10-20': -2.8, '0-10': 1.7000000000000002}, 'xpDiffPerMinDeltas': {'10-20': -18.399999999999977, '0-10': 151.20000000000002}, 'damageTakenPerMinDeltas': {'10-20': 711.6, '0-10': 398.3}, 'damageTakenDiffPerMinDeltas': {'10-20': 42.00000000000006, '0-10': 38.30000000000001}, 'role': 'SOLO', 'lane': 'MIDDLE'}}, {'participantId': 8, 'teamId': 200, 'championId': 64, 'spell1Id': 11, 'spell2Id': 4, 'stats': {'participantId': 8, 'win': True, 'item0': 2420, 'item1': 3053, 'item2': 1031, 'item3': 3071, 'item4': 3047, 'item5': 1400, 'item6': 3340, 'kills': 7, 'deaths': 2, 'assists': 16, 'largestKillingSpree': 3, 'largestMultiKill': 1, 'killingSprees': 3, 'longestTimeSpentLiving': 668, 'doubleKills': 0, 'tripleKills': 0, 'quadraKills': 0, 'pentaKills': 0, 'unrealKills': 0, 'totalDamageDealt': 158802, 'magicDamageDealt': 23091, 'physicalDamageDealt': 122742, 'trueDamageDealt': 12968, 'largestCriticalStrike': 0, 'totalDamageDealtToChampions': 14882, 'magicDamageDealtToChampions': 1677, 'physicalDamageDealtToChampions': 12133, 'trueDamageDealtToChampions': 1070, 'totalHeal': 9017, 'totalUnitsHealed': 1, 'damageSelfMitigated': 33624, 'damageDealtToObjectives': 34301, 'damageDealtToTurrets': 1133, 'visionScore': 43, 'timeCCingOthers': 20, 'totalDamageTaken': 27960, 'magicalDamageTaken': 6563, 'physicalDamageTaken': 20906, 'trueDamageTaken': 490, 'goldEarned': 12774, 'goldSpent': 11825, 'turretKills': 0, 'inhibitorKills': 1, 'totalMinionsKilled': 27, 'neutralMinionsKilled': 147, 'neutralMinionsKilledTeamJungle': 73, 'neutralMinionsKilledEnemyJungle': 31, 'totalTimeCrowdControlDealt': 390, 'champLevel': 16, 'visionWardsBoughtInGame': 8, 'sightWardsBoughtInGame': 0, 'wardsPlaced': 16, 'wardsKilled': 11, 'firstBloodKill': False, 'firstBloodAssist': False, 'firstTowerKill': False, 'firstTowerAssist': True, 'firstInhibitorKill': True, 'firstInhibitorAssist': False, 'combatPlayerScore': 0, 'objectivePlayerScore': 0, 'totalPlayerScore': 0, 'totalScoreRank': 0, 'playerScore0': 0, 'playerScore1': 0, 'playerScore2': 0, 'playerScore3': 0, 'playerScore4': 0, 'playerScore5': 0, 'playerScore6': 1, 'playerScore7': 0, 'playerScore8': 0, 'playerScore9': 0, 'perk0': 8010, 'perk0Var1': 503, 'perk0Var2': 0, 'perk0Var3': 0, 'perk1': 9111, 'perk1Var1': 1723, 'perk1Var2': 460, 'perk1Var3': 0, 'perk2': 9105, 'perk2Var1': 10, 'perk2Var2': 10, 'perk2Var3': 0, 'perk3': 8299, 'perk3Var1': 426, 'perk3Var2': 0, 'perk3Var3': 0, 'perk4': 8304, 'perk4Var1': 9, 'perk4Var2': 4, 'perk4Var3': 5, 'perk5': 8347, 'perk5Var1': 0, 'perk5Var2': 0, 'perk5Var3': 0, 'perkPrimaryStyle': 8000, 'perkSubStyle': 8300, 'statPerk0': 5005, 'statPerk1': 5008, 'statPerk2': 5002}, 'timeline': {'participantId': 8, 'creepsPerMinDeltas': {'10-20': 1.1, '0-10': 0.5}, 'xpPerMinDeltas': {'10-20': 663, '0-10': 320.20000000000005}, 'goldPerMinDeltas': {'10-20': 542.2, '0-10': 274.7}, 'csDiffPerMinDeltas': {'10-20': -0.10000000000000003, '0-10': -0.09999999999999998}, 'xpDiffPerMinDeltas': {'10-20': 89.30000000000001, '0-10': -1.8999999999999773}, 'damageTakenPerMinDeltas': {'10-20': 1122.3, '0-10': 525}, 'damageTakenDiffPerMinDeltas': {'10-20': -17.299999999999955, '0-10': -61}, 'role': 'NONE', 'lane': 'JUNGLE'}}, {'participantId': 9, 'teamId': 200, 'championId': 25, 'spell1Id': 4, 'spell2Id': 14, 'stats': {'participantId': 9, 'win': True, 'item0': 3107, 'item1': 2055, 'item2': 3117, 'item3': 3860, 'item4': 2424, 'item5': 3191, 'item6': 3364, 'kills': 1, 'deaths': 5, 'assists': 22, 'largestKillingSpree': 0, 'largestMultiKill': 1, 'killingSprees': 0, 'longestTimeSpentLiving': 528, 'doubleKills': 0, 'tripleKills': 0, 'quadraKills': 0, 'pentaKills': 0, 'unrealKills': 0, 'totalDamageDealt': 21021, 'magicDamageDealt': 8079, 'physicalDamageDealt': 6820, 'trueDamageDealt': 6121, 'largestCriticalStrike': 0, 'totalDamageDealtToChampions': 6478, 'magicDamageDealtToChampions': 3955, 'physicalDamageDealtToChampions': 1131, 'trueDamageDealtToChampions': 1391, 'totalHeal': 4760, 'totalUnitsHealed': 6, 'damageSelfMitigated': 9467, 'damageDealtToObjectives': 2021, 'damageDealtToTurrets': 1741, 'visionScore': 59, 'timeCCingOthers': 38, 'totalDamageTaken': 13878, 'magicalDamageTaken': 3000, 'physicalDamageTaken': 10755, 'trueDamageTaken': 122, 'goldEarned': 7708, 'goldSpent': 5825, 'turretKills': 2, 'inhibitorKills': 0, 'totalMinionsKilled': 32, 'neutralMinionsKilled': 0, 'neutralMinionsKilledTeamJungle': 0, 'neutralMinionsKilledEnemyJungle': 0, 'totalTimeCrowdControlDealt': 53, 'champLevel': 13, 'visionWardsBoughtInGame': 15, 'sightWardsBoughtInGame': 0, 'wardsPlaced': 32, 'wardsKilled': 8, 'firstBloodKill': False, 'firstBloodAssist': False, 'firstTowerKill': False, 'firstTowerAssist': False, 'firstInhibitorKill': False, 'firstInhibitorAssist': True, 'combatPlayerScore': 0, 'objectivePlayerScore': 0, 'totalPlayerScore': 0, 'totalScoreRank': 0, 'playerScore0': 0, 'playerScore1': 0, 'playerScore2': 0, 'playerScore3': 0, 'playerScore4': 0, 'playerScore5': 0, 'playerScore6': 1, 'playerScore7': 0, 'playerScore8': 0, 'playerScore9': 0, 'perk0': 8465, 'perk0Var1': 2825, 'perk0Var2': 0, 'perk0Var3': 0, 'perk1': 8446, 'perk1Var1': 950, 'perk1Var2': 0, 'perk1Var3': 0, 'perk2': 8473, 'perk2Var1': 473, 'perk2Var2': 0, 'perk2Var3': 0, 'perk3': 8453, 'perk3Var1': 546, 'perk3Var2': 680, 'perk3Var3': 0, 'perk4': 8313, 'perk4Var1': 0, 'perk4Var2': 0, 'perk4Var3': 0, 'perk5': 8345, 'perk5Var1': 3, 'perk5Var2': 0, 'perk5Var3': 0, 'perkPrimaryStyle': 8400, 'perkSubStyle': 8300, 'statPerk0': 5008, 'statPerk1': 5008, 'statPerk2': 5002}, 'timeline': {'participantId': 9, 'creepsPerMinDeltas': {'10-20': 1.1, '0-10': 1.4}, 'xpPerMinDeltas': {'10-20': 298.8, '0-10': 239.3}, 'goldPerMinDeltas': {'10-20': 269.5, '0-10': 176.9}, 'csDiffPerMinDeltas': {'10-20': -0.3500000000000003, '0-10': -0.44999999999999996}, 'xpDiffPerMinDeltas': {'10-20': 17.900000000000006, '0-10': -41.19999999999999}, 'damageTakenPerMinDeltas': {'10-20': 685.8, '0-10': 261.8}, 'damageTakenDiffPerMinDeltas': {'10-20': 32.94999999999996, '0-10': 6}, 'role': 'DUO_SUPPORT', 'lane': 'BOTTOM'}}, {'participantId': 10, 'teamId': 200, 'championId': 21, 'spell1Id': 7, 'spell2Id': 4, 'stats': {'participantId': 10, 'win': True, 'item0': 2031, 'item1': 3031, 'item2': 3508, 'item3': 1055, 'item4': 3036, 'item5': 3006, 'item6': 3363, 'kills': 7, 'deaths': 6, 'assists': 9, 'largestKillingSpree': 4, 'largestMultiKill': 2, 'killingSprees': 1, 'longestTimeSpentLiving': 428, 'doubleKills': 1, 'tripleKills': 0, 'quadraKills': 0, 'pentaKills': 0, 'unrealKills': 0, 'totalDamageDealt': 139394, 'magicDamageDealt': 1920, 'physicalDamageDealt': 135928, 'trueDamageDealt': 1545, 'largestCriticalStrike': 914, 'totalDamageDealtToChampions': 18638, 'magicDamageDealtToChampions': 435, 'physicalDamageDealtToChampions': 17540, 'trueDamageDealtToChampions': 661, 'totalHeal': 1468, 'totalUnitsHealed': 3, 'damageSelfMitigated': 12455, 'damageDealtToObjectives': 12873, 'damageDealtToTurrets': 3329, 'visionScore': 33, 'timeCCingOthers': 9, 'totalDamageTaken': 16188, 'magicalDamageTaken': 1553, 'physicalDamageTaken': 13839, 'trueDamageTaken': 796, 'goldEarned': 11921, 'goldSpent': 11900, 'turretKills': 1, 'inhibitorKills': 0, 'totalMinionsKilled': 186, 'neutralMinionsKilled': 18, 'neutralMinionsKilledTeamJungle': 10, 'neutralMinionsKilledEnemyJungle': 4, 'totalTimeCrowdControlDealt': 119, 'champLevel': 15, 'visionWardsBoughtInGame': 2, 'sightWardsBoughtInGame': 0, 'wardsPlaced': 9, 'wardsKilled': 11, 'firstBloodKill': False, 'firstBloodAssist': False, 'firstTowerKill': False, 'firstTowerAssist': False, 'firstInhibitorKill': False, 'firstInhibitorAssist': True, 'combatPlayerScore': 0, 'objectivePlayerScore': 0, 'totalPlayerScore': 0, 'totalScoreRank': 0, 'playerScore0': 0, 'playerScore1': 0, 'playerScore2': 0, 'playerScore3': 0, 'playerScore4': 0, 'playerScore5': 0, 'playerScore6': 1, 'playerScore7': 0, 'playerScore8': 0, 'playerScore9': 0, 'perk0': 8005, 'perk0Var1': 1278, 'perk0Var2': 688, 'perk0Var3': 590, 'perk1': 9101, 'perk1Var1': 2443, 'perk1Var2': 3544, 'perk1Var3': 0, 'perk2': 9103, 'perk2Var1': 26, 'perk2Var2': 0, 'perk2Var3': 0, 'perk3': 8017, 'perk3Var1': 638, 'perk3Var2': 0, 'perk3Var3': 0, 'perk4': 8275, 'perk4Var1': 8, 'perk4Var2': 0, 'perk4Var3': 0, 'perk5': 8236, 'perk5Var1': 14, 'perk5Var2': 0, 'perk5Var3': 0, 'perkPrimaryStyle': 8000, 'perkSubStyle': 8200, 'statPerk0': 5005, 'statPerk1': 5008, 'statPerk2': 5002}, 'timeline': {'participantId': 10, 'creepsPerMinDeltas': {'10-20': 7.699999999999999, '0-10': 6}, 'xpPerMinDeltas': {'10-20': 451.29999999999995, '0-10': 269.6}, 'goldPerMinDeltas': {'10-20': 380.1, '0-10': 258}, 'csDiffPerMinDeltas': {'10-20': -0.3500000000000003, '0-10': -0.44999999999999996}, 'xpDiffPerMinDeltas': {'10-20': 17.900000000000006, '0-10': -41.19999999999999}, 'damageTakenPerMinDeltas': {'10-20': 547.9000000000001, '0-10': 502.4}, 'damageTakenDiffPerMinDeltas': {'10-20': 32.94999999999996, '0-10': 6}, 'role': 'DUO_CARRY', 'lane': 'BOTTOM'}}]",KR,420.0,13.0,,
16,1584263905336.0,1903.0,4219736584.0,CLASSIC,MATCHED_GAME,10.5.312.392,11.0,"[{'participantId': 1, 'player': {'platformId': 'KR', 'accountId': 'zPYeuzvvj0kyxwWoaXtyeXix4c-NigdTMqrb_3hIzMqfyyxc1FI5jiW7', 'summonerName': 'NBNGACBEXR', 'summonerId': 'YNTOwlHvfN5QQpAauj8BQj-TV8OAlFArA4QC2GC5I7ujJFo', 'currentPlatformId': 'KR', 'currentAccountId': 'zPYeuzvvj0kyxwWoaXtyeXix4c-NigdTMqrb_3hIzMqfyyxc1FI5jiW7', 'matchHistoryUri': '/v1/stats/player_history/KR/2372722016464288', 'profileIcon': 20}}, {'participantId': 2, 'player': {'platformId': 'KR', 'accountId': 'KNmREBogecbDn1f-0rIP_QjQXB0evxeua6Aj-d1zyAT5-g6PhvWy7bDu', 'summonerName': 'fabaju', 'summonerId': 'teXAKC_XJelr3rAIWQZJ5_fxna8W9fq0Qp3oG3rTaD8jDXw', 'currentPlatformId': 'KR', 'currentAccountId': 'KNmREBogecbDn1f-0rIP_QjQXB0evxeua6Aj-d1zyAT5-g6PhvWy7bDu', 'matchHistoryUri': '/v1/stats/player_history/KR/2372722115505344', 'profileIcon': 29}}, {'participantId': 3, 'player': {'platformId': 'KR', 'accountId': '8afKzmaa6J3JSpEsI2V446Blg02pqTblSN4Q8PoczCka', 'summonerName': '기도메타올라프', 'summonerId': 'FUSZuytOeVJdpLpTkKWNW-0pxoQuUONjjYvTJxbzlU-OaA', 'currentPlatformId': 'KR', 'currentAccountId': '8afKzmaa6J3JSpEsI2V446Blg02pqTblSN4Q8PoczCka', 'matchHistoryUri': '/v1/stats/player_history/KR/4994206', 'profileIcon': 577}}, {'participantId': 4, 'player': {'platformId': 'KR', 'accountId': 'nGoKoBwhRvZr81H-4TVcGJ6caqwQgJ5P33qYbUbE_1h9YHU', 'summonerName': 'SPG Jaguar', 'summonerId': 'sJF2uCrwgDpFH0yWKm51Uj9iJZpjTQVfhgOR0MwEaccF0rY', 'currentPlatformId': 'KR', 'currentAccountId': 'nGoKoBwhRvZr81H-4TVcGJ6caqwQgJ5P33qYbUbE_1h9YHU', 'matchHistoryUri': '/v1/stats/player_history/KR/203020098', 'profileIcon': 3608}}, {'participantId': 5, 'player': {'platformId': 'KR', 'accountId': 'K81BH-YaxpRjP5e9YIRcSvydwzCneaxr010YgrSMUfN5-jU', 'summonerName': '호잇이', 'summonerId': 'VZZ2sZufE5NXoX2ljWI6UNC7ylwP6xyxCG1w0Kk85lKjBT8', 'currentPlatformId': 'KR', 'currentAccountId': 'K81BH-YaxpRjP5e9YIRcSvydwzCneaxr010YgrSMUfN5-jU', 'matchHistoryUri': '/v1/stats/player_history/KR/207443723', 'profileIcon': 4107}}, {'participantId': 6, 'player': {'platformId': 'KR', 'accountId': 'g_5LFKi819BM19hlEFg4xUZ24HTXcN9lX5fxXHd_d2ze', 'summonerName': 'Swordart777', 'summonerId': '74KhxMJzvztR2MCMYRRTeltTyvOrDJaYHfo12MPNQfT9BQ', 'currentPlatformId': 'KR', 'currentAccountId': 'g_5LFKi819BM19hlEFg4xUZ24HTXcN9lX5fxXHd_d2ze', 'matchHistoryUri': '/v1/stats/player_history/KR/2526004', 'profileIcon': 1116}}, {'participantId': 7, 'player': {'platformId': 'KR', 'accountId': 'kOIJ4w_Lm9XfrncjJgFDAZQ0ywuDUW-MAxA35eZEqU2iXpIhuu-IrWd5', 'summonerName': 'hfdidi', 'summonerId': 'Vm613XgC2azz8MHSDWybXHqkqKTKFeL80HmhXRbNJoDe9MI', 'currentPlatformId': 'KR', 'currentAccountId': 'kOIJ4w_Lm9XfrncjJgFDAZQ0ywuDUW-MAxA35eZEqU2iXpIhuu-IrWd5', 'matchHistoryUri': '/v1/stats/player_history/KR/2091903350148864', 'profileIcon': 4485}}, {'participantId': 8, 'player': {'platformId': 'KR', 'accountId': '5Dvgksqt4j2ntqiMGDFs0tMlJVmJWsvpaGUd3x71nKZitFE', 'summonerName': 'Gen G gyuvee', 'summonerId': 'VFDeeiuBg1EQn37k23zI0zMqfUuzYoVbf8y5f4ffJOLOY1w', 'currentPlatformId': 'KR', 'currentAccountId': '5Dvgksqt4j2ntqiMGDFs0tMlJVmJWsvpaGUd3x71nKZitFE', 'matchHistoryUri': '/v1/stats/player_history/KR/203157184', 'profileIcon': 3840}}, {'participantId': 9, 'player': {'platformId': 'KR', 'accountId': 'IIWG7FRiqE8CuZaCslKkNxkglwpgnePPxDslb2tv66FKrgo', 'summonerName': 'Youtube Thal', 'summonerId': '8Cx100isJ6RMMeOmUX_-Wg0CESabVTYk-e8P8Ijj3zuIiB4', 'currentPlatformId': 'KR', 'currentAccountId': 'IIWG7FRiqE8CuZaCslKkNxkglwpgnePPxDslb2tv66FKrgo', 'matchHistoryUri': '/v1/stats/player_history/KR/201236882', 'profileIcon': 4090}}, {'participantId': 10, 'player': {'platformId': 'KR', 'accountId': '9nFIYXSiwY19z5DMFpJAqRIPpTJTJAuiuFjQ1jFlZtwfg_Q', 'summonerName': 'madkoed', 'summonerId': '8VvOguJ7iSNCQoTK2UnHAlOXeEebFNn86rTFnKZpX-QQrHk', 'currentPlatformId': 'KR', 'currentAccountId': '9nFIYXSiwY19z5DMFpJAqRIPpTJTJAuiuFjQ1jFlZtwfg_Q', 'matchHistoryUri': '/v1/stats/player_history/KR/209925871', 'profileIcon': 6}}]","[{'participantId': 1, 'teamId': 100, 'championId': 421, 'spell1Id': 11, 'spell2Id': 4, 'stats': {'participantId': 1, 'win': False, 'item0': 2421, 'item1': 1031, 'item2': 3179, 'item3': 3071, 'item4': 1400, 'item5': 3047, 'item6': 3364, 'kills': 5, 'deaths': 10, 'assists': 9, 'largestKillingSpree': 3, 'largestMultiKill': 1, 'killingSprees': 1, 'longestTimeSpentLiving': 509, 'doubleKills': 0, 'tripleKills': 0, 'quadraKills': 0, 'pentaKills': 0, 'unrealKills': 0, 'totalDamageDealt': 159034, 'magicDamageDealt': 3211, 'physicalDamageDealt': 135821, 'trueDamageDealt': 20001, 'largestCriticalStrike': 0, 'totalDamageDealtToChampions': 16275, 'magicDamageDealtToChampions': 204, 'physicalDamageDealtToChampions': 11303, 'trueDamageDealtToChampions': 4767, 'totalHeal': 12183, 'totalUnitsHealed': 1, 'damageSelfMitigated': 22683, 'damageDealtToObjectives': 16118, 'damageDealtToTurrets': 1497, 'visionScore': 56, 'timeCCingOthers': 22, 'totalDamageTaken': 32466, 'magicalDamageTaken': 7987, 'physicalDamageTaken': 24183, 'trueDamageTaken': 295, 'goldEarned': 11585, 'goldSpent': 11100, 'turretKills': 0, 'inhibitorKills': 0, 'totalMinionsKilled': 50, 'neutralMinionsKilled': 145, 'neutralMinionsKilledTeamJungle': 98, 'neutralMinionsKilledEnemyJungle': 4, 'totalTimeCrowdControlDealt': 274, 'champLevel': 16, 'visionWardsBoughtInGame': 5, 'sightWardsBoughtInGame': 0, 'wardsPlaced': 4, 'wardsKilled': 29, 'firstBloodKill': False, 'firstBloodAssist': False, 'firstTowerKill': False, 'firstTowerAssist': False, 'firstInhibitorKill': False, 'firstInhibitorAssist': False, 'combatPlayerScore': 0, 'objectivePlayerScore': 0, 'totalPlayerScore': 0, 'totalScoreRank': 0, 'playerScore0': 0, 'playerScore1': 0, 'playerScore2': 0, 'playerScore3': 0, 'playerScore4': 0, 'playerScore5': 0, 'playerScore6': 0, 'playerScore7': 0, 'playerScore8': 0, 'playerScore9': 0, 'perk0': 8010, 'perk0Var1': 565, 'perk0Var2': 0, 'perk0Var3': 0, 'perk1': 9111, 'perk1Var1': 908, 'perk1Var2': 280, 'perk1Var3': 0, 'perk2': 9104, 'perk2Var1': 9, 'perk2Var2': 40, 'perk2Var3': 0, 'perk3': 8014, 'perk3Var1': 297, 'perk3Var2': 0, 'perk3Var3': 0, 'perk4': 8275, 'perk4Var1': 22, 'perk4Var2': 0, 'perk4Var3': 0, 'perk5': 8232, 'perk5Var1': 5, 'perk5Var2': 10, 'perk5Var3': 0, 'perkPrimaryStyle': 8000, 'perkSubStyle': 8200, 'statPerk0': 5005, 'statPerk1': 5008, 'statPerk2': 5002}, 'timeline': {'participantId': 1, 'creepsPerMinDeltas': {'10-20': 2.1, '0-10': 0.2, '20-30': 2.6}, 'xpPerMinDeltas': {'10-20': 477.6, '0-10': 431.79999999999995, '20-30': 444.2}, 'goldPerMinDeltas': {'10-20': 405, '0-10': 347, '20-30': 292}, 'csDiffPerMinDeltas': {'10-20': 1.7000000000000002, '0-10': -0.6, '20-30': 0.9000000000000001}, 'xpDiffPerMinDeltas': {'10-20': -69.69999999999999, '0-10': 48.79999999999998, '20-30': -160.30000000000004}, 'damageTakenPerMinDeltas': {'10-20': 1105.2, '0-10': 630, '20-30': 1119.4}, 'damageTakenDiffPerMinDeltas': {'10-20': -159.69999999999993, '0-10': -113.20000000000002, '20-30': -364.5}, 'role': 'NONE', 'lane': 'JUNGLE'}}, {'participantId': 2, 'teamId': 100, 'championId': 111, 'spell1Id': 12, 'spell2Id': 4, 'stats': {'participantId': 2, 'win': False, 'item0': 3152, 'item1': 3193, 'item2': 2033, 'item3': 3082, 'item4': 1011, 'item5': 3111, 'item6': 3364, 'kills': 2, 'deaths': 7, 'assists': 7, 'largestKillingSpree': 0, 'largestMultiKill': 1, 'killingSprees': 0, 'longestTimeSpentLiving': 527, 'doubleKills': 0, 'tripleKills': 0, 'quadraKills': 0, 'pentaKills': 0, 'unrealKills': 0, 'totalDamageDealt': 126990, 'magicDamageDealt': 84526, 'physicalDamageDealt': 26644, 'trueDamageDealt': 15820, 'largestCriticalStrike': 0, 'totalDamageDealtToChampions': 10518, 'magicDamageDealtToChampions': 8983, 'physicalDamageDealtToChampions': 1535, 'trueDamageDealtToChampions': 0, 'totalHeal': 2630, 'totalUnitsHealed': 1, 'damageSelfMitigated': 44981, 'damageDealtToObjectives': 2773, 'damageDealtToTurrets': 1270, 'visionScore': 32, 'timeCCingOthers': 44, 'totalDamageTaken': 23787, 'magicalDamageTaken': 6603, 'physicalDamageTaken': 16648, 'trueDamageTaken': 536, 'goldEarned': 9893, 'goldSpent': 9375, 'turretKills': 1, 'inhibitorKills': 0, 'totalMinionsKilled': 173, 'neutralMinionsKilled': 6, 'neutralMinionsKilledTeamJungle': 2, 'neutralMinionsKilledEnemyJungle': 1, 'totalTimeCrowdControlDealt': 649, 'champLevel': 15, 'visionWardsBoughtInGame': 5, 'sightWardsBoughtInGame': 0, 'wardsPlaced': 11, 'wardsKilled': 2, 'firstBloodKill': False, 'firstBloodAssist': False, 'firstTowerKill': False, 'firstTowerAssist': False, 'firstInhibitorKill': False, 'firstInhibitorAssist': False, 'combatPlayerScore': 0, 'objectivePlayerScore': 0, 'totalPlayerScore': 0, 'totalScoreRank': 0, 'playerScore0': 0, 'playerScore1': 0, 'playerScore2': 0, 'playerScore3': 0, 'playerScore4': 0, 'playerScore5': 0, 'playerScore6': 0, 'playerScore7': 0, 'playerScore8': 0, 'playerScore9': 0, 'perk0': 8439, 'perk0Var1': 1284, 'perk0Var2': 0, 'perk0Var3': 0, 'perk1': 8401, 'perk1Var1': 300, 'perk1Var2': 0, 'perk1Var3': 0, 'perk2': 8473, 'perk2Var1': 1006, 'perk2Var2': 0, 'perk2Var3': 0, 'perk3': 8451, 'perk3Var1': 211, 'perk3Var2': 0, 'perk3Var3': 0, 'perk4': 8316, 'perk4Var1': 1142, 'perk4Var2': 0, 'perk4Var3': 0, 'perk5': 8352, 'perk5Var1': 402, 'perk5Var2': 1812, 'perk5Var3': 1350, 'perkPrimaryStyle': 8400, 'perkSubStyle': 8300, 'statPerk0': 5005, 'statPerk1': 5008, 'statPerk2': 5002}, 'timeline': {'participantId': 2, 'creepsPerMinDeltas': {'10-20': 5.4, '0-10': 7, '20-30': 4.8}, 'xpPerMinDeltas': {'10-20': 443, '0-10': 416.90000000000003, '20-30': 411.90000000000003}, 'goldPerMinDeltas': {'10-20': 326.2, '0-10': 273.6, '20-30': 311.4}, 'damageTakenPerMinDeltas': {'10-20': 874.9, '0-10': 302.4, '20-30': 824.9}, 'role': 'SOLO', 'lane': 'MIDDLE'}}, {'participantId': 3, 'teamId': 100, 'championId': 2, 'spell1Id': 6, 'spell2Id': 12, 'stats': {'participantId': 3, 'win': False, 'item0': 1055, 'item1': 3071, 'item2': 3053, 'item3': 3075, 'item4': 3158, 'item5': 3082, 'item6': 3364, 'kills': 7, 'deaths': 7, 'assists': 6, 'largestKillingSpree': 2, 'largestMultiKill': 2, 'killingSprees': 3, 'longestTimeSpentLiving': 764, 'doubleKills': 1, 'tripleKills': 0, 'quadraKills': 0, 'pentaKills': 0, 'unrealKills': 0, 'totalDamageDealt': 126275, 'magicDamageDealt': 2621, 'physicalDamageDealt': 106888, 'trueDamageDealt': 16766, 'largestCriticalStrike': 28, 'totalDamageDealtToChampions': 24882, 'magicDamageDealtToChampions': 777, 'physicalDamageDealtToChampions': 17627, 'trueDamageDealtToChampions': 6477, 'totalHeal': 8020, 'totalUnitsHealed': 1, 'damageSelfMitigated': 29160, 'damageDealtToObjectives': 7519, 'damageDealtToTurrets': 2574, 'visionScore': 21, 'timeCCingOthers': 20, 'totalDamageTaken': 31919, 'magicalDamageTaken': 10998, 'physicalDamageTaken': 19263, 'trueDamageTaken': 1657, 'goldEarned': 12257, 'goldSpent': 11900, 'turretKills': 1, 'inhibitorKills': 0, 'totalMinionsKilled': 175, 'neutralMinionsKilled': 8, 'neutralMinionsKilledTeamJungle': 4, 'neutralMinionsKilledEnemyJungle': 0, 'totalTimeCrowdControlDealt': 442, 'champLevel': 16, 'visionWardsBoughtInGame': 4, 'sightWardsBoughtInGame': 0, 'wardsPlaced': 7, 'wardsKilled': 4, 'firstBloodKill': False, 'firstBloodAssist': False, 'firstTowerKill': False, 'firstTowerAssist': False, 'firstInhibitorKill': False, 'firstInhibitorAssist': False, 'combatPlayerScore': 0, 'objectivePlayerScore': 0, 'totalPlayerScore': 0, 'totalScoreRank': 0, 'playerScore0': 0, 'playerScore1': 0, 'playerScore2': 0, 'playerScore3': 0, 'playerScore4': 0, 'playerScore5': 0, 'playerScore6': 0, 'playerScore7': 0, 'playerScore8': 0, 'playerScore9': 0, 'perk0': 8010, 'perk0Var1': 1622, 'perk0Var2': 0, 'perk0Var3': 0, 'perk1': 9111, 'perk1Var1': 1564, 'perk1Var2': 260, 'perk1Var3': 0, 'perk2': 9104, 'perk2Var1': 19, 'perk2Var2': 50, 'perk2Var3': 0, 'perk3': 8299, 'perk3Var1': 1011, 'perk3Var2': 0, 'perk3Var3': 0, 'perk4': 8345, 'perk4Var1': 3, 'perk4Var2': 0, 'perk4Var3': 0, 'perk5': 8410, 'perk5Var1': 103, 'perk5Var2': 0, 'perk5Var3': 0, 'perkPrimaryStyle': 8000, 'perkSubStyle': 8300, 'statPerk0': 5008, 'statPerk1': 5008, 'statPerk2': 5002}, 'timeline': {'participantId': 3, 'creepsPerMinDeltas': {'10-20': 6.5, '0-10': 6.5, '20-30': 4.5}, 'xpPerMinDeltas': {'10-20': 589, '0-10': 409.70000000000005, '20-30': 453.6}, 'goldPerMinDeltas': {'10-20': 491.79999999999995, '0-10': 238.9, '20-30': 414}, 'damageTakenPerMinDeltas': {'10-20': 1282.6, '0-10': 336.29999999999995, '20-30': 1231.8}, 'role': 'SOLO', 'lane': 'TOP'}}, {'participantId': 4, 'teamId': 100, 'championId': 523, 'spell1Id': 7, 'spell2Id': 4, 'stats': {'participantId': 4, 'win': False, 'item0': 3031, 'item1': 1055, 'item2': 3072, 'item3': 3085, 'item4': 3006, 'item5': 3508, 'item6': 3363, 'kills': 10, 'deaths': 6, 'assists': 8, 'largestKillingSpree': 3, 'largestMultiKill': 3, 'killingSprees': 3, 'longestTimeSpentLiving': 464, 'doubleKills': 1, 'tripleKills': 1, 'quadraKills': 0, 'pentaKills': 0, 'unrealKills': 0, 'totalDamageDealt': 241620, 'magicDamageDealt': 9803, 'physicalDamageDealt': 229432, 'trueDamageDealt': 2385, 'largestCriticalStrike': 894, 'totalDamageDealtToChampions': 36259, 'magicDamageDealtToChampions': 3779, 'physicalDamageDealtToChampions': 32479, 'trueDamageDealtToChampions': 0, 'totalHeal': 5269, 'totalUnitsHealed': 3, 'damageSelfMitigated': 15772, 'damageDealtToObjectives': 12065, 'damageDealtToTurrets': 2944, 'visionScore': 48, 'timeCCingOthers': 18, 'totalDamageTaken': 23374, 'magicalDamageTaken': 8090, 'physicalDamageTaken': 15028, 'trueDamageTaken': 255, 'goldEarned': 15857, 'goldSpent': 14975, 'turretKills': 0, 'inhibitorKills': 0, 'totalMinionsKilled': 253, 'neutralMinionsKilled': 35, 'neutralMinionsKilledTeamJungle': 27, 'neutralMinionsKilledEnemyJungle': 4, 'totalTimeCrowdControlDealt': 183, 'champLevel': 16, 'visionWardsBoughtInGame': 1, 'sightWardsBoughtInGame': 0, 'wardsPlaced': 10, 'wardsKilled': 12, 'firstBloodKill': False, 'firstBloodAssist': False, 'firstTowerKill': False, 'firstTowerAssist': True, 'firstInhibitorKill': False, 'firstInhibitorAssist': False, 'combatPlayerScore': 0, 'objectivePlayerScore': 0, 'totalPlayerScore': 0, 'totalScoreRank': 0, 'playerScore0': 0, 'playerScore1': 0, 'playerScore2': 0, 'playerScore3': 0, 'playerScore4': 0, 'playerScore5': 0, 'playerScore6': 0, 'playerScore7': 0, 'playerScore8': 0, 'playerScore9': 0, 'perk0': 8008, 'perk0Var1': 2, 'perk0Var2': 50, 'perk0Var3': 0, 'perk1': 9111, 'perk1Var1': 340, 'perk1Var2': 360, 'perk1Var3': 0, 'perk2': 9103, 'perk2Var1': 22, 'perk2Var2': 10, 'perk2Var3': 0, 'perk3': 8014, 'perk3Var1': 762, 'perk3Var2': 0, 'perk3Var3': 0, 'perk4': 8275, 'perk4Var1': 10, 'perk4Var2': 0, 'perk4Var3': 0, 'perk5': 8236, 'perk5Var1': 28, 'perk5Var2': 0, 'perk5Var3': 0, 'perkPrimaryStyle': 8000, 'perkSubStyle': 8200, 'statPerk0': 5005, 'statPerk1': 5008, 'statPerk2': 5002}, 'timeline': {'participantId': 4, 'creepsPerMinDeltas': {'10-20': 9.8, '0-10': 6, '20-30': 7.800000000000001}, 'xpPerMinDeltas': {'10-20': 479.1, '0-10': 251.7, '20-30': 595.7}, 'goldPerMinDeltas': {'10-20': 493.8, '0-10': 366.70000000000005, '20-30': 555.9}, 'csDiffPerMinDeltas': {'10-20': 1.3500000000000003, '0-10': -0.7000000000000002, '20-30': -0.2500000000000002}, 'xpDiffPerMinDeltas': {'10-20': -34.30000000000001, '0-10': -7.050000000000011, '20-30': -188.35}, 'damageTakenPerMinDeltas': {'10-20': 712.3, '0-10': 395, '20-30': 798.5999999999999}, 'damageTakenDiffPerMinDeltas': {'10-20': -75.6, '0-10': -116.55000000000003, '20-30': 282.55000000000007}, 'role': 'DUO_CARRY', 'lane': 'BOTTOM'}}, {'participantId': 5, 'teamId': 100, 'championId': 89, 'spell1Id': 4, 'spell2Id': 14, 'stats': {'participantId': 5, 'win': False, 'item0': 2055, 'item1': 3050, 'item2': 3109, 'item3': 3047, 'item4': 1029, 'item5': 3857, 'item6': 3364, 'kills': 2, 'deaths': 7, 'assists': 16, 'largestKillingSpree': 0, 'largestMultiKill': 1, 'killingSprees': 0, 'longestTimeSpentLiving': 718, 'doubleKills': 0, 'tripleKills': 0, 'quadraKills': 0, 'pentaKills': 0, 'unrealKills': 0, 'totalDamageDealt': 21441, 'magicDamageDealt': 7128, 'physicalDamageDealt': 6719, 'trueDamageDealt': 7593, 'largestCriticalStrike': 0, 'totalDamageDealtToChampions': 7445, 'magicDamageDealtToChampions': 4539, 'physicalDamageDealtToChampions': 1992, 'trueDamageDealtToChampions': 914, 'totalHeal': 1103, 'totalUnitsHealed': 1, 'damageSelfMitigated': 34038, 'damageDealtToObjectives': 2268, 'damageDealtToTurrets': 1498, 'visionScore': 66, 'timeCCingOthers': 60, 'totalDamageTaken': 22235, 'magicalDamageTaken': 7078, 'physicalDamageTaken': 14599, 'trueDamageTaken': 558, 'goldEarned': 7996, 'goldSpent': 7550, 'turretKills': 1, 'inhibitorKills': 0, 'totalMinionsKilled': 26, 'neutralMinionsKilled': 0, 'neutralMinionsKilledTeamJungle': 0, 'neutralMinionsKilledEnemyJungle': 0, 'totalTimeCrowdControlDealt': 130, 'champLevel': 13, 'visionWardsBoughtInGame': 14, 'sightWardsBoughtInGame': 0, 'wardsPlaced': 43, 'wardsKilled': 7, 'firstBloodKill': False, 'firstBloodAssist': False, 'firstTowerKill': True, 'firstTowerAssist': False, 'firstInhibitorKill': False, 'firstInhibitorAssist': False, 'combatPlayerScore': 0, 'objectivePlayerScore': 0, 'totalPlayerScore': 0, 'totalScoreRank': 0, 'playerScore0': 0, 'playerScore1': 0, 'playerScore2': 0, 'playerScore3': 0, 'playerScore4': 0, 'playerScore5': 0, 'playerScore6': 0, 'playerScore7': 0, 'playerScore8': 0, 'playerScore9': 0, 'perk0': 8439, 'perk0Var1': 1116, 'perk0Var2': 0, 'perk0Var3': 0, 'perk1': 8446, 'perk1Var1': 1243, 'perk1Var2': 0, 'perk1Var3': 0, 'perk2': 8473, 'perk2Var1': 374, 'perk2Var2': 0, 'perk2Var3': 0, 'perk3': 8451, 'perk3Var1': 187, 'perk3Var2': 0, 'perk3Var3': 0, 'perk4': 8316, 'perk4Var1': 353, 'perk4Var2': 0, 'perk4Var3': 0, 'perk5': 8313, 'perk5Var1': 0, 'perk5Var2': 0, 'perk5Var3': 0, 'perkPrimaryStyle': 8400, 'perkSubStyle': 8300, 'statPerk0': 5008, 'statPerk1': 5002, 'statPerk2': 5002}, 'timeline': {'participantId': 5, 'creepsPerMinDeltas': {'10-20': 1.1, '0-10': 1.2, '20-30': 0.30000000000000004}, 'xpPerMinDeltas': {'10-20': 415.1, '0-10': 283, '20-30': 365.4}, 'goldPerMinDeltas': {'10-20': 298.8, '0-10': 223.7, '20-30': 193}, 'csDiffPerMinDeltas': {'10-20': 1.3500000000000003, '0-10': -0.7000000000000002, '20-30': -0.2500000000000002}, 'xpDiffPerMinDeltas': {'10-20': -34.30000000000001, '0-10': -7.050000000000011, '20-30': -188.35}, 'damageTakenPerMinDeltas': {'10-20': 682.3000000000001, '0-10': 421.9, '20-30': 870.5}, 'damageTakenDiffPerMinDeltas': {'10-20': -75.6, '0-10': -116.55000000000003, '20-30': 282.55000000000007}, 'role': 'DUO_SUPPORT', 'lane': 'BOTTOM'}}, {'participantId': 6, 'teamId': 200, 'championId': 44, 'spell1Id': 3, 'spell2Id': 4, 'stats': {'participantId': 6, 'win': True, 'item0': 2065, 'item1': 3860, 'item2': 0, 'item3': 3801, 'item4': 3111, 'item5': 3050, 'item6': 3364, 'kills': 1, 'deaths': 7, 'assists': 22, 'largestKillingSpree': 0, 'largestMultiKill': 1, 'killingSprees': 0, 'longestTimeSpentLiving': 365, 'doubleKills': 0, 'tripleKills': 0, 'quadraKills': 0, 'pentaKills': 0, 'unrealKills': 0, 'totalDamageDealt': 35392, 'magicDamageDealt': 17748, 'physicalDamageDealt': 12736, 'trueDamageDealt': 4907, 'largestCriticalStrike': 0, 'totalDamageDealtToChampions': 10090, 'magicDamageDealtToChampions': 6624, 'physicalDamageDealtToChampions': 3306, 'trueDamageDealtToChampions': 159, 'totalHeal': 16745, 'totalUnitsHealed': 5, 'damageSelfMitigated': 40436, 'damageDealtToObjectives': 6144, 'damageDealtToTurrets': 2291, 'visionScore': 45, 'timeCCingOthers': 36, 'totalDamageTaken': 23075, 'magicalDamageTaken': 4705, 'physicalDamageTaken': 16521, 'trueDamageTaken': 1848, 'goldEarned': 9038, 'goldSpent': 7225, 'turretKills': 2, 'inhibitorKills': 1, 'totalMinionsKilled': 30, 'neutralMinionsKilled': 4, 'neutralMinionsKilledTeamJungle': 0, 'neutralMinionsKilledEnemyJungle': 4, 'totalTimeCrowdControlDealt': 126, 'champLevel': 15, 'visionWardsBoughtInGame': 7, 'sightWardsBoughtInGame': 0, 'wardsPlaced': 31, 'wardsKilled': 2, 'firstBloodKill': False, 'firstBloodAssist': False, 'firstTowerKill': False, 'firstTowerAssist': False, 'firstInhibitorKill': False, 'firstInhibitorAssist': False, 'combatPlayerScore': 0, 'objectivePlayerScore': 0, 'totalPlayerScore': 0, 'totalScoreRank': 0, 'playerScore0': 0, 'playerScore1': 0, 'playerScore2': 0, 'playerScore3': 0, 'playerScore4': 0, 'playerScore5': 0, 'playerScore6': 0, 'playerScore7': 0, 'playerScore8': 0, 'playerScore9': 0, 'perk0': 8465, 'perk0Var1': 3617, 'perk0Var2': 0, 'perk0Var3': 0, 'perk1': 8463, 'perk1Var1': 1764, 'perk1Var2': 0, 'perk1Var3': 0, 'perk2': 8473, 'perk2Var1': 760, 'perk2Var2': 0, 'perk2Var3': 0, 'perk3': 8453, 'perk3Var1': 1794, 'perk3Var2': 1314, 'perk3Var3': 0, 'perk4': 8009, 'perk4Var1': 4801, 'perk4Var2': 500, 'perk4Var3': 0, 'perk5': 9105, 'perk5Var1': 19, 'perk5Var2': 10, 'perk5Var3': 0, 'perkPrimaryStyle': 8400, 'perkSubStyle': 8000, 'statPerk0': 5008, 'statPerk1': 5002, 'statPerk2': 5002}, 'timeline': {'participantId': 6, 'creepsPerMinDeltas': {'10-20': 1.2999999999999998, '0-10': 1.2, '20-30': 0.30000000000000004}, 'xpPerMinDeltas': {'10-20': 428.1, '0-10': 257.6, '20-30': 611}, 'goldPerMinDeltas': {'10-20': 262.6, '0-10': 201.60000000000002, '20-30': 324.8}, 'csDiffPerMinDeltas': {'10-20': -1.3500000000000003, '0-10': 0.7000000000000002, '20-30': 0.2500000000000002}, 'xpDiffPerMinDeltas': {'10-20': 34.30000000000001, '0-10': 7.050000000000011, '20-30': 188.35}, 'damageTakenPerMinDeltas': {'10-20': 698.8000000000001, '0-10': 511.4, '20-30': 708.9}, 'damageTakenDiffPerMinDeltas': {'10-20': 75.6, '0-10': 116.55000000000003, '20-30': -282.55000000000007}, 'role': 'DUO_SUPPORT', 'lane': 'BOTTOM'}}, {'participantId': 7, 'teamId': 200, 'championId': 429, 'spell1Id': 1, 'spell2Id': 4, 'stats': {'participantId': 7, 'win': True, 'item0': 3072, 'item1': 3153, 'item2': 3085, 'item3': 1055, 'item4': 0, 'item5': 3006, 'item6': 3363, 'kills': 10, 'deaths': 5, 'assists': 14, 'largestKillingSpree': 7, 'largestMultiKill': 3, 'killingSprees': 1, 'longestTimeSpentLiving': 416, 'doubleKills': 2, 'tripleKills': 1, 'quadraKills': 0, 'pentaKills': 0, 'unrealKills': 0, 'totalDamageDealt': 220405, 'magicDamageDealt': 4776, 'physicalDamageDealt': 205918, 'trueDamageDealt': 9711, 'largestCriticalStrike': 664, 'totalDamageDealtToChampions': 25907, 'magicDamageDealtToChampions': 2166, 'physicalDamageDealtToChampions': 23547, 'trueDamageDealtToChampions': 194, 'totalHeal': 1561, 'totalUnitsHealed': 1, 'damageSelfMitigated': 26776, 'damageDealtToObjectives': 24655, 'damageDealtToTurrets': 6196, 'visionScore': 34, 'timeCCingOthers': 20, 'totalDamageTaken': 19647, 'magicalDamageTaken': 4361, 'physicalDamageTaken': 13395, 'trueDamageTaken': 1889, 'goldEarned': 15696, 'goldSpent': 11300, 'turretKills': 2, 'inhibitorKills': 0, 'totalMinionsKilled': 230, 'neutralMinionsKilled': 45, 'neutralMinionsKilledTeamJungle': 25, 'neutralMinionsKilledEnemyJungle': 8, 'totalTimeCrowdControlDealt': 335, 'champLevel': 17, 'visionWardsBoughtInGame': 2, 'sightWardsBoughtInGame': 0, 'wardsPlaced': 12, 'wardsKilled': 8, 'firstBloodKill': False, 'firstBloodAssist': False, 'firstTowerKill': False, 'firstTowerAssist': False, 'firstInhibitorKill': False, 'firstInhibitorAssist': False, 'combatPlayerScore': 0, 'objectivePlayerScore': 0, 'totalPlayerScore': 0, 'totalScoreRank': 0, 'playerScore0': 0, 'playerScore1': 0, 'playerScore2': 0, 'playerScore3': 0, 'playerScore4': 0, 'playerScore5': 0, 'playerScore6': 0, 'playerScore7': 0, 'playerScore8': 0, 'playerScore9': 0, 'perk0': 8008, 'perk0Var1': 2, 'perk0Var2': 30, 'perk0Var3': 0, 'perk1': 9101, 'perk1Var1': 4714, 'perk1Var2': 5643, 'perk1Var3': 0, 'perk2': 9104, 'perk2Var1': 16, 'perk2Var2': 40, 'perk2Var3': 0, 'perk3': 8017, 'perk3Var1': 1303, 'perk3Var2': 0, 'perk3Var3': 0, 'perk4': 8233, 'perk4Var1': 21, 'perk4Var2': 10, 'perk4Var3': 0, 'perk5': 8275, 'perk5Var1': 11, 'perk5Var2': 0, 'perk5Var3': 0, 'perkPrimaryStyle': 8000, 'perkSubStyle': 8200, 'statPerk0': 5005, 'statPerk1': 5008, 'statPerk2': 5002}, 'timeline': {'participantId': 7, 'creepsPerMinDeltas': {'10-20': 6.8999999999999995, '0-10': 7.4, '20-30': 8.3}, 'xpPerMinDeltas': {'10-20': 534.7, '0-10': 291.2, '20-30': 726.8}, 'goldPerMinDeltas': {'10-20': 392.4, '0-10': 341.1, '20-30': 634.5999999999999}, 'csDiffPerMinDeltas': {'10-20': -1.3500000000000003, '0-10': 0.7000000000000002, '20-30': 0.2500000000000002}, 'xpDiffPerMinDeltas': {'10-20': 34.30000000000001, '0-10': 7.050000000000011, '20-30': 188.35}, 'damageTakenPerMinDeltas': {'10-20': 847, '0-10': 538.5999999999999, '20-30': 395.1}, 'damageTakenDiffPerMinDeltas': {'10-20': 75.6, '0-10': 116.55000000000003, '20-30': -282.55000000000007}, 'role': 'DUO_CARRY', 'lane': 'BOTTOM'}}, {'participantId': 8, 'teamId': 200, 'championId': 64, 'spell1Id': 4, 'spell2Id': 11, 'stats': {'participantId': 8, 'win': True, 'item0': 3026, 'item1': 3053, 'item2': 2055, 'item3': 3071, 'item4': 1412, 'item5': 3047, 'item6': 3340, 'kills': 11, 'deaths': 6, 'assists': 14, 'largestKillingSpree': 5, 'largestMultiKill': 2, 'killingSprees': 3, 'longestTimeSpentLiving': 434, 'doubleKills': 1, 'tripleKills': 0, 'quadraKills': 0, 'pentaKills': 0, 'unrealKills': 0, 'totalDamageDealt': 167014, 'magicDamageDealt': 22853, 'physicalDamageDealt': 123953, 'trueDamageDealt': 20207, 'largestCriticalStrike': 0, 'totalDamageDealtToChampions': 23960, 'magicDamageDealtToChampions': 3285, 'physicalDamageDealtToChampions': 19155, 'trueDamageDealtToChampions': 1519, 'totalHeal': 9419, 'totalUnitsHealed': 1, 'damageSelfMitigated': 41378, 'damageDealtToObjectives': 44564, 'damageDealtToTurrets': 5593, 'visionScore': 38, 'timeCCingOthers': 26, 'totalDamageTaken': 36582, 'magicalDamageTaken': 6136, 'physicalDamageTaken': 26913, 'trueDamageTaken': 3532, 'goldEarned': 14629, 'goldSpent': 13900, 'turretKills': 2, 'inhibitorKills': 0, 'totalMinionsKilled': 30, 'neutralMinionsKilled': 115, 'neutralMinionsKilledTeamJungle': 66, 'neutralMinionsKilledEnemyJungle': 13, 'totalTimeCrowdControlDealt': 408, 'champLevel': 16, 'visionWardsBoughtInGame': 11, 'sightWardsBoughtInGame': 0, 'wardsPlaced': 20, 'wardsKilled': 6, 'firstBloodKill': False, 'firstBloodAssist': False, 'firstTowerKill': False, 'firstTowerAssist': False, 'firstInhibitorKill': False, 'firstInhibitorAssist': True, 'combatPlayerScore': 0, 'objectivePlayerScore': 0, 'totalPlayerScore': 0, 'totalScoreRank': 0, 'playerScore0': 0, 'playerScore1': 0, 'playerScore2': 0, 'playerScore3': 0, 'playerScore4': 0, 'playerScore5': 0, 'playerScore6': 0, 'playerScore7': 0, 'playerScore8': 0, 'playerScore9': 0, 'perk0': 8010, 'perk0Var1': 1583, 'perk0Var2': 0, 'perk0Var3': 0, 'perk1': 9111, 'perk1Var1': 1919, 'perk1Var2': 500, 'perk1Var3': 0, 'perk2': 9105, 'perk2Var1': 13, 'perk2Var2': 10, 'perk2Var3': 0, 'perk3': 8299, 'perk3Var1': 608, 'perk3Var2': 0, 'perk3Var3': 0, 'perk4': 8304, 'perk4Var1': 9, 'perk4Var2': 4, 'perk4Var3': 5, 'perk5': 8347, 'perk5Var1': 0, 'perk5Var2': 0, 'perk5Var3': 0, 'perkPrimaryStyle': 8000, 'perkSubStyle': 8300, 'statPerk0': 5005, 'statPerk1': 5008, 'statPerk2': 5002}, 'timeline': {'participantId': 8, 'creepsPerMinDeltas': {'10-20': 0.4, '0-10': 0.8, '20-30': 1.7}, 'xpPerMinDeltas': {'10-20': 547.3, '0-10': 383, '20-30': 604.5}, 'goldPerMinDeltas': {'10-20': 503.7, '0-10': 284.8, '20-30': 533}, 'csDiffPerMinDeltas': {'10-20': -1.7000000000000002, '0-10': 0.6, '20-30': -0.9000000000000001}, 'xpDiffPerMinDeltas': {'10-20': 69.69999999999999, '0-10': -48.79999999999998, '20-30': 160.30000000000004}, 'damageTakenPerMinDeltas': {'10-20': 1264.9, '0-10': 743.2, '20-30': 1483.9}, 'damageTakenDiffPerMinDeltas': {'10-20': 159.69999999999993, '0-10': 113.20000000000002, '20-30': 364.5}, 'role': 'NONE', 'lane': 'JUNGLE'}}, {'participantId': 9, 'teamId': 200, 'championId': 85, 'spell1Id': 4, 'spell2Id': 12, 'stats': {'participantId': 9, 'win': True, 'item0': 3152, 'item1': 2420, 'item2': 3907, 'item3': 1052, 'item4': 3020, 'item5': 3165, 'item6': 3364, 'kills': 8, 'deaths': 4, 'assists': 17, 'largestKillingSpree': 3, 'largestMultiKill': 1, 'killingSprees': 2, 'longestTimeSpentLiving': 923, 'doubleKills': 0, 'tripleKills': 0, 'quadraKills': 0, 'pentaKills': 0, 'unrealKills': 0, 'totalDamageDealt': 147450, 'magicDamageDealt': 119669, 'physicalDamageDealt': 20304, 'trueDamageDealt': 7477, 'largestCriticalStrike': 0, 'totalDamageDealtToChampions': 26672, 'magicDamageDealtToChampions': 24541, 'physicalDamageDealtToChampions': 1763, 'trueDamageDealtToChampions': 367, 'totalHeal': 1971, 'totalUnitsHealed': 1, 'damageSelfMitigated': 16233, 'damageDealtToObjectives': 5092, 'damageDealtToTurrets': 3478, 'visionScore': 34, 'timeCCingOthers': 21, 'totalDamageTaken': 21261, 'magicalDamageTaken': 2642, 'physicalDamageTaken': 15927, 'trueDamageTaken': 2691, 'goldEarned': 14309, 'goldSpent': 11560, 'turretKills': 1, 'inhibitorKills': 1, 'totalMinionsKilled': 210, 'neutralMinionsKilled': 14, 'neutralMinionsKilledTeamJungle': 13, 'neutralMinionsKilledEnemyJungle': 0, 'totalTimeCrowdControlDealt': 88, 'champLevel': 18, 'visionWardsBoughtInGame': 9, 'sightWardsBoughtInGame': 0, 'wardsPlaced': 15, 'wardsKilled': 11, 'firstBloodKill': True, 'firstBloodAssist': False, 'firstTowerKill': False, 'firstTowerAssist': False, 'firstInhibitorKill': False, 'firstInhibitorAssist': False, 'combatPlayerScore': 0, 'objectivePlayerScore': 0, 'totalPlayerScore': 0, 'totalScoreRank': 0, 'playerScore0': 0, 'playerScore1': 0, 'playerScore2': 0, 'playerScore3': 0, 'playerScore4': 0, 'playerScore5': 0, 'playerScore6': 0, 'playerScore7': 0, 'playerScore8': 0, 'playerScore9': 0, 'perk0': 8214, 'perk0Var1': 1529, 'perk0Var2': 0, 'perk0Var3': 0, 'perk1': 8275, 'perk1Var1': 9, 'perk1Var2': 0, 'perk1Var3': 0, 'perk2': 8234, 'perk2Var1': 14299, 'perk2Var2': 0, 'perk2Var3': 0, 'perk3': 8237, 'perk3Var1': 470, 'perk3Var2': 0, 'perk3Var3': 0, 'perk4': 8139, 'perk4Var1': 948, 'perk4Var2': 0, 'perk4Var3': 0, 'perk5': 8106, 'perk5Var1': 5, 'perk5Var2': 0, 'perk5Var3': 0, 'perkPrimaryStyle': 8200, 'perkSubStyle': 8100, 'statPerk0': 5005, 'statPerk1': 5008, 'statPerk2': 5002}, 'timeline': {'participantId': 9, 'creepsPerMinDeltas': {'10-20': 6.9, '0-10': 8, '20-30': 5.9}, 'xpPerMinDeltas': {'10-20': 639.6, '0-10': 477.70000000000005, '20-30': 656.6}, 'goldPerMinDeltas': {'10-20': 474, '0-10': 301.9, '20-30': 489.5}, 'damageTakenPerMinDeltas': {'10-20': 868.8, '0-10': 205.7, '20-30': 898.2}, 'role': 'DUO', 'lane': 'TOP'}}, {'participantId': 10, 'teamId': 200, 'championId': 236, 'spell1Id': 4, 'spell2Id': 14, 'stats': {'participantId': 10, 'win': True, 'item0': 3153, 'item1': 3006, 'item2': 3508, 'item3': 3123, 'item4': 3071, 'item5': 1018, 'item6': 3340, 'kills': 7, 'deaths': 5, 'assists': 15, 'largestKillingSpree': 4, 'largestMultiKill': 1, 'killingSprees': 2, 'longestTimeSpentLiving': 854, 'doubleKills': 0, 'tripleKills': 0, 'quadraKills': 0, 'pentaKills': 0, 'unrealKills': 0, 'totalDamageDealt': 143109, 'magicDamageDealt': 6773, 'physicalDamageDealt': 130071, 'trueDamageDealt': 6264, 'largestCriticalStrike': 505, 'totalDamageDealtToChampions': 22276, 'magicDamageDealtToChampions': 1283, 'physicalDamageDealtToChampions': 19929, 'trueDamageDealtToChampions': 1063, 'totalHeal': 787, 'totalUnitsHealed': 1, 'damageSelfMitigated': 14259, 'damageDealtToObjectives': 23896, 'damageDealtToTurrets': 5081, 'visionScore': 12, 'timeCCingOthers': 2, 'totalDamageTaken': 19009, 'magicalDamageTaken': 3301, 'physicalDamageTaken': 13512, 'trueDamageTaken': 2195, 'goldEarned': 12895, 'goldSpent': 12575, 'turretKills': 2, 'inhibitorKills': 0, 'totalMinionsKilled': 159, 'neutralMinionsKilled': 20, 'neutralMinionsKilledTeamJungle': 16, 'neutralMinionsKilledEnemyJungle': 0, 'totalTimeCrowdControlDealt': 25, 'champLevel': 17, 'visionWardsBoughtInGame': 1, 'sightWardsBoughtInGame': 0, 'wardsPlaced': 9, 'wardsKilled': 1, 'firstBloodKill': False, 'firstBloodAssist': False, 'firstTowerKill': False, 'firstTowerAssist': False, 'firstInhibitorKill': False, 'firstInhibitorAssist': False, 'combatPlayerScore': 0, 'objectivePlayerScore': 0, 'totalPlayerScore': 0, 'totalScoreRank': 0, 'playerScore0': 0, 'playerScore1': 0, 'playerScore2': 0, 'playerScore3': 0, 'playerScore4': 0, 'playerScore5': 0, 'playerScore6': 0, 'playerScore7': 0, 'playerScore8': 0, 'playerScore9': 0, 'perk0': 8005, 'perk0Var1': 1722, 'perk0Var2': 929, 'perk0Var3': 793, 'perk1': 9101, 'perk1Var1': 3372, 'perk1Var2': 4025, 'perk1Var3': 0, 'perk2': 9104, 'perk2Var1': 14, 'perk2Var2': 20, 'perk2Var3': 0, 'perk3': 8014, 'perk3Var1': 582, 'perk3Var2': 0, 'perk3Var3': 0, 'perk4': 8345, 'perk4Var1': 3, 'perk4Var2': 0, 'perk4Var3': 0, 'perk5': 8304, 'perk5Var1': 9, 'perk5Var2': 4, 'perk5Var3': 5, 'perkPrimaryStyle': 8000, 'perkSubStyle': 8300, 'statPerk0': 5005, 'statPerk1': 5008, 'statPerk2': 5003}, 'timeline': {'participantId': 10, 'creepsPerMinDeltas': {'10-20': 5.1, '0-10': 7.2, '20-30': 3.6}, 'xpPerMinDeltas': {'10-20': 511.3, '0-10': 436.5, '20-30': 617.1}, 'goldPerMinDeltas': {'10-20': 404.7, '0-10': 269, '20-30': 493.59999999999997}, 'damageTakenPerMinDeltas': {'10-20': 645.9, '0-10': 174.3, '20-30': 678.9000000000001}, 'role': 'DUO', 'lane': 'TOP'}}]",KR,420.0,13.0,,
17,1584261604331.0,1381.0,4219647531.0,CLASSIC,MATCHED_GAME,10.5.312.392,11.0,"[{'participantId': 1, 'player': {'platformId': 'KR', 'accountId': 'RofrQpa53XtwrnandniZiqkEPnNoax6idf_Z6AYQyyy7-CoCtfTIYRYV', 'summonerName': 'gtqeti334', 'summonerId': 'eYVo2NDxT0L8coGKxHQH6DsPQTC-cnSutptH1l_EB76H_B8', 'currentPlatformId': 'KR', 'currentAccountId': 'RofrQpa53XtwrnandniZiqkEPnNoax6idf_Z6AYQyyy7-CoCtfTIYRYV', 'matchHistoryUri': '/v1/stats/player_history/KR/2372730020383936', 'profileIcon': 29}}, {'participantId': 2, 'player': {'platformId': 'KR', 'accountId': 'OAYQbYy6CFOjKlYpBZPJHS-JQbq36dS2tqo3rVrV0JI', 'summonerName': 'Mizuhara Chizuru', 'summonerId': '1rDObHmXbDrm8u3auYYXHEFMzliMmuTsmevApVZgJsPCNw', 'currentPlatformId': 'KR', 'currentAccountId': 'OAYQbYy6CFOjKlYpBZPJHS-JQbq36dS2tqo3rVrV0JI', 'matchHistoryUri': '/v1/stats/player_history/KR/767204', 'profileIcon': 3872}}, {'participantId': 3, 'player': {'platformId': 'KR', 'accountId': 'wYB3HC7V42HE9JivVmLQcXMA9iPXO14l3tIgjij9uQwEDVI', 'summonerName': 'T1 Kuri', 'summonerId': '-unzsqFFZnj9IxzjEWQSsvzNJaxypr7wVu96IR3WOXP5AhM', 'currentPlatformId': 'KR', 'currentAccountId': 'wYB3HC7V42HE9JivVmLQcXMA9iPXO14l3tIgjij9uQwEDVI', 'matchHistoryUri': '/v1/stats/player_history/KR/208330816', 'profileIcon': 4021}}, {'participantId': 4, 'player': {'platformId': 'KR', 'accountId': 'oEEfKZhHycdHFB86x1iTmXPfa7nACGS5PzHeddpbHA5_', 'summonerName': '나는대포너는머포', 'summonerId': 'vmxz3hK9o_k2uGte_AczeXW8stno5l_HvrO1t61DM-Y5_g', 'currentPlatformId': 'KR', 'currentAccountId': 'oEEfKZhHycdHFB86x1iTmXPfa7nACGS5PzHeddpbHA5_', 'matchHistoryUri': '/v1/stats/player_history/KR/1367961', 'profileIcon': 18}}, {'participantId': 5, 'player': {'platformId': 'KR', 'accountId': 'xh_pYeUlSCptmRYffYqwmFS_o1CJwVcOsWcC6BV_SK42KS4', 'summonerName': 'Gen G HaYoon', 'summonerId': 'UUZSMax82sfqWNDYNeoP5i_KIEtAyf5IikTrL05l6XNBJz0', 'currentPlatformId': 'KR', 'currentAccountId': 'xh_pYeUlSCptmRYffYqwmFS_o1CJwVcOsWcC6BV_SK42KS4', 'matchHistoryUri': '/v1/stats/player_history/KR/206493908', 'profileIcon': 4353}}, {'participantId': 6, 'player': {'platformId': 'KR', 'accountId': 'tdPV9B3PVFP8G6gnAIJ2lCdZSXjgWgxOZFabXNxcdh00RVyPlipuiUAI', 'summonerName': '몰래키운아이디', 'summonerId': 'wojZI52wk3Uc7-Vqq9jpeRxo7jtb26MwQC7p_H0Db4_rQ2w', 'currentPlatformId': 'KR', 'currentAccountId': 'tdPV9B3PVFP8G6gnAIJ2lCdZSXjgWgxOZFabXNxcdh00RVyPlipuiUAI', 'matchHistoryUri': '/v1/stats/player_history/KR/2082612842868032', 'profileIcon': 6}}, {'participantId': 7, 'player': {'platformId': 'KR', 'accountId': 'e08jybn3DcAPjF0dMTWXjZCYd6TZSW4OrpQ5DNMaHp4vDKo', 'summonerName': '골목대장 태훈이', 'summonerId': '6MdVwNCqz5Eo2jfR1jREB5BC82WCAUERWSMmehmTT9REJVI', 'currentPlatformId': 'KR', 'currentAccountId': 'e08jybn3DcAPjF0dMTWXjZCYd6TZSW4OrpQ5DNMaHp4vDKo', 'matchHistoryUri': '/v1/stats/player_history/KR/207440298', 'profileIcon': 4249}}, {'participantId': 8, 'player': {'platformId': 'KR', 'accountId': 'NYLTFIYU4hrlCRdZqlq-ovx5xXfZixAKfgl4ecVBJKFeEww', 'summonerName': '명구리버드', 'summonerId': 'iypj-m7-sFvnHa_pQn5bbE6zgetXopDkybYlGzAFGZnEhRQ', 'currentPlatformId': 'KR', 'currentAccountId': 'NYLTFIYU4hrlCRdZqlq-ovx5xXfZixAKfgl4ecVBJKFeEww', 'matchHistoryUri': '/v1/stats/player_history/KR/206091414', 'profileIcon': 4213}}, {'participantId': 9, 'player': {'platformId': 'KR', 'accountId': 'IIWG7FRiqE8CuZaCslKkNxkglwpgnePPxDslb2tv66FKrgo', 'summonerName': 'Youtube Thal', 'summonerId': '8Cx100isJ6RMMeOmUX_-Wg0CESabVTYk-e8P8Ijj3zuIiB4', 'currentPlatformId': 'KR', 'currentAccountId': 'IIWG7FRiqE8CuZaCslKkNxkglwpgnePPxDslb2tv66FKrgo', 'matchHistoryUri': '/v1/stats/player_history/KR/201236882', 'profileIcon': 4090}}, {'participantId': 10, 'player': {'platformId': 'KR', 'accountId': '9nFIYXSiwY19z5DMFpJAqRIPpTJTJAuiuFjQ1jFlZtwfg_Q', 'summonerName': 'madkoed', 'summonerId': '8VvOguJ7iSNCQoTK2UnHAlOXeEebFNn86rTFnKZpX-QQrHk', 'currentPlatformId': 'KR', 'currentAccountId': '9nFIYXSiwY19z5DMFpJAqRIPpTJTJAuiuFjQ1jFlZtwfg_Q', 'matchHistoryUri': '/v1/stats/player_history/KR/209925871', 'profileIcon': 6}}]","[{'participantId': 1, 'teamId': 100, 'championId': 30, 'spell1Id': 4, 'spell2Id': 11, 'stats': {'participantId': 1, 'win': True, 'item0': 1058, 'item1': 1058, 'item2': 3020, 'item3': 3041, 'item4': 3165, 'item5': 1402, 'item6': 3340, 'kills': 14, 'deaths': 4, 'assists': 13, 'largestKillingSpree': 10, 'largestMultiKill': 2, 'killingSprees': 1, 'longestTimeSpentLiving': 712, 'doubleKills': 2, 'tripleKills': 0, 'quadraKills': 0, 'pentaKills': 0, 'unrealKills': 0, 'totalDamageDealt': 180688, 'magicDamageDealt': 166251, 'physicalDamageDealt': 5210, 'trueDamageDealt': 9227, 'largestCriticalStrike': 0, 'totalDamageDealtToChampions': 29607, 'magicDamageDealtToChampions': 29048, 'physicalDamageDealtToChampions': 144, 'trueDamageDealtToChampions': 414, 'totalHeal': 14703, 'totalUnitsHealed': 1, 'damageSelfMitigated': 8584, 'damageDealtToObjectives': 39078, 'damageDealtToTurrets': 1813, 'visionScore': 31, 'timeCCingOthers': 16, 'totalDamageTaken': 25020, 'magicalDamageTaken': 11416, 'physicalDamageTaken': 13604, 'trueDamageTaken': 0, 'goldEarned': 13206, 'goldSpent': 11100, 'turretKills': 1, 'inhibitorKills': 0, 'totalMinionsKilled': 24, 'neutralMinionsKilled': 138, 'neutralMinionsKilledTeamJungle': 64, 'neutralMinionsKilledEnemyJungle': 39, 'totalTimeCrowdControlDealt': 143, 'champLevel': 15, 'visionWardsBoughtInGame': 6, 'sightWardsBoughtInGame': 0, 'wardsPlaced': 13, 'wardsKilled': 5, 'firstBloodKill': True, 'firstBloodAssist': False, 'firstTowerKill': False, 'firstTowerAssist': False, 'firstInhibitorKill': False, 'firstInhibitorAssist': True, 'combatPlayerScore': 0, 'objectivePlayerScore': 0, 'totalPlayerScore': 0, 'totalScoreRank': 0, 'playerScore0': 0, 'playerScore1': 0, 'playerScore2': 0, 'playerScore3': 0, 'playerScore4': 0, 'playerScore5': 0, 'playerScore6': 0, 'playerScore7': 0, 'playerScore8': 0, 'playerScore9': 0, 'perk0': 8128, 'perk0Var1': 1985, 'perk0Var2': 19, 'perk0Var3': 1589, 'perk1': 8139, 'perk1Var1': 908, 'perk1Var2': 0, 'perk1Var3': 0, 'perk2': 8138, 'perk2Var1': 30, 'perk2Var2': 0, 'perk2Var3': 0, 'perk3': 8135, 'perk3Var1': 9897, 'perk3Var2': 5, 'perk3Var3': 0, 'perk4': 8009, 'perk4Var1': 5465, 'perk4Var2': 500, 'perk4Var3': 0, 'perk5': 8014, 'perk5Var1': 666, 'perk5Var2': 0, 'perk5Var3': 0, 'perkPrimaryStyle': 8100, 'perkSubStyle': 8000, 'statPerk0': 5008, 'statPerk1': 5008, 'statPerk2': 5001}, 'timeline': {'participantId': 1, 'creepsPerMinDeltas': {'10-20': 1.3, '0-10': 0.6}, 'xpPerMinDeltas': {'10-20': 623.2, '0-10': 451.79999999999995}, 'goldPerMinDeltas': {'10-20': 529.5, '0-10': 561.8}, 'csDiffPerMinDeltas': {'10-20': 0.9000000000000001, '0-10': 0.5}, 'xpDiffPerMinDeltas': {'10-20': 236.89999999999998, '0-10': 165.6}, 'damageTakenPerMinDeltas': {'10-20': 1266.4, '0-10': 839.8}, 'damageTakenDiffPerMinDeltas': {'10-20': 111.50000000000006, '0-10': 9.399999999999977}, 'role': 'NONE', 'lane': 'JUNGLE'}}, {'participantId': 2, 'teamId': 100, 'championId': 246, 'spell1Id': 4, 'spell2Id': 14, 'stats': {'participantId': 2, 'win': True, 'item0': 3142, 'item1': 2033, 'item2': 3133, 'item3': 3134, 'item4': 3117, 'item5': 3123, 'item6': 3364, 'kills': 4, 'deaths': 1, 'assists': 8, 'largestKillingSpree': 4, 'largestMultiKill': 1, 'killingSprees': 1, 'longestTimeSpentLiving': 273, 'doubleKills': 0, 'tripleKills': 0, 'quadraKills': 0, 'pentaKills': 0, 'unrealKills': 0, 'totalDamageDealt': 84372, 'magicDamageDealt': 7947, 'physicalDamageDealt': 73071, 'trueDamageDealt': 3353, 'largestCriticalStrike': 0, 'totalDamageDealtToChampions': 13010, 'magicDamageDealtToChampions': 1341, 'physicalDamageDealtToChampions': 11321, 'trueDamageDealtToChampions': 348, 'totalHeal': 4676, 'totalUnitsHealed': 1, 'damageSelfMitigated': 5487, 'damageDealtToObjectives': 3157, 'damageDealtToTurrets': 3157, 'visionScore': 25, 'timeCCingOthers': 14, 'totalDamageTaken': 11331, 'magicalDamageTaken': 5699, 'physicalDamageTaken': 5014, 'trueDamageTaken': 617, 'goldEarned': 8884, 'goldSpent': 7550, 'turretKills': 1, 'inhibitorKills': 1, 'totalMinionsKilled': 145, 'neutralMinionsKilled': 4, 'neutralMinionsKilledTeamJungle': 0, 'neutralMinionsKilledEnemyJungle': 0, 'totalTimeCrowdControlDealt': 99, 'champLevel': 14, 'visionWardsBoughtInGame': 2, 'sightWardsBoughtInGame': 0, 'wardsPlaced': 5, 'wardsKilled': 4, 'firstBloodKill': False, 'firstBloodAssist': False, 'firstTowerKill': False, 'firstTowerAssist': True, 'firstInhibitorKill': False, 'firstInhibitorAssist': True, 'combatPlayerScore': 0, 'objectivePlayerScore': 0, 'totalPlayerScore': 0, 'totalScoreRank': 0, 'playerScore0': 0, 'playerScore1': 0, 'playerScore2': 0, 'playerScore3': 0, 'playerScore4': 0, 'playerScore5': 0, 'playerScore6': 0, 'playerScore7': 0, 'playerScore8': 0, 'playerScore9': 0, 'perk0': 8112, 'perk0Var1': 853, 'perk0Var2': 0, 'perk0Var3': 0, 'perk1': 8143, 'perk1Var1': 422, 'perk1Var2': 0, 'perk1Var3': 0, 'perk2': 8138, 'perk2Var1': 18, 'perk2Var2': 0, 'perk2Var3': 0, 'perk3': 8135, 'perk3Var1': 1700, 'perk3Var2': 5, 'perk3Var3': 0, 'perk4': 8352, 'perk4Var1': 243, 'perk4Var2': 1514, 'perk4Var3': 940, 'perk5': 8345, 'perk5Var1': 3, 'perk5Var2': 0, 'perk5Var3': 0, 'perkPrimaryStyle': 8100, 'perkSubStyle': 8300, 'statPerk0': 5008, 'statPerk1': 5008, 'statPerk2': 5003}, 'timeline': {'participantId': 2, 'creepsPerMinDeltas': {'10-20': 6.300000000000001, '0-10': 6.6}, 'xpPerMinDeltas': {'10-20': 465.90000000000003, '0-10': 419.5}, 'goldPerMinDeltas': {'10-20': 337.9, '0-10': 299.3}, 'damageTakenPerMinDeltas': {'10-20': 579.2, '0-10': 366.2}, 'role': 'DUO_SUPPORT', 'lane': 'MIDDLE'}}, {'participantId': 3, 'teamId': 100, 'championId': 53, 'spell1Id': 4, 'spell2Id': 14, 'stats': {'participantId': 3, 'win': True, 'item0': 0, 'item1': 3050, 'item2': 3860, 'item3': 3024, 'item4': 3117, 'item5': 1006, 'item6': 3364, 'kills': 0, 'deaths': 2, 'assists': 19, 'largestKillingSpree': 0, 'largestMultiKill': 0, 'killingSprees': 0, 'longestTimeSpentLiving': 843, 'doubleKills': 0, 'tripleKills': 0, 'quadraKills': 0, 'pentaKills': 0, 'unrealKills': 0, 'totalDamageDealt': 20758, 'magicDamageDealt': 6387, 'physicalDamageDealt': 6829, 'trueDamageDealt': 7541, 'largestCriticalStrike': 0, 'totalDamageDealtToChampions': 7263, 'magicDamageDealtToChampions': 4336, 'physicalDamageDealtToChampions': 2123, 'trueDamageDealtToChampions': 804, 'totalHeal': 1510, 'totalUnitsHealed': 1, 'damageSelfMitigated': 13715, 'damageDealtToObjectives': 1489, 'damageDealtToTurrets': 1489, 'visionScore': 33, 'timeCCingOthers': 26, 'totalDamageTaken': 11176, 'magicalDamageTaken': 3419, 'physicalDamageTaken': 6998, 'trueDamageTaken': 759, 'goldEarned': 6737, 'goldSpent': 5300, 'turretKills': 0, 'inhibitorKills': 0, 'totalMinionsKilled': 20, 'neutralMinionsKilled': 0, 'neutralMinionsKilledTeamJungle': 0, 'neutralMinionsKilledEnemyJungle': 0, 'totalTimeCrowdControlDealt': 93, 'champLevel': 12, 'visionWardsBoughtInGame': 6, 'sightWardsBoughtInGame': 0, 'wardsPlaced': 19, 'wardsKilled': 1, 'firstBloodKill': False, 'firstBloodAssist': False, 'firstTowerKill': False, 'firstTowerAssist': True, 'firstInhibitorKill': False, 'firstInhibitorAssist': False, 'combatPlayerScore': 0, 'objectivePlayerScore': 0, 'totalPlayerScore': 0, 'totalScoreRank': 0, 'playerScore0': 0, 'playerScore1': 0, 'playerScore2': 0, 'playerScore3': 0, 'playerScore4': 0, 'playerScore5': 0, 'playerScore6': 0, 'playerScore7': 0, 'playerScore8': 0, 'playerScore9': 0, 'perk0': 8439, 'perk0Var1': 292, 'perk0Var2': 0, 'perk0Var3': 0, 'perk1': 8446, 'perk1Var1': 622, 'perk1Var2': 0, 'perk1Var3': 0, 'perk2': 8473, 'perk2Var1': 532, 'perk2Var2': 0, 'perk2Var3': 0, 'perk3': 8451, 'perk3Var1': 138, 'perk3Var2': 0, 'perk3Var3': 0, 'perk4': 8313, 'perk4Var1': 0, 'perk4Var2': 0, 'perk4Var3': 0, 'perk5': 8316, 'perk5Var1': 553, 'perk5Var2': 0, 'perk5Var3': 0, 'perkPrimaryStyle': 8400, 'perkSubStyle': 8300, 'statPerk0': 5008, 'statPerk1': 5002, 'statPerk2': 5002}, 'timeline': {'participantId': 3, 'creepsPerMinDeltas': {'10-20': 0.8999999999999999, '0-10': 1.1}, 'xpPerMinDeltas': {'10-20': 387.29999999999995, '0-10': 290.5}, 'goldPerMinDeltas': {'10-20': 294.3, '0-10': 219.6}, 'damageTakenPerMinDeltas': {'10-20': 586.8, '0-10': 349.8}, 'role': 'DUO_SUPPORT', 'lane': 'MIDDLE'}}, {'participantId': 4, 'teamId': 100, 'championId': 523, 'spell1Id': 4, 'spell2Id': 7, 'stats': {'participantId': 4, 'win': True, 'item0': 3085, 'item1': 3046, 'item2': 0, 'item3': 3006, 'item4': 3031, 'item5': 0, 'item6': 3363, 'kills': 9, 'deaths': 3, 'assists': 13, 'largestKillingSpree': 5, 'largestMultiKill': 2, 'killingSprees': 2, 'longestTimeSpentLiving': 698, 'doubleKills': 1, 'tripleKills': 0, 'quadraKills': 0, 'pentaKills': 0, 'unrealKills': 0, 'totalDamageDealt': 127683, 'magicDamageDealt': 3078, 'physicalDamageDealt': 123113, 'trueDamageDealt': 1492, 'largestCriticalStrike': 549, 'totalDamageDealtToChampions': 18051, 'magicDamageDealtToChampions': 995, 'physicalDamageDealtToChampions': 16667, 'trueDamageDealtToChampions': 388, 'totalHeal': 3587, 'totalUnitsHealed': 3, 'damageSelfMitigated': 11424, 'damageDealtToObjectives': 18115, 'damageDealtToTurrets': 9222, 'visionScore': 10, 'timeCCingOthers': 16, 'totalDamageTaken': 13055, 'magicalDamageTaken': 3604, 'physicalDamageTaken': 8995, 'trueDamageTaken': 455, 'goldEarned': 12405, 'goldSpent': 12780, 'turretKills': 5, 'inhibitorKills': 1, 'totalMinionsKilled': 155, 'neutralMinionsKilled': 22, 'neutralMinionsKilledTeamJungle': 16, 'neutralMinionsKilledEnemyJungle': 6, 'totalTimeCrowdControlDealt': 191, 'champLevel': 14, 'visionWardsBoughtInGame': 2, 'sightWardsBoughtInGame': 0, 'wardsPlaced': 6, 'wardsKilled': 1, 'firstBloodKill': False, 'firstBloodAssist': False, 'firstTowerKill': True, 'firstTowerAssist': False, 'firstInhibitorKill': False, 'firstInhibitorAssist': False, 'combatPlayerScore': 0, 'objectivePlayerScore': 0, 'totalPlayerScore': 0, 'totalScoreRank': 0, 'playerScore0': 0, 'playerScore1': 0, 'playerScore2': 0, 'playerScore3': 0, 'playerScore4': 0, 'playerScore5': 0, 'playerScore6': 0, 'playerScore7': 0, 'playerScore8': 0, 'playerScore9': 0, 'perk0': 8010, 'perk0Var1': 292, 'perk0Var2': 0, 'perk0Var3': 0, 'perk1': 9101, 'perk1Var1': 2598, 'perk1Var2': 3185, 'perk1Var3': 0, 'perk2': 9103, 'perk2Var1': 16, 'perk2Var2': 40, 'perk2Var3': 0, 'perk3': 8017, 'perk3Var1': 784, 'perk3Var2': 0, 'perk3Var3': 0, 'perk4': 8275, 'perk4Var1': 6, 'perk4Var2': 0, 'perk4Var3': 0, 'perk5': 8236, 'perk5Var1': 14, 'perk5Var2': 0, 'perk5Var3': 0, 'perkPrimaryStyle': 8000, 'perkSubStyle': 8200, 'statPerk0': 5005, 'statPerk1': 5008, 'statPerk2': 5002}, 'timeline': {'participantId': 4, 'creepsPerMinDeltas': {'10-20': 8.1, '0-10': 6.699999999999999}, 'xpPerMinDeltas': {'10-20': 595.5999999999999, '0-10': 359.8}, 'goldPerMinDeltas': {'10-20': 595.2, '0-10': 374.1}, 'damageTakenPerMinDeltas': {'10-20': 833.4000000000001, '0-10': 332.5}, 'role': 'DUO_SUPPORT', 'lane': 'MIDDLE'}}, {'participantId': 5, 'teamId': 100, 'championId': 98, 'spell1Id': 12, 'spell2Id': 4, 'stats': {'participantId': 5, 'win': True, 'item0': 1054, 'item1': 3751, 'item2': 3111, 'item3': 3748, 'item4': 3211, 'item5': 0, 'item6': 3340, 'kills': 6, 'deaths': 2, 'assists': 8, 'largestKillingSpree': 3, 'largestMultiKill': 2, 'killingSprees': 2, 'longestTimeSpentLiving': 1043, 'doubleKills': 1, 'tripleKills': 0, 'quadraKills': 0, 'pentaKills': 0, 'unrealKills': 0, 'totalDamageDealt': 90380, 'magicDamageDealt': 16054, 'physicalDamageDealt': 72594, 'trueDamageDealt': 1731, 'largestCriticalStrike': 0, 'totalDamageDealtToChampions': 13538, 'magicDamageDealtToChampions': 4320, 'physicalDamageDealtToChampions': 8644, 'trueDamageDealtToChampions': 573, 'totalHeal': 1661, 'totalUnitsHealed': 1, 'damageSelfMitigated': 15961, 'damageDealtToObjectives': 645, 'damageDealtToTurrets': 0, 'visionScore': 16, 'timeCCingOthers': 30, 'totalDamageTaken': 16006, 'magicalDamageTaken': 8683, 'physicalDamageTaken': 7013, 'trueDamageTaken': 310, 'goldEarned': 9534, 'goldSpent': 8150, 'turretKills': 0, 'inhibitorKills': 0, 'totalMinionsKilled': 150, 'neutralMinionsKilled': 8, 'neutralMinionsKilledTeamJungle': 5, 'neutralMinionsKilledEnemyJungle': 0, 'totalTimeCrowdControlDealt': 244, 'champLevel': 15, 'visionWardsBoughtInGame': 2, 'sightWardsBoughtInGame': 0, 'wardsPlaced': 8, 'wardsKilled': 2, 'firstBloodKill': False, 'firstBloodAssist': False, 'firstTowerKill': False, 'firstTowerAssist': True, 'firstInhibitorKill': False, 'firstInhibitorAssist': False, 'combatPlayerScore': 0, 'objectivePlayerScore': 0, 'totalPlayerScore': 0, 'totalScoreRank': 0, 'playerScore0': 0, 'playerScore1': 0, 'playerScore2': 0, 'playerScore3': 0, 'playerScore4': 0, 'playerScore5': 0, 'playerScore6': 0, 'playerScore7': 0, 'playerScore8': 0, 'playerScore9': 0, 'perk0': 8437, 'perk0Var1': 838, 'perk0Var2': 579, 'perk0Var3': 0, 'perk1': 8401, 'perk1Var1': 404, 'perk1Var2': 0, 'perk1Var3': 0, 'perk2': 8444, 'perk2Var1': 1014, 'perk2Var2': 0, 'perk2Var3': 0, 'perk3': 8451, 'perk3Var1': 191, 'perk3Var2': 0, 'perk3Var3': 0, 'perk4': 8126, 'perk4Var1': 498, 'perk4Var2': 0, 'perk4Var3': 0, 'perk5': 8106, 'perk5Var1': 5, 'perk5Var2': 0, 'perk5Var3': 0, 'perkPrimaryStyle': 8400, 'perkSubStyle': 8100, 'statPerk0': 5008, 'statPerk1': 5003, 'statPerk2': 5002}, 'timeline': {'participantId': 5, 'creepsPerMinDeltas': {'10-20': 7, '0-10': 6.4}, 'xpPerMinDeltas': {'10-20': 598.5, '0-10': 478.79999999999995}, 'goldPerMinDeltas': {'10-20': 411.4, '0-10': 309.1}, 'damageTakenPerMinDeltas': {'10-20': 1120.6, '0-10': 387.40000000000003}, 'role': 'DUO_SUPPORT', 'lane': 'MIDDLE'}}, {'participantId': 6, 'teamId': 200, 'championId': 412, 'spell1Id': 4, 'spell2Id': 14, 'stats': {'participantId': 6, 'win': False, 'item0': 2065, 'item1': 0, 'item2': 3801, 'item3': 3857, 'item4': 3117, 'item5': 1004, 'item6': 3364, 'kills': 2, 'deaths': 7, 'assists': 7, 'largestKillingSpree': 0, 'largestMultiKill': 1, 'killingSprees': 0, 'longestTimeSpentLiving': 392, 'doubleKills': 0, 'tripleKills': 0, 'quadraKills': 0, 'pentaKills': 0, 'unrealKills': 0, 'totalDamageDealt': 14855, 'magicDamageDealt': 5742, 'physicalDamageDealt': 3284, 'trueDamageDealt': 5829, 'largestCriticalStrike': 0, 'totalDamageDealtToChampions': 3022, 'magicDamageDealtToChampions': 1632, 'physicalDamageDealtToChampions': 631, 'trueDamageDealtToChampions': 758, 'totalHeal': 1042, 'totalUnitsHealed': 4, 'damageSelfMitigated': 7992, 'damageDealtToObjectives': 0, 'damageDealtToTurrets': 0, 'visionScore': 43, 'timeCCingOthers': 15, 'totalDamageTaken': 18145, 'magicalDamageTaken': 9888, 'physicalDamageTaken': 7747, 'trueDamageTaken': 509, 'goldEarned': 5453, 'goldSpent': 4825, 'turretKills': 0, 'inhibitorKills': 0, 'totalMinionsKilled': 22, 'neutralMinionsKilled': 0, 'neutralMinionsKilledTeamJungle': 0, 'neutralMinionsKilledEnemyJungle': 0, 'totalTimeCrowdControlDealt': 71, 'champLevel': 10, 'visionWardsBoughtInGame': 6, 'sightWardsBoughtInGame': 0, 'wardsPlaced': 23, 'wardsKilled': 3, 'firstBloodKill': False, 'firstBloodAssist': False, 'firstTowerKill': False, 'firstTowerAssist': False, 'firstInhibitorKill': False, 'firstInhibitorAssist': False, 'combatPlayerScore': 0, 'objectivePlayerScore': 0, 'totalPlayerScore': 0, 'totalScoreRank': 0, 'playerScore0': 0, 'playerScore1': 0, 'playerScore2': 0, 'playerScore3': 0, 'playerScore4': 0, 'playerScore5': 0, 'playerScore6': 0, 'playerScore7': 0, 'playerScore8': 0, 'playerScore9': 0, 'perk0': 8439, 'perk0Var1': 211, 'perk0Var2': 0, 'perk0Var3': 0, 'perk1': 8463, 'perk1Var1': 489, 'perk1Var2': 0, 'perk1Var3': 0, 'perk2': 8473, 'perk2Var1': 448, 'perk2Var2': 0, 'perk2Var3': 0, 'perk3': 8242, 'perk3Var1': 8, 'perk3Var2': 0, 'perk3Var3': 0, 'perk4': 8313, 'perk4Var1': 0, 'perk4Var2': 0, 'perk4Var3': 0, 'perk5': 8316, 'perk5Var1': 374, 'perk5Var2': 0, 'perk5Var3': 0, 'perkPrimaryStyle': 8400, 'perkSubStyle': 8300, 'statPerk0': 5008, 'statPerk1': 5002, 'statPerk2': 5002}, 'timeline': {'participantId': 6, 'creepsPerMinDeltas': {'10-20': 1, '0-10': 1.2}, 'xpPerMinDeltas': {'10-20': 395.6, '0-10': 229.70000000000002}, 'goldPerMinDeltas': {'10-20': 239.4, '0-10': 205.6}, 'damageTakenPerMinDeltas': {'10-20': 1015.5, '0-10': 332.4}, 'role': 'DUO_SUPPORT', 'lane': 'BOTTOM'}}, {'participantId': 7, 'teamId': 200, 'championId': 21, 'spell1Id': 7, 'spell2Id': 4, 'stats': {'participantId': 7, 'win': False, 'item0': 3508, 'item1': 3031, 'item2': 1055, 'item3': 1053, 'item4': 0, 'item5': 3006, 'item6': 3363, 'kills': 2, 'deaths': 9, 'assists': 7, 'largestKillingSpree': 2, 'largestMultiKill': 1, 'killingSprees': 1, 'longestTimeSpentLiving': 300, 'doubleKills': 0, 'tripleKills': 0, 'quadraKills': 0, 'pentaKills': 0, 'unrealKills': 0, 'totalDamageDealt': 124471, 'magicDamageDealt': 2880, 'physicalDamageDealt': 107591, 'trueDamageDealt': 14000, 'largestCriticalStrike': 820, 'totalDamageDealtToChampions': 13415, 'magicDamageDealtToChampions': 488, 'physicalDamageDealtToChampions': 12927, 'trueDamageDealtToChampions': 0, 'totalHeal': 374, 'totalUnitsHealed': 3, 'damageSelfMitigated': 8178, 'damageDealtToObjectives': 1136, 'damageDealtToTurrets': 0, 'visionScore': 27, 'timeCCingOthers': 4, 'totalDamageTaken': 16301, 'magicalDamageTaken': 6545, 'physicalDamageTaken': 9238, 'trueDamageTaken': 518, 'goldEarned': 9517, 'goldSpent': 9400, 'turretKills': 0, 'inhibitorKills': 0, 'totalMinionsKilled': 176, 'neutralMinionsKilled': 14, 'neutralMinionsKilledTeamJungle': 12, 'neutralMinionsKilledEnemyJungle': 0, 'totalTimeCrowdControlDealt': 98, 'champLevel': 13, 'visionWardsBoughtInGame': 2, 'sightWardsBoughtInGame': 0, 'wardsPlaced': 8, 'wardsKilled': 11, 'firstBloodKill': False, 'firstBloodAssist': False, 'firstTowerKill': False, 'firstTowerAssist': False, 'firstInhibitorKill': False, 'firstInhibitorAssist': False, 'combatPlayerScore': 0, 'objectivePlayerScore': 0, 'totalPlayerScore': 0, 'totalScoreRank': 0, 'playerScore0': 0, 'playerScore1': 0, 'playerScore2': 0, 'playerScore3': 0, 'playerScore4': 0, 'playerScore5': 0, 'playerScore6': 0, 'playerScore7': 0, 'playerScore8': 0, 'playerScore9': 0, 'perk0': 8005, 'perk0Var1': 794, 'perk0Var2': 543, 'perk0Var3': 250, 'perk1': 9101, 'perk1Var1': 2488, 'perk1Var2': 2053, 'perk1Var3': 0, 'perk2': 9103, 'perk2Var1': 0, 'perk2Var2': 0, 'perk2Var3': 0, 'perk3': 8017, 'perk3Var1': 617, 'perk3Var2': 0, 'perk3Var3': 0, 'perk4': 8275, 'perk4Var1': 7, 'perk4Var2': 0, 'perk4Var3': 0, 'perk5': 8236, 'perk5Var1': 14, 'perk5Var2': 0, 'perk5Var3': 0, 'perkPrimaryStyle': 8000, 'perkSubStyle': 8200, 'statPerk0': 5005, 'statPerk1': 5008, 'statPerk2': 5002}, 'timeline': {'participantId': 7, 'creepsPerMinDeltas': {'10-20': 9.100000000000001, '0-10': 6.3}, 'xpPerMinDeltas': {'10-20': 616.9, '0-10': 283.8}, 'goldPerMinDeltas': {'10-20': 542.7, '0-10': 250.3}, 'damageTakenPerMinDeltas': {'10-20': 905.5, '0-10': 379.09999999999997}, 'role': 'DUO_CARRY', 'lane': 'BOTTOM'}}, {'participantId': 8, 'teamId': 200, 'championId': 517, 'spell1Id': 12, 'spell2Id': 4, 'stats': {'participantId': 8, 'win': False, 'item0': 2033, 'item1': 3157, 'item2': 3020, 'item3': 3152, 'item4': 3113, 'item5': 3057, 'item6': 3363, 'kills': 6, 'deaths': 5, 'assists': 4, 'largestKillingSpree': 4, 'largestMultiKill': 2, 'killingSprees': 1, 'longestTimeSpentLiving': 555, 'doubleKills': 1, 'tripleKills': 0, 'quadraKills': 0, 'pentaKills': 0, 'unrealKills': 0, 'totalDamageDealt': 88662, 'magicDamageDealt': 79642, 'physicalDamageDealt': 8172, 'trueDamageDealt': 848, 'largestCriticalStrike': 0, 'totalDamageDealtToChampions': 16891, 'magicDamageDealtToChampions': 16622, 'physicalDamageDealtToChampions': 212, 'trueDamageDealtToChampions': 56, 'totalHeal': 6233, 'totalUnitsHealed': 1, 'damageSelfMitigated': 13826, 'damageDealtToObjectives': 545, 'damageDealtToTurrets': 178, 'visionScore': 26, 'timeCCingOthers': 20, 'totalDamageTaken': 22857, 'magicalDamageTaken': 9907, 'physicalDamageTaken': 12426, 'trueDamageTaken': 524, 'goldEarned': 10028, 'goldSpent': 9500, 'turretKills': 0, 'inhibitorKills': 0, 'totalMinionsKilled': 150, 'neutralMinionsKilled': 20, 'neutralMinionsKilledTeamJungle': 12, 'neutralMinionsKilledEnemyJungle': 0, 'totalTimeCrowdControlDealt': 304, 'champLevel': 13, 'visionWardsBoughtInGame': 10, 'sightWardsBoughtInGame': 0, 'wardsPlaced': 15, 'wardsKilled': 1, 'firstBloodKill': False, 'firstBloodAssist': False, 'firstTowerKill': False, 'firstTowerAssist': False, 'firstInhibitorKill': False, 'firstInhibitorAssist': False, 'combatPlayerScore': 0, 'objectivePlayerScore': 0, 'totalPlayerScore': 0, 'totalScoreRank': 0, 'playerScore0': 0, 'playerScore1': 0, 'playerScore2': 0, 'playerScore3': 0, 'playerScore4': 0, 'playerScore5': 0, 'playerScore6': 0, 'playerScore7': 0, 'playerScore8': 0, 'playerScore9': 0, 'perk0': 8010, 'perk0Var1': 646, 'perk0Var2': 0, 'perk0Var3': 0, 'perk1': 8009, 'perk1Var1': 1375, 'perk1Var2': 500, 'perk1Var3': 0, 'perk2': 9105, 'perk2Var1': 14, 'perk2Var2': 40, 'perk2Var3': 0, 'perk3': 8299, 'perk3Var1': 811, 'perk3Var2': 0, 'perk3Var3': 0, 'perk4': 8345, 'perk4Var1': 3, 'perk4Var2': 0, 'perk4Var3': 0, 'perk5': 8352, 'perk5Var1': 275, 'perk5Var2': 1531, 'perk5Var3': 828, 'perkPrimaryStyle': 8000, 'perkSubStyle': 8300, 'statPerk0': 5008, 'statPerk1': 5008, 'statPerk2': 5002}, 'timeline': {'participantId': 8, 'creepsPerMinDeltas': {'10-20': 6.2, '0-10': 7.6}, 'xpPerMinDeltas': {'10-20': 474, '0-10': 475.9}, 'goldPerMinDeltas': {'10-20': 464, '0-10': 405.1}, 'damageTakenPerMinDeltas': {'10-20': 1279.1, '0-10': 609.2}, 'role': 'DUO', 'lane': 'TOP'}}, {'participantId': 9, 'teamId': 200, 'championId': 8, 'spell1Id': 4, 'spell2Id': 12, 'stats': {'participantId': 9, 'win': False, 'item0': 3152, 'item1': 3108, 'item2': 3020, 'item3': 3089, 'item4': 0, 'item5': 0, 'item6': 3340, 'kills': 2, 'deaths': 5, 'assists': 2, 'largestKillingSpree': 2, 'largestMultiKill': 2, 'killingSprees': 1, 'longestTimeSpentLiving': 534, 'doubleKills': 1, 'tripleKills': 0, 'quadraKills': 0, 'pentaKills': 0, 'unrealKills': 0, 'totalDamageDealt': 101924, 'magicDamageDealt': 84326, 'physicalDamageDealt': 12350, 'trueDamageDealt': 5248, 'largestCriticalStrike': 0, 'totalDamageDealtToChampions': 12218, 'magicDamageDealtToChampions': 11341, 'physicalDamageDealtToChampions': 607, 'trueDamageDealtToChampions': 270, 'totalHeal': 13234, 'totalUnitsHealed': 1, 'damageSelfMitigated': 6694, 'damageDealtToObjectives': 262, 'damageDealtToTurrets': 0, 'visionScore': 8, 'timeCCingOthers': 3, 'totalDamageTaken': 20308, 'magicalDamageTaken': 8882, 'physicalDamageTaken': 10753, 'trueDamageTaken': 671, 'goldEarned': 8299, 'goldSpent': 8375, 'turretKills': 0, 'inhibitorKills': 0, 'totalMinionsKilled': 192, 'neutralMinionsKilled': 5, 'neutralMinionsKilledTeamJungle': 5, 'neutralMinionsKilledEnemyJungle': 0, 'totalTimeCrowdControlDealt': 92, 'champLevel': 13, 'visionWardsBoughtInGame': 1, 'sightWardsBoughtInGame': 0, 'wardsPlaced': 6, 'wardsKilled': 1, 'firstBloodKill': False, 'firstBloodAssist': False, 'firstTowerKill': False, 'firstTowerAssist': False, 'firstInhibitorKill': False, 'firstInhibitorAssist': False, 'combatPlayerScore': 0, 'objectivePlayerScore': 0, 'totalPlayerScore': 0, 'totalScoreRank': 0, 'playerScore0': 0, 'playerScore1': 0, 'playerScore2': 0, 'playerScore3': 0, 'playerScore4': 0, 'playerScore5': 0, 'playerScore6': 0, 'playerScore7': 0, 'playerScore8': 0, 'playerScore9': 0, 'perk0': 8360, 'perk0Var1': 8, 'perk0Var2': 0, 'perk0Var3': 0, 'perk1': 8304, 'perk1Var1': 12, 'perk1Var2': 0, 'perk1Var3': 0, 'perk2': 8316, 'perk2Var1': 4227, 'perk2Var2': 0, 'perk2Var3': 0, 'perk3': 8347, 'perk3Var1': 0, 'perk3Var2': 0, 'perk3Var3': 0, 'perk4': 8139, 'perk4Var1': 936, 'perk4Var2': 0, 'perk4Var3': 0, 'perk5': 8135, 'perk5Var1': 1710, 'perk5Var2': 3, 'perk5Var3': 0, 'perkPrimaryStyle': 8300, 'perkSubStyle': 8100, 'statPerk0': 5007, 'statPerk1': 5008, 'statPerk2': 5002}, 'timeline': {'participantId': 9, 'creepsPerMinDeltas': {'10-20': 8, '0-10': 8.3}, 'xpPerMinDeltas': {'10-20': 482, '0-10': 441.9}, 'goldPerMinDeltas': {'10-20': 368.7, '0-10': 272.3}, 'damageTakenPerMinDeltas': {'10-20': 1162.2, '0-10': 510}, 'role': 'DUO', 'lane': 'TOP'}}, {'participantId': 10, 'teamId': 200, 'championId': 2, 'spell1Id': 4, 'spell2Id': 11, 'stats': {'participantId': 10, 'win': False, 'item0': 1029, 'item1': 2031, 'item2': 3047, 'item3': 1401, 'item4': 1057, 'item5': 1028, 'item6': 3364, 'kills': 0, 'deaths': 7, 'assists': 6, 'largestKillingSpree': 0, 'largestMultiKill': 0, 'killingSprees': 0, 'longestTimeSpentLiving': 344, 'doubleKills': 0, 'tripleKills': 0, 'quadraKills': 0, 'pentaKills': 0, 'unrealKills': 0, 'totalDamageDealt': 80730, 'magicDamageDealt': 14812, 'physicalDamageDealt': 59724, 'trueDamageDealt': 6193, 'largestCriticalStrike': 0, 'totalDamageDealtToChampions': 5278, 'magicDamageDealtToChampions': 236, 'physicalDamageDealtToChampions': 3984, 'trueDamageDealtToChampions': 1057, 'totalHeal': 5389, 'totalUnitsHealed': 1, 'damageSelfMitigated': 12643, 'damageDealtToObjectives': 11964, 'damageDealtToTurrets': 0, 'visionScore': 18, 'timeCCingOthers': 9, 'totalDamageTaken': 22715, 'magicalDamageTaken': 6806, 'physicalDamageTaken': 15603, 'trueDamageTaken': 304, 'goldEarned': 5679, 'goldSpent': 5950, 'turretKills': 0, 'inhibitorKills': 0, 'totalMinionsKilled': 6, 'neutralMinionsKilled': 79, 'neutralMinionsKilledTeamJungle': 51, 'neutralMinionsKilledEnemyJungle': 4, 'totalTimeCrowdControlDealt': 351, 'champLevel': 11, 'visionWardsBoughtInGame': 6, 'sightWardsBoughtInGame': 0, 'wardsPlaced': 6, 'wardsKilled': 3, 'firstBloodKill': False, 'firstBloodAssist': False, 'firstTowerKill': False, 'firstTowerAssist': False, 'firstInhibitorKill': False, 'firstInhibitorAssist': False, 'combatPlayerScore': 0, 'objectivePlayerScore': 0, 'totalPlayerScore': 0, 'totalScoreRank': 0, 'playerScore0': 0, 'playerScore1': 0, 'playerScore2': 0, 'playerScore3': 0, 'playerScore4': 0, 'playerScore5': 0, 'playerScore6': 0, 'playerScore7': 0, 'playerScore8': 0, 'playerScore9': 0, 'perk0': 8010, 'perk0Var1': 180, 'perk0Var2': 0, 'perk0Var3': 0, 'perk1': 9111, 'perk1Var1': 461, 'perk1Var2': 120, 'perk1Var3': 0, 'perk2': 9104, 'perk2Var1': 19, 'perk2Var2': 20, 'perk2Var3': 0, 'perk3': 8299, 'perk3Var1': 238, 'perk3Var2': 0, 'perk3Var3': 0, 'perk4': 8304, 'perk4Var1': 11, 'perk4Var2': 1, 'perk4Var3': 5, 'perk5': 8410, 'perk5Var1': 57, 'perk5Var2': 0, 'perk5Var3': 0, 'perkPrimaryStyle': 8000, 'perkSubStyle': 8300, 'statPerk0': 5005, 'statPerk1': 5008, 'statPerk2': 5002}, 'timeline': {'participantId': 10, 'creepsPerMinDeltas': {'10-20': 0.4, '0-10': 0.1}, 'xpPerMinDeltas': {'10-20': 386.3, '0-10': 286.2}, 'goldPerMinDeltas': {'10-20': 220.7, '0-10': 236.7}, 'csDiffPerMinDeltas': {'10-20': -0.9000000000000001, '0-10': -0.5}, 'xpDiffPerMinDeltas': {'10-20': -236.89999999999998, '0-10': -165.6}, 'damageTakenPerMinDeltas': {'10-20': 1154.9, '0-10': 830.4000000000001}, 'damageTakenDiffPerMinDeltas': {'10-20': -111.50000000000006, '0-10': -9.399999999999977}, 'role': 'NONE', 'lane': 'JUNGLE'}}]",KR,420.0,13.0,,
18,1584258597244.0,1313.0,4219545724.0,CLASSIC,MATCHED_GAME,10.5.312.392,11.0,"[{'participantId': 1, 'player': {'platformId': 'KR', 'accountId': '0OdMmtgOfBir6FM9FoHl5NNQ736Bvnzdi2LUzjrjubHU', 'summonerName': 'DEULDEUL', 'summonerId': 'US9MFbXMCbKhyYVo2TLGAVbNKWDlHRwr8uFaBhAw9Z9mdA', 'currentPlatformId': 'KR', 'currentAccountId': '0OdMmtgOfBir6FM9FoHl5NNQ736Bvnzdi2LUzjrjubHU', 'matchHistoryUri': '/v1/stats/player_history/KR/1198324', 'profileIcon': 746}}, {'participantId': 2, 'player': {'platformId': 'KR', 'accountId': 'IzROGM7q62vnExYSARZh56Hw-nZdXIoYHYqVCXASV1OOY20', 'summonerName': 'BJ서준석사생팬', 'summonerId': 'GyukzFOV120bVIoivlE0N4-p7H1_B8x_HvPhirZgm0xFxV0', 'currentPlatformId': 'KR', 'currentAccountId': 'IzROGM7q62vnExYSARZh56Hw-nZdXIoYHYqVCXASV1OOY20', 'matchHistoryUri': '/v1/stats/player_history/KR/206424710', 'profileIcon': 1102}}, {'participantId': 3, 'player': {'platformId': 'kr', 'accountId': '1C4v3z1Ly_5Raz1tWO1FDkWnEq8V9sxnyM9TjiYe9O2EcTA', 'summonerName': 'HLE Bmav', 'summonerId': 'cgkw20LcEbkxf1pkoa42CSzDC4lBqt3waYiqnpyrQxWP3fM', 'currentPlatformId': 'KR', 'currentAccountId': '1C4v3z1Ly_5Raz1tWO1FDkWnEq8V9sxnyM9TjiYe9O2EcTA', 'matchHistoryUri': '/v1/stats/player_history/kr/210569816', 'profileIcon': 4151}}, {'participantId': 4, 'player': {'platformId': 'KR', 'accountId': 'McmZhfRY9g6TcaocUrxTyzSCcfXKYdbE6zPbMQWfa47HB8-0YIctAIGR', 'summonerName': 'HLE CaD', 'summonerId': 'KGg241WPgG5z4Qzr7X4POOKO9_jlDH33rTBhTokpF5VLU3Y', 'currentPlatformId': 'KR', 'currentAccountId': 'McmZhfRY9g6TcaocUrxTyzSCcfXKYdbE6zPbMQWfa47HB8-0YIctAIGR', 'matchHistoryUri': '/v1/stats/player_history/KR/2109596142014208', 'profileIcon': 1437}}, {'participantId': 5, 'player': {'platformId': 'KR', 'accountId': 'Aznd4-_bIcqsfPqWhNWnnNr1KxmWhgFZcGXWeUiaIEh11OEoWEf9V-L0', 'summonerName': '맥스 노예', 'summonerId': 'OnCEoOtuY3xMZWVHsNtiseqPZ73JB12B8X8EQovhLG3iWSU', 'currentPlatformId': 'KR', 'currentAccountId': 'Aznd4-_bIcqsfPqWhNWnnNr1KxmWhgFZcGXWeUiaIEh11OEoWEf9V-L0', 'matchHistoryUri': '/v1/stats/player_history/KR/2402237705908032', 'profileIcon': 29}}, {'participantId': 6, 'player': {'platformId': 'KR', 'accountId': 'IIWG7FRiqE8CuZaCslKkNxkglwpgnePPxDslb2tv66FKrgo', 'summonerName': 'Youtube Thal', 'summonerId': '8Cx100isJ6RMMeOmUX_-Wg0CESabVTYk-e8P8Ijj3zuIiB4', 'currentPlatformId': 'KR', 'currentAccountId': 'IIWG7FRiqE8CuZaCslKkNxkglwpgnePPxDslb2tv66FKrgo', 'matchHistoryUri': '/v1/stats/player_history/KR/201236882', 'profileIcon': 4090}}, {'participantId': 7, 'player': {'platformId': 'KR', 'accountId': '9nFIYXSiwY19z5DMFpJAqRIPpTJTJAuiuFjQ1jFlZtwfg_Q', 'summonerName': 'madkoed', 'summonerId': '8VvOguJ7iSNCQoTK2UnHAlOXeEebFNn86rTFnKZpX-QQrHk', 'currentPlatformId': 'KR', 'currentAccountId': '9nFIYXSiwY19z5DMFpJAqRIPpTJTJAuiuFjQ1jFlZtwfg_Q', 'matchHistoryUri': '/v1/stats/player_history/KR/209925871', 'profileIcon': 6}}, {'participantId': 8, 'player': {'platformId': 'KR', 'accountId': 'Hb48yUkUspjcwYVUJt-OaSKWVAmCAV7sdwrqJ4jEs3dXWYDWvoJO3Owx', 'summonerName': '정밍짱', 'summonerId': 'MGmp_6m38O2GONQP-g3NDJkG2AN73CP8Q7DNZdeGWzs29Xo', 'currentPlatformId': 'KR', 'currentAccountId': 'Hb48yUkUspjcwYVUJt-OaSKWVAmCAV7sdwrqJ4jEs3dXWYDWvoJO3Owx', 'matchHistoryUri': '/v1/stats/player_history/KR/2060625389211328', 'profileIcon': 4156}}, {'participantId': 9, 'player': {'platformId': 'KR', 'accountId': 'ftBe1bM1wLeyRz8UDRo1_Yx8f9HJ6kyp4sW4UKwSY9im', 'summonerName': 'JongSeop Eun', 'summonerId': 'e9bCWw6_R-Q4o0fJri2-VqJdb7zyxCrEyoReam0VJ2a1tQ', 'currentPlatformId': 'KR', 'currentAccountId': 'ftBe1bM1wLeyRz8UDRo1_Yx8f9HJ6kyp4sW4UKwSY9im', 'matchHistoryUri': '/v1/stats/player_history/KR/3604468', 'profileIcon': 3180}}, {'participantId': 10, 'player': {'platformId': 'KR', 'accountId': '8H9BZJoEYXO4d6Wz9vElqQsp8FkY0fpSUwmPLwBgdZq7', 'summonerName': '탁종이', 'summonerId': 'DwVLtZ57vEaJgY7skBrTYRVrGF2al3cf5WPwRw6V0x-F2Q', 'currentPlatformId': 'KR', 'currentAccountId': '8H9BZJoEYXO4d6Wz9vElqQsp8FkY0fpSUwmPLwBgdZq7', 'matchHistoryUri': '/v1/stats/player_history/KR/3156823', 'profileIcon': 4495}}]","[{'participantId': 1, 'teamId': 100, 'championId': 223, 'spell1Id': 3, 'spell2Id': 4, 'stats': {'participantId': 1, 'win': False, 'item0': 3067, 'item1': 1028, 'item2': 1031, 'item3': 3860, 'item4': 2055, 'item5': 3047, 'item6': 3364, 'kills': 0, 'deaths': 7, 'assists': 3, 'largestKillingSpree': 0, 'largestMultiKill': 0, 'killingSprees': 0, 'longestTimeSpentLiving': 294, 'doubleKills': 0, 'tripleKills': 0, 'quadraKills': 0, 'pentaKills': 0, 'unrealKills': 0, 'totalDamageDealt': 16226, 'magicDamageDealt': 7278, 'physicalDamageDealt': 2284, 'trueDamageDealt': 6663, 'largestCriticalStrike': 0, 'totalDamageDealtToChampions': 4478, 'magicDamageDealtToChampions': 4167, 'physicalDamageDealtToChampions': 311, 'trueDamageDealtToChampions': 0, 'totalHeal': 634, 'totalUnitsHealed': 4, 'damageSelfMitigated': 12897, 'damageDealtToObjectives': 0, 'damageDealtToTurrets': 0, 'visionScore': 22, 'timeCCingOthers': 15, 'totalDamageTaken': 13776, 'magicalDamageTaken': 7511, 'physicalDamageTaken': 4881, 'trueDamageTaken': 1383, 'goldEarned': 4578, 'goldSpent': 4280, 'turretKills': 0, 'inhibitorKills': 0, 'totalMinionsKilled': 22, 'neutralMinionsKilled': 0, 'neutralMinionsKilledTeamJungle': 0, 'neutralMinionsKilledEnemyJungle': 0, 'totalTimeCrowdControlDealt': 104, 'champLevel': 9, 'visionWardsBoughtInGame': 4, 'sightWardsBoughtInGame': 0, 'wardsPlaced': 12, 'wardsKilled': 1, 'firstBloodKill': False, 'firstBloodAssist': False, 'firstTowerKill': False, 'firstTowerAssist': False, 'combatPlayerScore': 0, 'objectivePlayerScore': 0, 'totalPlayerScore': 0, 'totalScoreRank': 0, 'playerScore0': 0, 'playerScore1': 0, 'playerScore2': 0, 'playerScore3': 0, 'playerScore4': 0, 'playerScore5': 0, 'playerScore6': 0, 'playerScore7': 0, 'playerScore8': 0, 'playerScore9': 0, 'perk0': 8465, 'perk0Var1': 1454, 'perk0Var2': 0, 'perk0Var3': 0, 'perk1': 8463, 'perk1Var1': 349, 'perk1Var2': 0, 'perk1Var3': 0, 'perk2': 8473, 'perk2Var1': 435, 'perk2Var2': 0, 'perk2Var3': 0, 'perk3': 8453, 'perk3Var1': 212, 'perk3Var2': 546, 'perk3Var3': 0, 'perk4': 8313, 'perk4Var1': 0, 'perk4Var2': 0, 'perk4Var3': 0, 'perk5': 8410, 'perk5Var1': 50, 'perk5Var2': 0, 'perk5Var3': 0, 'perkPrimaryStyle': 8400, 'perkSubStyle': 8300, 'statPerk0': 5005, 'statPerk1': 5002, 'statPerk2': 5003}, 'timeline': {'participantId': 1, 'creepsPerMinDeltas': {'10-20': 0.9, '0-10': 1.3}, 'xpPerMinDeltas': {'10-20': 277.5, '0-10': 262.20000000000005}, 'goldPerMinDeltas': {'10-20': 228.8, '0-10': 152.7}, 'csDiffPerMinDeltas': {'10-20': -0.24999999999999956, '0-10': 0.55}, 'xpDiffPerMinDeltas': {'10-20': -134.75, '0-10': -25.699999999999974}, 'damageTakenPerMinDeltas': {'10-20': 910.3, '0-10': 252.2}, 'damageTakenDiffPerMinDeltas': {'10-20': 130.99999999999994, '0-10': 39.24999999999997}, 'role': 'DUO_SUPPORT', 'lane': 'BOTTOM'}}, {'participantId': 2, 'teamId': 100, 'championId': 86, 'spell1Id': 14, 'spell2Id': 4, 'stats': {'participantId': 2, 'win': False, 'item0': 2031, 'item1': 3086, 'item2': 3211, 'item3': 3078, 'item4': 1054, 'item5': 1001, 'item6': 3340, 'kills': 1, 'deaths': 3, 'assists': 0, 'largestKillingSpree': 0, 'largestMultiKill': 1, 'killingSprees': 0, 'longestTimeSpentLiving': 946, 'doubleKills': 0, 'tripleKills': 0, 'quadraKills': 0, 'pentaKills': 0, 'unrealKills': 0, 'totalDamageDealt': 79578, 'magicDamageDealt': 0, 'physicalDamageDealt': 77811, 'trueDamageDealt': 1767, 'largestCriticalStrike': 198, 'totalDamageDealtToChampions': 6137, 'magicDamageDealtToChampions': 0, 'physicalDamageDealtToChampions': 4370, 'trueDamageDealtToChampions': 1767, 'totalHeal': 231, 'totalUnitsHealed': 1, 'damageSelfMitigated': 16795, 'damageDealtToObjectives': 5693, 'damageDealtToTurrets': 5693, 'visionScore': 17, 'timeCCingOthers': 16, 'totalDamageTaken': 14388, 'magicalDamageTaken': 5116, 'physicalDamageTaken': 7840, 'trueDamageTaken': 1431, 'goldEarned': 8228, 'goldSpent': 7418, 'turretKills': 2, 'inhibitorKills': 0, 'totalMinionsKilled': 172, 'neutralMinionsKilled': 0, 'neutralMinionsKilledTeamJungle': 0, 'neutralMinionsKilledEnemyJungle': 0, 'totalTimeCrowdControlDealt': 44, 'champLevel': 12, 'visionWardsBoughtInGame': 1, 'sightWardsBoughtInGame': 0, 'wardsPlaced': 8, 'wardsKilled': 2, 'firstBloodKill': False, 'firstBloodAssist': False, 'firstTowerKill': False, 'firstTowerAssist': False, 'combatPlayerScore': 0, 'objectivePlayerScore': 0, 'totalPlayerScore': 0, 'totalScoreRank': 0, 'playerScore0': 0, 'playerScore1': 0, 'playerScore2': 0, 'playerScore3': 0, 'playerScore4': 0, 'playerScore5': 0, 'playerScore6': 0, 'playerScore7': 0, 'playerScore8': 0, 'playerScore9': 0, 'perk0': 8010, 'perk0Var1': 355, 'perk0Var2': 0, 'perk0Var3': 0, 'perk1': 9111, 'perk1Var1': 21, 'perk1Var2': 20, 'perk1Var3': 0, 'perk2': 9105, 'perk2Var1': 0, 'perk2Var2': 0, 'perk2Var3': 0, 'perk3': 8014, 'perk3Var1': 7, 'perk3Var2': 0, 'perk3Var3': 0, 'perk4': 8446, 'perk4Var1': 2359, 'perk4Var2': 0, 'perk4Var3': 0, 'perk5': 8473, 'perk5Var1': 605, 'perk5Var2': 0, 'perk5Var3': 0, 'perkPrimaryStyle': 8000, 'perkSubStyle': 8400, 'statPerk0': 5005, 'statPerk1': 5002, 'statPerk2': 5003}, 'timeline': {'participantId': 2, 'creepsPerMinDeltas': {'10-20': 7.8, '0-10': 9.1}, 'xpPerMinDeltas': {'10-20': 432.4, '0-10': 482.29999999999995}, 'goldPerMinDeltas': {'10-20': 441.9, '0-10': 296}, 'damageTakenPerMinDeltas': {'10-20': 819.5, '0-10': 404.4}, 'role': 'DUO', 'lane': 'TOP'}}, {'participantId': 3, 'teamId': 100, 'championId': 222, 'spell1Id': 7, 'spell2Id': 4, 'stats': {'participantId': 3, 'win': False, 'item0': 2055, 'item1': 1055, 'item2': 3006, 'item3': 3031, 'item4': 3094, 'item5': 0, 'item6': 3363, 'kills': 3, 'deaths': 5, 'assists': 0, 'largestKillingSpree': 2, 'largestMultiKill': 1, 'killingSprees': 1, 'longestTimeSpentLiving': 843, 'doubleKills': 0, 'tripleKills': 0, 'quadraKills': 0, 'pentaKills': 0, 'unrealKills': 0, 'totalDamageDealt': 93033, 'magicDamageDealt': 434, 'physicalDamageDealt': 91118, 'trueDamageDealt': 1480, 'largestCriticalStrike': 481, 'totalDamageDealtToChampions': 8454, 'magicDamageDealtToChampions': 164, 'physicalDamageDealtToChampions': 8289, 'trueDamageDealtToChampions': 0, 'totalHeal': 636, 'totalUnitsHealed': 2, 'damageSelfMitigated': 4232, 'damageDealtToObjectives': 1587, 'damageDealtToTurrets': 1195, 'visionScore': 18, 'timeCCingOthers': 7, 'totalDamageTaken': 10013, 'magicalDamageTaken': 2444, 'physicalDamageTaken': 6759, 'trueDamageTaken': 809, 'goldEarned': 8312, 'goldSpent': 8050, 'turretKills': 0, 'inhibitorKills': 0, 'totalMinionsKilled': 180, 'neutralMinionsKilled': 7, 'neutralMinionsKilledTeamJungle': 7, 'neutralMinionsKilledEnemyJungle': 0, 'totalTimeCrowdControlDealt': 28, 'champLevel': 11, 'visionWardsBoughtInGame': 4, 'sightWardsBoughtInGame': 0, 'wardsPlaced': 8, 'wardsKilled': 5, 'firstBloodKill': False, 'firstBloodAssist': False, 'firstTowerKill': False, 'firstTowerAssist': False, 'combatPlayerScore': 0, 'objectivePlayerScore': 0, 'totalPlayerScore': 0, 'totalScoreRank': 0, 'playerScore0': 0, 'playerScore1': 0, 'playerScore2': 0, 'playerScore3': 0, 'playerScore4': 0, 'playerScore5': 0, 'playerScore6': 0, 'playerScore7': 0, 'playerScore8': 0, 'playerScore9': 0, 'perk0': 8008, 'perk0Var1': 1, 'perk0Var2': 10, 'perk0Var3': 0, 'perk1': 8009, 'perk1Var1': 380, 'perk1Var2': 300, 'perk1Var3': 0, 'perk2': 9103, 'perk2Var1': 0, 'perk2Var2': 0, 'perk2Var3': 0, 'perk3': 8014, 'perk3Var1': 128, 'perk3Var2': 0, 'perk3Var3': 0, 'perk4': 8236, 'perk4Var1': 14, 'perk4Var2': 0, 'perk4Var3': 0, 'perk5': 8275, 'perk5Var1': 6, 'perk5Var2': 0, 'perk5Var3': 0, 'perkPrimaryStyle': 8000, 'perkSubStyle': 8200, 'statPerk0': 5005, 'statPerk1': 5008, 'statPerk2': 5002}, 'timeline': {'participantId': 3, 'creepsPerMinDeltas': {'10-20': 8, '0-10': 8.6}, 'xpPerMinDeltas': {'10-20': 431.9, '0-10': 292.3}, 'goldPerMinDeltas': {'10-20': 465.70000000000005, '0-10': 266.6}, 'csDiffPerMinDeltas': {'10-20': -0.24999999999999956, '0-10': 0.55}, 'xpDiffPerMinDeltas': {'10-20': -134.75, '0-10': -25.699999999999974}, 'damageTakenPerMinDeltas': {'10-20': 555.6, '0-10': 105}, 'damageTakenDiffPerMinDeltas': {'10-20': 130.99999999999994, '0-10': 39.24999999999997}, 'role': 'DUO_CARRY', 'lane': 'BOTTOM'}}, {'participantId': 4, 'teamId': 100, 'championId': 79, 'spell1Id': 11, 'spell2Id': 4, 'stats': {'participantId': 4, 'win': False, 'item0': 1402, 'item1': 2031, 'item2': 0, 'item3': 3916, 'item4': 3020, 'item5': 0, 'item6': 3364, 'kills': 0, 'deaths': 3, 'assists': 5, 'largestKillingSpree': 0, 'largestMultiKill': 0, 'killingSprees': 0, 'longestTimeSpentLiving': 879, 'doubleKills': 0, 'tripleKills': 0, 'quadraKills': 0, 'pentaKills': 0, 'unrealKills': 0, 'totalDamageDealt': 103745, 'magicDamageDealt': 76200, 'physicalDamageDealt': 17350, 'trueDamageDealt': 10193, 'largestCriticalStrike': 0, 'totalDamageDealtToChampions': 7943, 'magicDamageDealtToChampions': 6710, 'physicalDamageDealtToChampions': 448, 'trueDamageDealtToChampions': 783, 'totalHeal': 7560, 'totalUnitsHealed': 1, 'damageSelfMitigated': 7396, 'damageDealtToObjectives': 12877, 'damageDealtToTurrets': 0, 'visionScore': 19, 'timeCCingOthers': 15, 'totalDamageTaken': 15888, 'magicalDamageTaken': 7505, 'physicalDamageTaken': 7578, 'trueDamageTaken': 804, 'goldEarned': 6364, 'goldSpent': 5500, 'turretKills': 0, 'inhibitorKills': 0, 'totalMinionsKilled': 12, 'neutralMinionsKilled': 104, 'neutralMinionsKilledTeamJungle': 78, 'neutralMinionsKilledEnemyJungle': 5, 'totalTimeCrowdControlDealt': 319, 'champLevel': 11, 'visionWardsBoughtInGame': 6, 'sightWardsBoughtInGame': 0, 'wardsPlaced': 9, 'wardsKilled': 5, 'firstBloodKill': False, 'firstBloodAssist': False, 'firstTowerKill': False, 'firstTowerAssist': False, 'combatPlayerScore': 0, 'objectivePlayerScore': 0, 'totalPlayerScore': 0, 'totalScoreRank': 0, 'playerScore0': 0, 'playerScore1': 0, 'playerScore2': 0, 'playerScore3': 0, 'playerScore4': 0, 'playerScore5': 0, 'playerScore6': 0, 'playerScore7': 0, 'playerScore8': 0, 'playerScore9': 0, 'perk0': 8128, 'perk0Var1': 334, 'perk0Var2': 7, 'perk0Var3': 485, 'perk1': 8126, 'perk1Var1': 197, 'perk1Var2': 0, 'perk1Var3': 0, 'perk2': 8138, 'perk2Var1': 10, 'perk2Var2': 0, 'perk2Var3': 0, 'perk3': 8105, 'perk3Var1': 13, 'perk3Var2': 4, 'perk3Var3': 0, 'perk4': 8304, 'perk4Var1': 11, 'perk4Var2': 1, 'perk4Var3': 5, 'perk5': 8347, 'perk5Var1': 0, 'perk5Var2': 0, 'perk5Var3': 0, 'perkPrimaryStyle': 8100, 'perkSubStyle': 8300, 'statPerk0': 5005, 'statPerk1': 5008, 'statPerk2': 5003}, 'timeline': {'participantId': 4, 'creepsPerMinDeltas': {'10-20': 0.9, '0-10': 0.1}, 'xpPerMinDeltas': {'10-20': 376.8, '0-10': 320.1}, 'goldPerMinDeltas': {'10-20': 289.6, '0-10': 265.1}, 'damageTakenPerMinDeltas': {'10-20': 903.5999999999999, '0-10': 494.20000000000005}, 'role': 'NONE', 'lane': 'JUNGLE'}}, {'participantId': 5, 'teamId': 100, 'championId': 39, 'spell1Id': 12, 'spell2Id': 4, 'stats': {'participantId': 5, 'win': False, 'item0': 3047, 'item1': 3153, 'item2': 3071, 'item3': 0, 'item4': 0, 'item5': 2033, 'item6': 3340, 'kills': 2, 'deaths': 4, 'assists': 1, 'largestKillingSpree': 0, 'largestMultiKill': 1, 'killingSprees': 0, 'longestTimeSpentLiving': 743, 'doubleKills': 0, 'tripleKills': 0, 'quadraKills': 0, 'pentaKills': 0, 'unrealKills': 0, 'totalDamageDealt': 103855, 'magicDamageDealt': 13125, 'physicalDamageDealt': 84514, 'trueDamageDealt': 6215, 'largestCriticalStrike': 0, 'totalDamageDealtToChampions': 9075, 'magicDamageDealtToChampions': 3131, 'physicalDamageDealtToChampions': 5943, 'trueDamageDealtToChampions': 0, 'totalHeal': 3998, 'totalUnitsHealed': 1, 'damageSelfMitigated': 9190, 'damageDealtToObjectives': 6191, 'damageDealtToTurrets': 3174, 'visionScore': 11, 'timeCCingOthers': 8, 'totalDamageTaken': 16087, 'magicalDamageTaken': 1827, 'physicalDamageTaken': 12808, 'trueDamageTaken': 1451, 'goldEarned': 8398, 'goldSpent': 8050, 'turretKills': 1, 'inhibitorKills': 0, 'totalMinionsKilled': 177, 'neutralMinionsKilled': 8, 'neutralMinionsKilledTeamJungle': 1, 'neutralMinionsKilledEnemyJungle': 1, 'totalTimeCrowdControlDealt': 106, 'champLevel': 13, 'visionWardsBoughtInGame': 2, 'sightWardsBoughtInGame': 0, 'wardsPlaced': 8, 'wardsKilled': 0, 'firstBloodKill': False, 'firstBloodAssist': False, 'firstTowerKill': True, 'firstTowerAssist': False, 'combatPlayerScore': 0, 'objectivePlayerScore': 0, 'totalPlayerScore': 0, 'totalScoreRank': 0, 'playerScore0': 0, 'playerScore1': 0, 'playerScore2': 0, 'playerScore3': 0, 'playerScore4': 0, 'playerScore5': 0, 'playerScore6': 0, 'playerScore7': 0, 'playerScore8': 0, 'playerScore9': 0, 'perk0': 8010, 'perk0Var1': 426, 'perk0Var2': 0, 'perk0Var3': 0, 'perk1': 9111, 'perk1Var1': 134, 'perk1Var2': 60, 'perk1Var3': 0, 'perk2': 9104, 'perk2Var1': 18, 'perk2Var2': 40, 'perk2Var3': 0, 'perk3': 8299, 'perk3Var1': 226, 'perk3Var2': 0, 'perk3Var3': 0, 'perk4': 8345, 'perk4Var1': 3, 'perk4Var2': 0, 'perk4Var3': 0, 'perk5': 8352, 'perk5Var1': 153, 'perk5Var2': 841, 'perk5Var3': 679, 'perkPrimaryStyle': 8000, 'perkSubStyle': 8300, 'statPerk0': 5008, 'statPerk1': 5008, 'statPerk2': 5002}, 'timeline': {'participantId': 5, 'creepsPerMinDeltas': {'10-20': 8, '0-10': 9.1}, 'xpPerMinDeltas': {'10-20': 556.0999999999999, '0-10': 453.7}, 'goldPerMinDeltas': {'10-20': 448.9, '0-10': 308.8}, 'damageTakenPerMinDeltas': {'10-20': 970.1, '0-10': 553.7}, 'role': 'DUO', 'lane': 'TOP'}}, {'participantId': 6, 'teamId': 200, 'championId': 266, 'spell1Id': 4, 'spell2Id': 12, 'stats': {'participantId': 6, 'win': True, 'item0': 1054, 'item1': 2420, 'item2': 3133, 'item3': 3071, 'item4': 3047, 'item5': 1053, 'item6': 3364, 'kills': 5, 'deaths': 2, 'assists': 4, 'largestKillingSpree': 3, 'largestMultiKill': 2, 'killingSprees': 1, 'longestTimeSpentLiving': 582, 'doubleKills': 1, 'tripleKills': 0, 'quadraKills': 0, 'pentaKills': 0, 'unrealKills': 0, 'totalDamageDealt': 97899, 'magicDamageDealt': 0, 'physicalDamageDealt': 96243, 'trueDamageDealt': 1656, 'largestCriticalStrike': 0, 'totalDamageDealtToChampions': 11357, 'magicDamageDealtToChampions': 0, 'physicalDamageDealtToChampions': 11255, 'trueDamageDealtToChampions': 102, 'totalHeal': 4665, 'totalUnitsHealed': 1, 'damageSelfMitigated': 10468, 'damageDealtToObjectives': 2837, 'damageDealtToTurrets': 728, 'visionScore': 28, 'timeCCingOthers': 21, 'totalDamageTaken': 14375, 'magicalDamageTaken': 3608, 'physicalDamageTaken': 10363, 'trueDamageTaken': 404, 'goldEarned': 8758, 'goldSpent': 7475, 'turretKills': 0, 'inhibitorKills': 0, 'totalMinionsKilled': 158, 'neutralMinionsKilled': 26, 'neutralMinionsKilledTeamJungle': 13, 'neutralMinionsKilledEnemyJungle': 4, 'totalTimeCrowdControlDealt': 162, 'champLevel': 14, 'visionWardsBoughtInGame': 3, 'sightWardsBoughtInGame': 0, 'wardsPlaced': 8, 'wardsKilled': 1, 'firstBloodKill': True, 'firstBloodAssist': False, 'firstTowerKill': False, 'firstTowerAssist': False, 'combatPlayerScore': 0, 'objectivePlayerScore': 0, 'totalPlayerScore': 0, 'totalScoreRank': 0, 'playerScore0': 0, 'playerScore1': 0, 'playerScore2': 0, 'playerScore3': 0, 'playerScore4': 0, 'playerScore5': 0, 'playerScore6': 0, 'playerScore7': 0, 'playerScore8': 0, 'playerScore9': 0, 'perk0': 8010, 'perk0Var1': 88, 'perk0Var2': 0, 'perk0Var3': 0, 'perk1': 9111, 'perk1Var1': 374, 'perk1Var2': 180, 'perk1Var3': 0, 'perk2': 9105, 'perk2Var1': 16, 'perk2Var2': 30, 'perk2Var3': 0, 'perk3': 8014, 'perk3Var1': 137, 'perk3Var2': 0, 'perk3Var3': 0, 'perk4': 8473, 'perk4Var1': 266, 'perk4Var2': 0, 'perk4Var3': 0, 'perk5': 8451, 'perk5Var1': 165, 'perk5Var2': 0, 'perk5Var3': 0, 'perkPrimaryStyle': 8000, 'perkSubStyle': 8400, 'statPerk0': 5007, 'statPerk1': 5008, 'statPerk2': 5002}, 'timeline': {'participantId': 6, 'creepsPerMinDeltas': {'10-20': 8.6, '0-10': 6.8}, 'xpPerMinDeltas': {'10-20': 637.0999999999999, '0-10': 474.6}, 'goldPerMinDeltas': {'10-20': 410.20000000000005, '0-10': 308.79999999999995}, 'damageTakenPerMinDeltas': {'10-20': 977.9, '0-10': 330.70000000000005}, 'role': 'NONE', 'lane': 'JUNGLE'}}, {'participantId': 7, 'teamId': 200, 'championId': 163, 'spell1Id': 4, 'spell2Id': 11, 'stats': {'participantId': 7, 'win': True, 'item0': 3020, 'item1': 3041, 'item2': 3916, 'item3': 2055, 'item4': 1402, 'item5': 0, 'item6': 3364, 'kills': 6, 'deaths': 1, 'assists': 6, 'largestKillingSpree': 4, 'largestMultiKill': 1, 'killingSprees': 2, 'longestTimeSpentLiving': 797, 'doubleKills': 0, 'tripleKills': 0, 'quadraKills': 0, 'pentaKills': 0, 'unrealKills': 0, 'totalDamageDealt': 107573, 'magicDamageDealt': 76825, 'physicalDamageDealt': 17394, 'trueDamageDealt': 13354, 'largestCriticalStrike': 0, 'totalDamageDealtToChampions': 11104, 'magicDamageDealtToChampions': 9234, 'physicalDamageDealtToChampions': 920, 'trueDamageDealtToChampions': 949, 'totalHeal': 5202, 'totalUnitsHealed': 1, 'damageSelfMitigated': 3184, 'damageDealtToObjectives': 21155, 'damageDealtToTurrets': 362, 'visionScore': 39, 'timeCCingOthers': 10, 'totalDamageTaken': 9203, 'magicalDamageTaken': 3909, 'physicalDamageTaken': 5001, 'trueDamageTaken': 292, 'goldEarned': 7691, 'goldSpent': 7125, 'turretKills': 1, 'inhibitorKills': 0, 'totalMinionsKilled': 18, 'neutralMinionsKilled': 99, 'neutralMinionsKilledTeamJungle': 83, 'neutralMinionsKilledEnemyJungle': 0, 'totalTimeCrowdControlDealt': 243, 'champLevel': 12, 'visionWardsBoughtInGame': 5, 'sightWardsBoughtInGame': 0, 'wardsPlaced': 15, 'wardsKilled': 9, 'firstBloodKill': False, 'firstBloodAssist': False, 'firstTowerKill': False, 'firstTowerAssist': False, 'combatPlayerScore': 0, 'objectivePlayerScore': 0, 'totalPlayerScore': 0, 'totalScoreRank': 0, 'playerScore0': 0, 'playerScore1': 0, 'playerScore2': 0, 'playerScore3': 0, 'playerScore4': 0, 'playerScore5': 0, 'playerScore6': 0, 'playerScore7': 0, 'playerScore8': 0, 'playerScore9': 0, 'perk0': 8128, 'perk0Var1': 917, 'perk0Var2': 14, 'perk0Var3': 609, 'perk1': 8126, 'perk1Var1': 365, 'perk1Var2': 0, 'perk1Var3': 0, 'perk2': 8136, 'perk2Var1': 11, 'perk2Var2': 30, 'perk2Var3': 0, 'perk3': 8135, 'perk3Var1': 3122, 'perk3Var2': 5, 'perk3Var3': 0, 'perk4': 8275, 'perk4Var1': 14, 'perk4Var2': 0, 'perk4Var3': 0, 'perk5': 8232, 'perk5Var1': 5, 'perk5Var2': 20, 'perk5Var3': 0, 'perkPrimaryStyle': 8100, 'perkSubStyle': 8200, 'statPerk0': 5005, 'statPerk1': 5008, 'statPerk2': 5002}, 'timeline': {'participantId': 7, 'creepsPerMinDeltas': {'10-20': 1.2999999999999998, '0-10': 0.2}, 'xpPerMinDeltas': {'10-20': 546.2, '0-10': 297.7}, 'goldPerMinDeltas': {'10-20': 373.5, '0-10': 257.3}, 'damageTakenPerMinDeltas': {'10-20': 560.2, '0-10': 294.1}, 'role': 'NONE', 'lane': 'JUNGLE'}}, {'participantId': 8, 'teamId': 200, 'championId': 55, 'spell1Id': 4, 'spell2Id': 14, 'stats': {'participantId': 8, 'win': True, 'item0': 0, 'item1': 0, 'item2': 3146, 'item3': 2421, 'item4': 3020, 'item5': 0, 'item6': 3340, 'kills': 0, 'deaths': 2, 'assists': 10, 'largestKillingSpree': 0, 'largestMultiKill': 0, 'killingSprees': 0, 'longestTimeSpentLiving': 845, 'doubleKills': 0, 'tripleKills': 0, 'quadraKills': 0, 'pentaKills': 0, 'unrealKills': 0, 'totalDamageDealt': 74698, 'magicDamageDealt': 65157, 'physicalDamageDealt': 9101, 'trueDamageDealt': 440, 'largestCriticalStrike': 0, 'totalDamageDealtToChampions': 11123, 'magicDamageDealtToChampions': 10005, 'physicalDamageDealtToChampions': 678, 'trueDamageDealtToChampions': 440, 'totalHeal': 811, 'totalUnitsHealed': 1, 'damageSelfMitigated': 4622, 'damageDealtToObjectives': 129, 'damageDealtToTurrets': 129, 'visionScore': 13, 'timeCCingOthers': 1, 'totalDamageTaken': 9205, 'magicalDamageTaken': 2179, 'physicalDamageTaken': 6052, 'trueDamageTaken': 972, 'goldEarned': 6512, 'goldSpent': 5425, 'turretKills': 0, 'inhibitorKills': 0, 'totalMinionsKilled': 135, 'neutralMinionsKilled': 0, 'neutralMinionsKilledTeamJungle': 0, 'neutralMinionsKilledEnemyJungle': 0, 'totalTimeCrowdControlDealt': 7, 'champLevel': 13, 'visionWardsBoughtInGame': 1, 'sightWardsBoughtInGame': 0, 'wardsPlaced': 7, 'wardsKilled': 1, 'firstBloodKill': False, 'firstBloodAssist': False, 'firstTowerKill': False, 'firstTowerAssist': False, 'combatPlayerScore': 0, 'objectivePlayerScore': 0, 'totalPlayerScore': 0, 'totalScoreRank': 0, 'playerScore0': 0, 'playerScore1': 0, 'playerScore2': 0, 'playerScore3': 0, 'playerScore4': 0, 'playerScore5': 0, 'playerScore6': 0, 'playerScore7': 0, 'playerScore8': 0, 'playerScore9': 0, 'perk0': 8112, 'perk0Var1': 759, 'perk0Var2': 0, 'perk0Var3': 0, 'perk1': 8143, 'perk1Var1': 445, 'perk1Var2': 0, 'perk1Var3': 0, 'perk2': 8138, 'perk2Var1': 30, 'perk2Var2': 0, 'perk2Var3': 0, 'perk3': 8105, 'perk3Var1': 16, 'perk3Var2': 5, 'perk3Var3': 0, 'perk4': 8473, 'perk4Var1': 392, 'perk4Var2': 0, 'perk4Var3': 0, 'perk5': 8451, 'perk5Var1': 144, 'perk5Var2': 0, 'perk5Var3': 0, 'perkPrimaryStyle': 8100, 'perkSubStyle': 8400, 'statPerk0': 5008, 'statPerk1': 5008, 'statPerk2': 5002}, 'timeline': {'participantId': 8, 'creepsPerMinDeltas': {'10-20': 6.2, '0-10': 6.6}, 'xpPerMinDeltas': {'10-20': 451.90000000000003, '0-10': 466.4}, 'goldPerMinDeltas': {'10-20': 285.1, '0-10': 235}, 'damageTakenPerMinDeltas': {'10-20': 612, '0-10': 156.7}, 'role': 'SOLO', 'lane': 'MIDDLE'}}, {'participantId': 9, 'teamId': 200, 'championId': 53, 'spell1Id': 14, 'spell2Id': 4, 'stats': {'participantId': 9, 'win': True, 'item0': 3857, 'item1': 2055, 'item2': 3050, 'item3': 3801, 'item4': 1004, 'item5': 3009, 'item6': 3364, 'kills': 1, 'deaths': 1, 'assists': 16, 'largestKillingSpree': 0, 'largestMultiKill': 1, 'killingSprees': 0, 'longestTimeSpentLiving': 772, 'doubleKills': 0, 'tripleKills': 0, 'quadraKills': 0, 'pentaKills': 0, 'unrealKills': 0, 'totalDamageDealt': 17810, 'magicDamageDealt': 5030, 'physicalDamageDealt': 7415, 'trueDamageDealt': 5365, 'largestCriticalStrike': 0, 'totalDamageDealtToChampions': 4990, 'magicDamageDealtToChampions': 2965, 'physicalDamageDealtToChampions': 1654, 'trueDamageDealtToChampions': 370, 'totalHeal': 0, 'totalUnitsHealed': 0, 'damageSelfMitigated': 8842, 'damageDealtToObjectives': 1883, 'damageDealtToTurrets': 1149, 'visionScore': 49, 'timeCCingOthers': 22, 'totalDamageTaken': 9251, 'magicalDamageTaken': 4017, 'physicalDamageTaken': 5127, 'trueDamageTaken': 105, 'goldEarned': 5876, 'goldSpent': 5025, 'turretKills': 0, 'inhibitorKills': 0, 'totalMinionsKilled': 26, 'neutralMinionsKilled': 0, 'neutralMinionsKilledTeamJungle': 0, 'neutralMinionsKilledEnemyJungle': 0, 'totalTimeCrowdControlDealt': 92, 'champLevel': 11, 'visionWardsBoughtInGame': 8, 'sightWardsBoughtInGame': 0, 'wardsPlaced': 27, 'wardsKilled': 4, 'firstBloodKill': False, 'firstBloodAssist': False, 'firstTowerKill': False, 'firstTowerAssist': False, 'combatPlayerScore': 0, 'objectivePlayerScore': 0, 'totalPlayerScore': 0, 'totalScoreRank': 0, 'playerScore0': 0, 'playerScore1': 0, 'playerScore2': 0, 'playerScore3': 0, 'playerScore4': 0, 'playerScore5': 0, 'playerScore6': 0, 'playerScore7': 0, 'playerScore8': 0, 'playerScore9': 0, 'perk0': 8439, 'perk0Var1': 362, 'perk0Var2': 0, 'perk0Var3': 0, 'perk1': 8446, 'perk1Var1': 913, 'perk1Var2': 0, 'perk1Var3': 0, 'perk2': 8444, 'perk2Var1': 671, 'perk2Var2': 0, 'perk2Var3': 0, 'perk3': 8242, 'perk3Var1': 7, 'perk3Var2': 0, 'perk3Var3': 0, 'perk4': 8316, 'perk4Var1': 469, 'perk4Var2': 0, 'perk4Var3': 0, 'perk5': 8306, 'perk5Var1': 7, 'perk5Var2': 0, 'perk5Var3': 0, 'perkPrimaryStyle': 8400, 'perkSubStyle': 8300, 'statPerk0': 5008, 'statPerk1': 5002, 'statPerk2': 5003}, 'timeline': {'participantId': 9, 'creepsPerMinDeltas': {'10-20': 1.2999999999999998, '0-10': 1.2999999999999998}, 'xpPerMinDeltas': {'10-20': 409.2, '0-10': 284.4}, 'goldPerMinDeltas': {'10-20': 279.7, '0-10': 197.3}, 'csDiffPerMinDeltas': {'10-20': 0.24999999999999956, '0-10': -0.55}, 'xpDiffPerMinDeltas': {'10-20': 134.75, '0-10': 25.699999999999974}, 'damageTakenPerMinDeltas': {'10-20': 619.5, '0-10': 135}, 'damageTakenDiffPerMinDeltas': {'10-20': -130.99999999999994, '0-10': -39.24999999999997}, 'role': 'DUO_SUPPORT', 'lane': 'BOTTOM'}}, {'participantId': 10, 'teamId': 200, 'championId': 67, 'spell1Id': 4, 'spell2Id': 7, 'stats': {'participantId': 10, 'win': True, 'item0': 1054, 'item1': 3153, 'item2': 1042, 'item3': 3006, 'item4': 3124, 'item5': 1042, 'item6': 3363, 'kills': 10, 'deaths': 0, 'assists': 7, 'largestKillingSpree': 10, 'largestMultiKill': 2, 'killingSprees': 1, 'longestTimeSpentLiving': 0, 'doubleKills': 1, 'tripleKills': 0, 'quadraKills': 0, 'pentaKills': 0, 'unrealKills': 0, 'totalDamageDealt': 83204, 'magicDamageDealt': 1672, 'physicalDamageDealt': 66986, 'trueDamageDealt': 14545, 'largestCriticalStrike': 0, 'totalDamageDealtToChampions': 14350, 'magicDamageDealtToChampions': 577, 'physicalDamageDealtToChampions': 9754, 'trueDamageDealtToChampions': 4018, 'totalHeal': 1574, 'totalUnitsHealed': 3, 'damageSelfMitigated': 6658, 'damageDealtToObjectives': 3824, 'damageDealtToTurrets': 1626, 'visionScore': 22, 'timeCCingOthers': 13, 'totalDamageTaken': 9245, 'magicalDamageTaken': 2699, 'physicalDamageTaken': 5769, 'trueDamageTaken': 775, 'goldEarned': 10835, 'goldSpent': 8825, 'turretKills': 0, 'inhibitorKills': 0, 'totalMinionsKilled': 173, 'neutralMinionsKilled': 8, 'neutralMinionsKilledTeamJungle': 8, 'neutralMinionsKilledEnemyJungle': 0, 'totalTimeCrowdControlDealt': 88, 'champLevel': 13, 'visionWardsBoughtInGame': 1, 'sightWardsBoughtInGame': 0, 'wardsPlaced': 7, 'wardsKilled': 5, 'firstBloodKill': False, 'firstBloodAssist': False, 'firstTowerKill': False, 'firstTowerAssist': False, 'combatPlayerScore': 0, 'objectivePlayerScore': 0, 'totalPlayerScore': 0, 'totalScoreRank': 0, 'playerScore0': 0, 'playerScore1': 0, 'playerScore2': 0, 'playerScore3': 0, 'playerScore4': 0, 'playerScore5': 0, 'playerScore6': 0, 'playerScore7': 0, 'playerScore8': 0, 'playerScore9': 0, 'perk0': 8005, 'perk0Var1': 1163, 'perk0Var2': 784, 'perk0Var3': 379, 'perk1': 9101, 'perk1Var1': 1956, 'perk1Var2': 2194, 'perk1Var3': 0, 'perk2': 9104, 'perk2Var1': 14, 'perk2Var2': 10, 'perk2Var3': 0, 'perk3': 8017, 'perk3Var1': 446, 'perk3Var2': 0, 'perk3Var3': 0, 'perk4': 8275, 'perk4Var1': 6, 'perk4Var2': 0, 'perk4Var3': 0, 'perk5': 8236, 'perk5Var1': 14, 'perk5Var2': 0, 'perk5Var3': 0, 'perkPrimaryStyle': 8000, 'perkSubStyle': 8200, 'statPerk0': 5005, 'statPerk1': 5008, 'statPerk2': 5002}, 'timeline': {'participantId': 10, 'creepsPerMinDeltas': {'10-20': 8.1, '0-10': 7.5}, 'xpPerMinDeltas': {'10-20': 569.7, '0-10': 321.5}, 'goldPerMinDeltas': {'10-20': 580.2, '0-10': 305.2}, 'csDiffPerMinDeltas': {'10-20': 0.24999999999999956, '0-10': -0.55}, 'xpDiffPerMinDeltas': {'10-20': 134.75, '0-10': 25.699999999999974}, 'damageTakenPerMinDeltas': {'10-20': 584.4000000000001, '0-10': 143.7}, 'damageTakenDiffPerMinDeltas': {'10-20': -130.99999999999994, '0-10': -39.24999999999997}, 'role': 'DUO_CARRY', 'lane': 'BOTTOM'}}]",KR,420.0,13.0,,
19,1584256032548.0,1660.0,4219463634.0,CLASSIC,MATCHED_GAME,10.5.312.392,11.0,"[{'participantId': 1, 'player': {'platformId': 'KR', 'accountId': 'KbmgOsInIeGrcJbIiHJ_teylud4IX7aCbdZ2OnJRVFUJlqA', 'summonerName': '최악의탑', 'summonerId': 'LSPW612M3QnR1Bhh51OCJbmZMt5v5q-ngg4qWKJz9WuStsY', 'currentPlatformId': 'KR', 'currentAccountId': 'KbmgOsInIeGrcJbIiHJ_teylud4IX7aCbdZ2OnJRVFUJlqA', 'matchHistoryUri': '/v1/stats/player_history/KR/209312085', 'profileIcon': 4378}}, {'participantId': 2, 'player': {'platformId': 'KR', 'accountId': 'RpfEsn4uy31t7jaK4jiAlINRVeFqbcK3fXanABDw9KIQloc', 'summonerName': '꿈의 남자', 'summonerId': 'P9oKEXsIW-putU_nwPf8S8WBHcaWtHKOxaxUKT33kKU_aBU', 'currentPlatformId': 'KR', 'currentAccountId': 'RpfEsn4uy31t7jaK4jiAlINRVeFqbcK3fXanABDw9KIQloc', 'matchHistoryUri': '/v1/stats/player_history/KR/209296297', 'profileIcon': 7}}, {'participantId': 3, 'player': {'platformId': 'KR', 'accountId': 'oEEfKZhHycdHFB86x1iTmXPfa7nACGS5PzHeddpbHA5_', 'summonerName': '나는대포너는머포', 'summonerId': 'vmxz3hK9o_k2uGte_AczeXW8stno5l_HvrO1t61DM-Y5_g', 'currentPlatformId': 'KR', 'currentAccountId': 'oEEfKZhHycdHFB86x1iTmXPfa7nACGS5PzHeddpbHA5_', 'matchHistoryUri': '/v1/stats/player_history/KR/1367961', 'profileIcon': 18}}, {'participantId': 4, 'player': {'platformId': 'KR', 'accountId': '7BaX_M6Y1fmstFdlXl-IsrpjOmvXY6w8JBfHCSFd7YRf5ZrUNrXtXy8l', 'summonerName': 'sry1sry1', 'summonerId': 'lfqAFwVtc5tRK5ZbLy67oWaiWdWmfm1c6iExK7yAQuZodw8', 'currentPlatformId': 'KR', 'currentAccountId': '7BaX_M6Y1fmstFdlXl-IsrpjOmvXY6w8JBfHCSFd7YRf5ZrUNrXtXy8l', 'matchHistoryUri': '/v1/stats/player_history/KR/2296535279488192', 'profileIcon': 3550}}, {'participantId': 5, 'player': {'platformId': 'KR', 'accountId': '0yCm8fYo6IGCf-fhQH8xuJX9KSIItVnaqfmaW_Y-YONDSyg', 'summonerName': 'Cai Qi', 'summonerId': 'o_od4BCAUx9SMCp1hakylwhSCtvBPAERVjSlfT0k02m_AN0', 'currentPlatformId': 'KR', 'currentAccountId': '0yCm8fYo6IGCf-fhQH8xuJX9KSIItVnaqfmaW_Y-YONDSyg', 'matchHistoryUri': '/v1/stats/player_history/KR/204801635', 'profileIcon': 6}}, {'participantId': 6, 'player': {'platformId': 'KR', 'accountId': 'IIWG7FRiqE8CuZaCslKkNxkglwpgnePPxDslb2tv66FKrgo', 'summonerName': 'Youtube Thal', 'summonerId': '8Cx100isJ6RMMeOmUX_-Wg0CESabVTYk-e8P8Ijj3zuIiB4', 'currentPlatformId': 'KR', 'currentAccountId': 'IIWG7FRiqE8CuZaCslKkNxkglwpgnePPxDslb2tv66FKrgo', 'matchHistoryUri': '/v1/stats/player_history/KR/201236882', 'profileIcon': 4090}}, {'participantId': 7, 'player': {'platformId': 'KR', 'accountId': '9nFIYXSiwY19z5DMFpJAqRIPpTJTJAuiuFjQ1jFlZtwfg_Q', 'summonerName': 'madkoed', 'summonerId': '8VvOguJ7iSNCQoTK2UnHAlOXeEebFNn86rTFnKZpX-QQrHk', 'currentPlatformId': 'KR', 'currentAccountId': '9nFIYXSiwY19z5DMFpJAqRIPpTJTJAuiuFjQ1jFlZtwfg_Q', 'matchHistoryUri': '/v1/stats/player_history/KR/209925871', 'profileIcon': 6}}, {'participantId': 8, 'player': {'platformId': 'KR', 'accountId': 'd-1qiMjHGyQ_ADG-T3S73MZDLqO4X7sLobi3txR0kiDSjaD8LKuDq3Gb', 'summonerName': '다줘패는중학교', 'summonerId': '94l2aByrYMPmWpYfepNptsFrJyAGaW1k4G9L5KvlxsxUnLY', 'currentPlatformId': 'KR', 'currentAccountId': 'd-1qiMjHGyQ_ADG-T3S73MZDLqO4X7sLobi3txR0kiDSjaD8LKuDq3Gb', 'matchHistoryUri': '/v1/stats/player_history/KR/2359190042283264', 'profileIcon': 3889}}, {'participantId': 9, 'player': {'platformId': 'kr', 'accountId': '1C4v3z1Ly_5Raz1tWO1FDkWnEq8V9sxnyM9TjiYe9O2EcTA', 'summonerName': 'HLE Bmav', 'summonerId': 'cgkw20LcEbkxf1pkoa42CSzDC4lBqt3waYiqnpyrQxWP3fM', 'currentPlatformId': 'KR', 'currentAccountId': '1C4v3z1Ly_5Raz1tWO1FDkWnEq8V9sxnyM9TjiYe9O2EcTA', 'matchHistoryUri': '/v1/stats/player_history/kr/210569816', 'profileIcon': 4151}}, {'participantId': 10, 'player': {'platformId': 'KR', 'accountId': 'McmZhfRY9g6TcaocUrxTyzSCcfXKYdbE6zPbMQWfa47HB8-0YIctAIGR', 'summonerName': 'HLE CaD', 'summonerId': 'KGg241WPgG5z4Qzr7X4POOKO9_jlDH33rTBhTokpF5VLU3Y', 'currentPlatformId': 'KR', 'currentAccountId': 'McmZhfRY9g6TcaocUrxTyzSCcfXKYdbE6zPbMQWfa47HB8-0YIctAIGR', 'matchHistoryUri': '/v1/stats/player_history/KR/2109596142014208', 'profileIcon': 1437}}]","[{'participantId': 1, 'teamId': 100, 'championId': 266, 'spell1Id': 12, 'spell2Id': 4, 'stats': {'participantId': 1, 'win': True, 'item0': 1055, 'item1': 3047, 'item2': 3071, 'item3': 3812, 'item4': 1031, 'item5': 0, 'item6': 3340, 'kills': 2, 'deaths': 0, 'assists': 9, 'largestKillingSpree': 2, 'largestMultiKill': 1, 'killingSprees': 1, 'longestTimeSpentLiving': 0, 'doubleKills': 0, 'tripleKills': 0, 'quadraKills': 0, 'pentaKills': 0, 'unrealKills': 0, 'totalDamageDealt': 153629, 'magicDamageDealt': 0, 'physicalDamageDealt': 145594, 'trueDamageDealt': 8035, 'largestCriticalStrike': 0, 'totalDamageDealtToChampions': 10080, 'magicDamageDealtToChampions': 0, 'physicalDamageDealtToChampions': 10080, 'trueDamageDealtToChampions': 0, 'totalHeal': 10098, 'totalUnitsHealed': 1, 'damageSelfMitigated': 19867, 'damageDealtToObjectives': 14323, 'damageDealtToTurrets': 3136, 'visionScore': 11, 'timeCCingOthers': 12, 'totalDamageTaken': 17763, 'magicalDamageTaken': 3719, 'physicalDamageTaken': 10586, 'trueDamageTaken': 3457, 'goldEarned': 11195, 'goldSpent': 8900, 'turretKills': 1, 'inhibitorKills': 0, 'totalMinionsKilled': 204, 'neutralMinionsKilled': 24, 'neutralMinionsKilledTeamJungle': 12, 'neutralMinionsKilledEnemyJungle': 9, 'totalTimeCrowdControlDealt': 165, 'champLevel': 16, 'visionWardsBoughtInGame': 0, 'sightWardsBoughtInGame': 0, 'wardsPlaced': 8, 'wardsKilled': 1, 'firstBloodKill': False, 'firstBloodAssist': False, 'firstTowerKill': False, 'firstTowerAssist': False, 'firstInhibitorKill': False, 'firstInhibitorAssist': True, 'combatPlayerScore': 0, 'objectivePlayerScore': 0, 'totalPlayerScore': 0, 'totalScoreRank': 0, 'playerScore0': 0, 'playerScore1': 0, 'playerScore2': 0, 'playerScore3': 0, 'playerScore4': 0, 'playerScore5': 0, 'playerScore6': 0, 'playerScore7': 0, 'playerScore8': 0, 'playerScore9': 0, 'perk0': 8010, 'perk0Var1': 37, 'perk0Var2': 0, 'perk0Var3': 0, 'perk1': 9111, 'perk1Var1': 737, 'perk1Var2': 220, 'perk1Var3': 0, 'perk2': 9105, 'perk2Var1': 16, 'perk2Var2': 10, 'perk2Var3': 0, 'perk3': 8299, 'perk3Var1': 184, 'perk3Var2': 0, 'perk3Var3': 0, 'perk4': 8139, 'perk4Var1': 725, 'perk4Var2': 0, 'perk4Var3': 0, 'perk5': 8135, 'perk5Var1': 2160, 'perk5Var2': 4, 'perk5Var3': 0, 'perkPrimaryStyle': 8000, 'perkSubStyle': 8100, 'statPerk0': 5007, 'statPerk1': 5008, 'statPerk2': 5002}, 'timeline': {'participantId': 1, 'creepsPerMinDeltas': {'10-20': 8.7, '0-10': 7.7}, 'xpPerMinDeltas': {'10-20': 578.6, '0-10': 443.9}, 'goldPerMinDeltas': {'10-20': 406.2, '0-10': 294.8}, 'csDiffPerMinDeltas': {'10-20': -0.7999999999999998, '0-10': 0.30000000000000027}, 'xpDiffPerMinDeltas': {'10-20': 13.700000000000045, '0-10': -13.799999999999983}, 'damageTakenPerMinDeltas': {'10-20': 524.6, '0-10': 194.2}, 'damageTakenDiffPerMinDeltas': {'10-20': 433.30000000000007, '0-10': -15.5}, 'role': 'SOLO', 'lane': 'TOP'}}, {'participantId': 2, 'teamId': 100, 'championId': 412, 'spell1Id': 14, 'spell2Id': 4, 'stats': {'participantId': 2, 'win': True, 'item0': 3193, 'item1': 3857, 'item2': 0, 'item3': 3109, 'item4': 0, 'item5': 3117, 'item6': 3364, 'kills': 3, 'deaths': 5, 'assists': 19, 'largestKillingSpree': 2, 'largestMultiKill': 1, 'killingSprees': 1, 'longestTimeSpentLiving': 534, 'doubleKills': 0, 'tripleKills': 0, 'quadraKills': 0, 'pentaKills': 0, 'unrealKills': 0, 'totalDamageDealt': 23312, 'magicDamageDealt': 10916, 'physicalDamageDealt': 7086, 'trueDamageDealt': 5308, 'largestCriticalStrike': 0, 'totalDamageDealtToChampions': 6218, 'magicDamageDealtToChampions': 4119, 'physicalDamageDealtToChampions': 1091, 'trueDamageDealtToChampions': 1006, 'totalHeal': 1506, 'totalUnitsHealed': 1, 'damageSelfMitigated': 21226, 'damageDealtToObjectives': 3727, 'damageDealtToTurrets': 2432, 'visionScore': 78, 'timeCCingOthers': 21, 'totalDamageTaken': 16122, 'magicalDamageTaken': 3901, 'physicalDamageTaken': 10915, 'trueDamageTaken': 1305, 'goldEarned': 8488, 'goldSpent': 6900, 'turretKills': 1, 'inhibitorKills': 0, 'totalMinionsKilled': 33, 'neutralMinionsKilled': 0, 'neutralMinionsKilledTeamJungle': 0, 'neutralMinionsKilledEnemyJungle': 0, 'totalTimeCrowdControlDealt': 85, 'champLevel': 13, 'visionWardsBoughtInGame': 12, 'sightWardsBoughtInGame': 0, 'wardsPlaced': 36, 'wardsKilled': 13, 'firstBloodKill': False, 'firstBloodAssist': False, 'firstTowerKill': False, 'firstTowerAssist': False, 'firstInhibitorKill': False, 'firstInhibitorAssist': True, 'combatPlayerScore': 0, 'objectivePlayerScore': 0, 'totalPlayerScore': 0, 'totalScoreRank': 0, 'playerScore0': 0, 'playerScore1': 0, 'playerScore2': 0, 'playerScore3': 0, 'playerScore4': 0, 'playerScore5': 0, 'playerScore6': 0, 'playerScore7': 0, 'playerScore8': 0, 'playerScore9': 0, 'perk0': 8439, 'perk0Var1': 209, 'perk0Var2': 0, 'perk0Var3': 0, 'perk1': 8446, 'perk1Var1': 1707, 'perk1Var2': 0, 'perk1Var3': 0, 'perk2': 8473, 'perk2Var1': 424, 'perk2Var2': 0, 'perk2Var3': 0, 'perk3': 8451, 'perk3Var1': 167, 'perk3Var2': 0, 'perk3Var3': 0, 'perk4': 8313, 'perk4Var1': 0, 'perk4Var2': 0, 'perk4Var3': 0, 'perk5': 8345, 'perk5Var1': 3, 'perk5Var2': 0, 'perk5Var3': 0, 'perkPrimaryStyle': 8400, 'perkSubStyle': 8300, 'statPerk0': 5005, 'statPerk1': 5003, 'statPerk2': 5002}, 'timeline': {'participantId': 2, 'creepsPerMinDeltas': {'10-20': 1.4, '0-10': 1.2}, 'xpPerMinDeltas': {'10-20': 258.7, '0-10': 269.4}, 'goldPerMinDeltas': {'10-20': 268.3, '0-10': 206.10000000000002}, 'csDiffPerMinDeltas': {'10-20': 1.55, '0-10': 0.5000000000000001}, 'xpDiffPerMinDeltas': {'10-20': 88.75, '0-10': 46.54999999999998}, 'damageTakenPerMinDeltas': {'10-20': 375.40000000000003, '0-10': 433.9}, 'damageTakenDiffPerMinDeltas': {'10-20': 160.70000000000002, '0-10': 110.10000000000002}, 'role': 'DUO_SUPPORT', 'lane': 'BOTTOM'}}, {'participantId': 3, 'teamId': 100, 'championId': 429, 'spell1Id': 4, 'spell2Id': 1, 'stats': {'participantId': 3, 'win': True, 'item0': 3156, 'item1': 1038, 'item2': 3153, 'item3': 3006, 'item4': 1054, 'item5': 3085, 'item6': 3363, 'kills': 9, 'deaths': 2, 'assists': 16, 'largestKillingSpree': 5, 'largestMultiKill': 2, 'killingSprees': 2, 'longestTimeSpentLiving': 861, 'doubleKills': 1, 'tripleKills': 0, 'quadraKills': 0, 'pentaKills': 0, 'unrealKills': 0, 'totalDamageDealt': 201043, 'magicDamageDealt': 425, 'physicalDamageDealt': 190163, 'trueDamageDealt': 10453, 'largestCriticalStrike': 1567, 'totalDamageDealtToChampions': 21145, 'magicDamageDealtToChampions': 425, 'physicalDamageDealtToChampions': 20477, 'trueDamageDealtToChampions': 242, 'totalHeal': 4412, 'totalUnitsHealed': 1, 'damageSelfMitigated': 11632, 'damageDealtToObjectives': 25471, 'damageDealtToTurrets': 7833, 'visionScore': 32, 'timeCCingOthers': 16, 'totalDamageTaken': 19115, 'magicalDamageTaken': 6649, 'physicalDamageTaken': 11679, 'trueDamageTaken': 786, 'goldEarned': 14293, 'goldSpent': 12425, 'turretKills': 5, 'inhibitorKills': 1, 'totalMinionsKilled': 208, 'neutralMinionsKilled': 30, 'neutralMinionsKilledTeamJungle': 8, 'neutralMinionsKilledEnemyJungle': 7, 'totalTimeCrowdControlDealt': 303, 'champLevel': 15, 'visionWardsBoughtInGame': 3, 'sightWardsBoughtInGame': 0, 'wardsPlaced': 9, 'wardsKilled': 10, 'firstBloodKill': False, 'firstBloodAssist': False, 'firstTowerKill': False, 'firstTowerAssist': False, 'firstInhibitorKill': True, 'firstInhibitorAssist': False, 'combatPlayerScore': 0, 'objectivePlayerScore': 0, 'totalPlayerScore': 0, 'totalScoreRank': 0, 'playerScore0': 0, 'playerScore1': 0, 'playerScore2': 0, 'playerScore3': 0, 'playerScore4': 0, 'playerScore5': 0, 'playerScore6': 0, 'playerScore7': 0, 'playerScore8': 0, 'playerScore9': 0, 'perk0': 9923, 'perk0Var1': 62, 'perk0Var2': 93, 'perk0Var3': 0, 'perk1': 8139, 'perk1Var1': 632, 'perk1Var2': 0, 'perk1Var3': 0, 'perk2': 8138, 'perk2Var1': 18, 'perk2Var2': 0, 'perk2Var3': 0, 'perk3': 8135, 'perk3Var1': 2964, 'perk3Var2': 5, 'perk3Var3': 0, 'perk4': 9104, 'perk4Var1': 9, 'perk4Var2': 30, 'perk4Var3': 0, 'perk5': 8014, 'perk5Var1': 409, 'perk5Var2': 0, 'perk5Var3': 0, 'perkPrimaryStyle': 8100, 'perkSubStyle': 8000, 'statPerk0': 5005, 'statPerk1': 5008, 'statPerk2': 5002}, 'timeline': {'participantId': 3, 'creepsPerMinDeltas': {'10-20': 10.6, '0-10': 6.199999999999999}, 'xpPerMinDeltas': {'10-20': 543.7, '0-10': 396.1}, 'goldPerMinDeltas': {'10-20': 511.79999999999995, '0-10': 416}, 'csDiffPerMinDeltas': {'10-20': 1.55, '0-10': 0.5000000000000001}, 'xpDiffPerMinDeltas': {'10-20': 88.75, '0-10': 46.54999999999998}, 'damageTakenPerMinDeltas': {'10-20': 486.8, '0-10': 506.29999999999995}, 'damageTakenDiffPerMinDeltas': {'10-20': 160.70000000000002, '0-10': 110.10000000000002}, 'role': 'DUO_CARRY', 'lane': 'BOTTOM'}}, {'participantId': 4, 'teamId': 100, 'championId': 421, 'spell1Id': 4, 'spell2Id': 11, 'stats': {'participantId': 4, 'win': True, 'item0': 1412, 'item1': 3071, 'item2': 0, 'item3': 3047, 'item4': 3155, 'item5': 0, 'item6': 3364, 'kills': 2, 'deaths': 3, 'assists': 6, 'largestKillingSpree': 0, 'largestMultiKill': 1, 'killingSprees': 0, 'longestTimeSpentLiving': 558, 'doubleKills': 0, 'tripleKills': 0, 'quadraKills': 0, 'pentaKills': 0, 'unrealKills': 0, 'totalDamageDealt': 148668, 'magicDamageDealt': 7940, 'physicalDamageDealt': 122448, 'trueDamageDealt': 18278, 'largestCriticalStrike': 0, 'totalDamageDealtToChampions': 4363, 'magicDamageDealtToChampions': 0, 'physicalDamageDealtToChampions': 3938, 'trueDamageDealtToChampions': 425, 'totalHeal': 13648, 'totalUnitsHealed': 1, 'damageSelfMitigated': 18114, 'damageDealtToObjectives': 19006, 'damageDealtToTurrets': 415, 'visionScore': 26, 'timeCCingOthers': 6, 'totalDamageTaken': 23945, 'magicalDamageTaken': 6388, 'physicalDamageTaken': 16157, 'trueDamageTaken': 1399, 'goldEarned': 9967, 'goldSpent': 8400, 'turretKills': 1, 'inhibitorKills': 1, 'totalMinionsKilled': 36, 'neutralMinionsKilled': 138, 'neutralMinionsKilledTeamJungle': 86, 'neutralMinionsKilledEnemyJungle': 15, 'totalTimeCrowdControlDealt': 285, 'champLevel': 14, 'visionWardsBoughtInGame': 3, 'sightWardsBoughtInGame': 0, 'wardsPlaced': 4, 'wardsKilled': 3, 'firstBloodKill': False, 'firstBloodAssist': False, 'firstTowerKill': False, 'firstTowerAssist': False, 'firstInhibitorKill': False, 'firstInhibitorAssist': False, 'combatPlayerScore': 0, 'objectivePlayerScore': 0, 'totalPlayerScore': 0, 'totalScoreRank': 0, 'playerScore0': 0, 'playerScore1': 0, 'playerScore2': 0, 'playerScore3': 0, 'playerScore4': 0, 'playerScore5': 0, 'playerScore6': 0, 'playerScore7': 0, 'playerScore8': 0, 'playerScore9': 0, 'perk0': 8010, 'perk0Var1': 45, 'perk0Var2': 0, 'perk0Var3': 0, 'perk1': 9111, 'perk1Var1': 352, 'perk1Var2': 160, 'perk1Var3': 0, 'perk2': 9105, 'perk2Var1': 15, 'perk2Var2': 20, 'perk2Var3': 0, 'perk3': 8299, 'perk3Var1': 124, 'perk3Var2': 0, 'perk3Var3': 0, 'perk4': 8473, 'perk4Var1': 605, 'perk4Var2': 0, 'perk4Var3': 0, 'perk5': 8453, 'perk5Var1': 932, 'perk5Var2': 120, 'perk5Var3': 0, 'perkPrimaryStyle': 8000, 'perkSubStyle': 8400, 'statPerk0': 5005, 'statPerk1': 5008, 'statPerk2': 5002}, 'timeline': {'participantId': 4, 'creepsPerMinDeltas': {'10-20': 0.1, '0-10': 0.9}, 'xpPerMinDeltas': {'10-20': 450.6, '0-10': 307.4}, 'goldPerMinDeltas': {'10-20': 345.4, '0-10': 247.7}, 'csDiffPerMinDeltas': {'10-20': -0.4, '0-10': 0.30000000000000004}, 'xpDiffPerMinDeltas': {'10-20': 36.60000000000002, '0-10': 9}, 'damageTakenPerMinDeltas': {'10-20': 902.0999999999999, '0-10': 631.9}, 'damageTakenDiffPerMinDeltas': {'10-20': 33.99999999999994, '0-10': -130.20000000000005}, 'role': 'NONE', 'lane': 'JUNGLE'}}, {'participantId': 5, 'teamId': 100, 'championId': 55, 'spell1Id': 4, 'spell2Id': 14, 'stats': {'participantId': 5, 'win': True, 'item0': 3157, 'item1': 1058, 'item2': 0, 'item3': 3146, 'item4': 3165, 'item5': 3020, 'item6': 3364, 'kills': 14, 'deaths': 3, 'assists': 11, 'largestKillingSpree': 8, 'largestMultiKill': 3, 'killingSprees': 3, 'longestTimeSpentLiving': 519, 'doubleKills': 4, 'tripleKills': 1, 'quadraKills': 0, 'pentaKills': 0, 'unrealKills': 0, 'totalDamageDealt': 145218, 'magicDamageDealt': 128101, 'physicalDamageDealt': 15312, 'trueDamageDealt': 1805, 'largestCriticalStrike': 0, 'totalDamageDealtToChampions': 22902, 'magicDamageDealtToChampions': 20836, 'physicalDamageDealtToChampions': 1337, 'trueDamageDealtToChampions': 727, 'totalHeal': 7624, 'totalUnitsHealed': 1, 'damageSelfMitigated': 10620, 'damageDealtToObjectives': 2050, 'damageDealtToTurrets': 2050, 'visionScore': 24, 'timeCCingOthers': 2, 'totalDamageTaken': 18188, 'magicalDamageTaken': 4382, 'physicalDamageTaken': 12696, 'trueDamageTaken': 1109, 'goldEarned': 14271, 'goldSpent': 12025, 'turretKills': 0, 'inhibitorKills': 0, 'totalMinionsKilled': 170, 'neutralMinionsKilled': 17, 'neutralMinionsKilledTeamJungle': 13, 'neutralMinionsKilledEnemyJungle': 4, 'totalTimeCrowdControlDealt': 53, 'champLevel': 16, 'visionWardsBoughtInGame': 3, 'sightWardsBoughtInGame': 0, 'wardsPlaced': 9, 'wardsKilled': 4, 'firstBloodKill': False, 'firstBloodAssist': False, 'firstTowerKill': False, 'firstTowerAssist': False, 'firstInhibitorKill': False, 'firstInhibitorAssist': True, 'combatPlayerScore': 0, 'objectivePlayerScore': 0, 'totalPlayerScore': 0, 'totalScoreRank': 0, 'playerScore0': 0, 'playerScore1': 0, 'playerScore2': 0, 'playerScore3': 0, 'playerScore4': 0, 'playerScore5': 0, 'playerScore6': 0, 'playerScore7': 0, 'playerScore8': 0, 'playerScore9': 0, 'perk0': 8112, 'perk0Var1': 978, 'perk0Var2': 0, 'perk0Var3': 0, 'perk1': 8143, 'perk1Var1': 740, 'perk1Var2': 0, 'perk1Var3': 0, 'perk2': 8138, 'perk2Var1': 30, 'perk2Var2': 0, 'perk2Var3': 0, 'perk3': 8135, 'perk3Var1': 2907, 'perk3Var2': 5, 'perk3Var3': 0, 'perk4': 9111, 'perk4Var1': 1898, 'perk4Var2': 500, 'perk4Var3': 0, 'perk5': 9105, 'perk5Var1': 11, 'perk5Var2': 0, 'perk5Var3': 0, 'perkPrimaryStyle': 8100, 'perkSubStyle': 8000, 'statPerk0': 5008, 'statPerk1': 5008, 'statPerk2': 5003}, 'timeline': {'participantId': 5, 'creepsPerMinDeltas': {'10-20': 7.9, '0-10': 5.3}, 'xpPerMinDeltas': {'10-20': 527.8, '0-10': 421.90000000000003}, 'goldPerMinDeltas': {'10-20': 427.70000000000005, '0-10': 369}, 'csDiffPerMinDeltas': {'10-20': -0.20000000000000018, '0-10': -1.0000000000000004}, 'xpDiffPerMinDeltas': {'10-20': 0.09999999999999432, '0-10': 10.900000000000034}, 'damageTakenPerMinDeltas': {'10-20': 579.9, '0-10': 399.90000000000003}, 'damageTakenDiffPerMinDeltas': {'10-20': 98, '0-10': 30.700000000000017}, 'role': 'SOLO', 'lane': 'MIDDLE'}}, {'participantId': 6, 'teamId': 200, 'championId': 83, 'spell1Id': 4, 'spell2Id': 12, 'stats': {'participantId': 6, 'win': False, 'item0': 1054, 'item1': 3078, 'item2': 3047, 'item3': 3211, 'item4': 3053, 'item5': 3123, 'item6': 3340, 'kills': 1, 'deaths': 3, 'assists': 1, 'largestKillingSpree': 0, 'largestMultiKill': 1, 'killingSprees': 0, 'longestTimeSpentLiving': 1338, 'doubleKills': 0, 'tripleKills': 0, 'quadraKills': 0, 'pentaKills': 0, 'unrealKills': 0, 'totalDamageDealt': 177457, 'magicDamageDealt': 27685, 'physicalDamageDealt': 142092, 'trueDamageDealt': 7680, 'largestCriticalStrike': 0, 'totalDamageDealtToChampions': 10105, 'magicDamageDealtToChampions': 2882, 'physicalDamageDealtToChampions': 6584, 'trueDamageDealtToChampions': 638, 'totalHeal': 1900, 'totalUnitsHealed': 1, 'damageSelfMitigated': 17781, 'damageDealtToObjectives': 14546, 'damageDealtToTurrets': 5414, 'visionScore': 19, 'timeCCingOthers': 5, 'totalDamageTaken': 14175, 'magicalDamageTaken': 4850, 'physicalDamageTaken': 9065, 'trueDamageTaken': 258, 'goldEarned': 11762, 'goldSpent': 10758, 'turretKills': 2, 'inhibitorKills': 0, 'totalMinionsKilled': 234, 'neutralMinionsKilled': 21, 'neutralMinionsKilledTeamJungle': 9, 'neutralMinionsKilledEnemyJungle': 0, 'totalTimeCrowdControlDealt': 118, 'champLevel': 15, 'visionWardsBoughtInGame': 3, 'sightWardsBoughtInGame': 0, 'wardsPlaced': 9, 'wardsKilled': 1, 'firstBloodKill': False, 'firstBloodAssist': False, 'firstTowerKill': True, 'firstTowerAssist': False, 'firstInhibitorKill': False, 'firstInhibitorAssist': False, 'combatPlayerScore': 0, 'objectivePlayerScore': 0, 'totalPlayerScore': 0, 'totalScoreRank': 0, 'playerScore0': 0, 'playerScore1': 0, 'playerScore2': 0, 'playerScore3': 0, 'playerScore4': 0, 'playerScore5': 0, 'playerScore6': 0, 'playerScore7': 0, 'playerScore8': 0, 'playerScore9': 0, 'perk0': 8437, 'perk0Var1': 608, 'perk0Var2': 519, 'perk0Var3': 0, 'perk1': 8446, 'perk1Var1': 1207, 'perk1Var2': 0, 'perk1Var3': 0, 'perk2': 8444, 'perk2Var1': 245, 'perk2Var2': 0, 'perk2Var3': 0, 'perk3': 8451, 'perk3Var1': 238, 'perk3Var2': 0, 'perk3Var3': 0, 'perk4': 9101, 'perk4Var1': 4580, 'perk4Var2': 3841, 'perk4Var3': 0, 'perk5': 9103, 'perk5Var1': 0, 'perk5Var2': 0, 'perk5Var3': 0, 'perkPrimaryStyle': 8400, 'perkSubStyle': 8000, 'statPerk0': 5008, 'statPerk1': 5002, 'statPerk2': 5002}, 'timeline': {'participantId': 6, 'creepsPerMinDeltas': {'10-20': 9.5, '0-10': 7.4}, 'xpPerMinDeltas': {'10-20': 564.9, '0-10': 457.7}, 'goldPerMinDeltas': {'10-20': 461.59999999999997, '0-10': 263.29999999999995}, 'csDiffPerMinDeltas': {'10-20': 0.7999999999999998, '0-10': -0.30000000000000027}, 'xpDiffPerMinDeltas': {'10-20': -13.700000000000045, '0-10': 13.799999999999983}, 'damageTakenPerMinDeltas': {'10-20': 91.3, '0-10': 209.7}, 'damageTakenDiffPerMinDeltas': {'10-20': -433.30000000000007, '0-10': 15.5}, 'role': 'SOLO', 'lane': 'TOP'}}, {'participantId': 7, 'teamId': 200, 'championId': 523, 'spell1Id': 4, 'spell2Id': 7, 'stats': {'participantId': 7, 'win': False, 'item0': 2031, 'item1': 3508, 'item2': 3006, 'item3': 1055, 'item4': 3085, 'item5': 1037, 'item6': 3363, 'kills': 2, 'deaths': 3, 'assists': 4, 'largestKillingSpree': 2, 'largestMultiKill': 1, 'killingSprees': 1, 'longestTimeSpentLiving': 847, 'doubleKills': 0, 'tripleKills': 0, 'quadraKills': 0, 'pentaKills': 0, 'unrealKills': 0, 'totalDamageDealt': 128004, 'magicDamageDealt': 3411, 'physicalDamageDealt': 118854, 'trueDamageDealt': 5738, 'largestCriticalStrike': 564, 'totalDamageDealtToChampions': 12267, 'magicDamageDealtToChampions': 492, 'physicalDamageDealtToChampions': 11312, 'trueDamageDealtToChampions': 462, 'totalHeal': 2103, 'totalUnitsHealed': 3, 'damageSelfMitigated': 6748, 'damageDealtToObjectives': 7699, 'damageDealtToTurrets': 3216, 'visionScore': 11, 'timeCCingOthers': 10, 'totalDamageTaken': 10362, 'magicalDamageTaken': 4128, 'physicalDamageTaken': 6013, 'trueDamageTaken': 220, 'goldEarned': 9418, 'goldSpent': 8575, 'turretKills': 1, 'inhibitorKills': 0, 'totalMinionsKilled': 186, 'neutralMinionsKilled': 16, 'neutralMinionsKilledTeamJungle': 12, 'neutralMinionsKilledEnemyJungle': 0, 'totalTimeCrowdControlDealt': 154, 'champLevel': 13, 'visionWardsBoughtInGame': 0, 'sightWardsBoughtInGame': 0, 'wardsPlaced': 7, 'wardsKilled': 1, 'firstBloodKill': False, 'firstBloodAssist': False, 'firstTowerKill': False, 'firstTowerAssist': False, 'firstInhibitorKill': False, 'firstInhibitorAssist': False, 'combatPlayerScore': 0, 'objectivePlayerScore': 0, 'totalPlayerScore': 0, 'totalScoreRank': 0, 'playerScore0': 0, 'playerScore1': 0, 'playerScore2': 0, 'playerScore3': 0, 'playerScore4': 0, 'playerScore5': 0, 'playerScore6': 0, 'playerScore7': 0, 'playerScore8': 0, 'playerScore9': 0, 'perk0': 8010, 'perk0Var1': 108, 'perk0Var2': 0, 'perk0Var3': 0, 'perk1': 9101, 'perk1Var1': 1923, 'perk1Var2': 2897, 'perk1Var3': 0, 'perk2': 9103, 'perk2Var1': 0, 'perk2Var2': 0, 'perk2Var3': 0, 'perk3': 8014, 'perk3Var1': 132, 'perk3Var2': 0, 'perk3Var3': 0, 'perk4': 8275, 'perk4Var1': 9, 'perk4Var2': 0, 'perk4Var3': 0, 'perk5': 8236, 'perk5Var1': 14, 'perk5Var2': 0, 'perk5Var3': 0, 'perkPrimaryStyle': 8000, 'perkSubStyle': 8200, 'statPerk0': 5005, 'statPerk1': 5008, 'statPerk2': 5002}, 'timeline': {'participantId': 7, 'creepsPerMinDeltas': {'10-20': 8.6, '0-10': 5.3}, 'xpPerMinDeltas': {'10-20': 460.59999999999997, '0-10': 289.6}, 'goldPerMinDeltas': {'10-20': 392.2, '0-10': 237.8}, 'csDiffPerMinDeltas': {'10-20': -1.55, '0-10': -0.5000000000000001}, 'xpDiffPerMinDeltas': {'10-20': -88.75, '0-10': -46.54999999999998}, 'damageTakenPerMinDeltas': {'10-20': 278, '0-10': 371.7}, 'damageTakenDiffPerMinDeltas': {'10-20': -160.70000000000002, '0-10': -110.10000000000002}, 'role': 'DUO_CARRY', 'lane': 'BOTTOM'}}, {'participantId': 8, 'teamId': 200, 'championId': 9, 'spell1Id': 14, 'spell2Id': 4, 'stats': {'participantId': 8, 'win': False, 'item0': 3157, 'item1': 3853, 'item2': 0, 'item3': 1052, 'item4': 3158, 'item5': 1028, 'item6': 3364, 'kills': 1, 'deaths': 9, 'assists': 8, 'largestKillingSpree': 0, 'largestMultiKill': 1, 'killingSprees': 0, 'longestTimeSpentLiving': 270, 'doubleKills': 0, 'tripleKills': 0, 'quadraKills': 0, 'pentaKills': 0, 'unrealKills': 0, 'totalDamageDealt': 27897, 'magicDamageDealt': 25014, 'physicalDamageDealt': 2011, 'trueDamageDealt': 872, 'largestCriticalStrike': 0, 'totalDamageDealtToChampions': 8522, 'magicDamageDealtToChampions': 6879, 'physicalDamageDealtToChampions': 770, 'trueDamageDealtToChampions': 872, 'totalHeal': 485, 'totalUnitsHealed': 5, 'damageSelfMitigated': 6113, 'damageDealtToObjectives': 786, 'damageDealtToTurrets': 264, 'visionScore': 56, 'timeCCingOthers': 79, 'totalDamageTaken': 12036, 'magicalDamageTaken': 5468, 'physicalDamageTaken': 6481, 'trueDamageTaken': 85, 'goldEarned': 6349, 'goldSpent': 5860, 'turretKills': 0, 'inhibitorKills': 0, 'totalMinionsKilled': 20, 'neutralMinionsKilled': 0, 'neutralMinionsKilledTeamJungle': 0, 'neutralMinionsKilledEnemyJungle': 0, 'totalTimeCrowdControlDealt': 242, 'champLevel': 11, 'visionWardsBoughtInGame': 11, 'sightWardsBoughtInGame': 0, 'wardsPlaced': 42, 'wardsKilled': 5, 'firstBloodKill': False, 'firstBloodAssist': False, 'firstTowerKill': False, 'firstTowerAssist': False, 'firstInhibitorKill': False, 'firstInhibitorAssist': False, 'combatPlayerScore': 0, 'objectivePlayerScore': 0, 'totalPlayerScore': 0, 'totalScoreRank': 0, 'playerScore0': 0, 'playerScore1': 0, 'playerScore2': 0, 'playerScore3': 0, 'playerScore4': 0, 'playerScore5': 0, 'playerScore6': 0, 'playerScore7': 0, 'playerScore8': 0, 'playerScore9': 0, 'perk0': 8439, 'perk0Var1': 127, 'perk0Var2': 0, 'perk0Var3': 0, 'perk1': 8463, 'perk1Var1': 175, 'perk1Var2': 0, 'perk1Var3': 0, 'perk2': 8473, 'perk2Var1': 457, 'perk2Var2': 0, 'perk2Var3': 0, 'perk3': 8242, 'perk3Var1': 9, 'perk3Var2': 0, 'perk3Var3': 0, 'perk4': 8313, 'perk4Var1': 0, 'perk4Var2': 0, 'perk4Var3': 0, 'perk5': 8347, 'perk5Var1': 0, 'perk5Var2': 0, 'perk5Var3': 0, 'perkPrimaryStyle': 8400, 'perkSubStyle': 8300, 'statPerk0': 5008, 'statPerk1': 5008, 'statPerk2': 5002}, 'timeline': {'participantId': 8, 'creepsPerMinDeltas': {'10-20': 0.30000000000000004, '0-10': 1.1}, 'xpPerMinDeltas': {'10-20': 164.29999999999998, '0-10': 282.8}, 'goldPerMinDeltas': {'10-20': 194.5, '0-10': 240.2}, 'csDiffPerMinDeltas': {'10-20': -1.55, '0-10': -0.5000000000000001}, 'xpDiffPerMinDeltas': {'10-20': -88.75, '0-10': -46.54999999999998}, 'damageTakenPerMinDeltas': {'10-20': 262.8, '0-10': 348.3}, 'damageTakenDiffPerMinDeltas': {'10-20': -160.70000000000002, '0-10': -110.10000000000002}, 'role': 'DUO_SUPPORT', 'lane': 'BOTTOM'}}, {'participantId': 9, 'teamId': 200, 'championId': 84, 'spell1Id': 14, 'spell2Id': 4, 'stats': {'participantId': 9, 'win': False, 'item0': 3146, 'item1': 2421, 'item2': 1052, 'item3': 1054, 'item4': 3165, 'item5': 3020, 'item6': 3340, 'kills': 4, 'deaths': 6, 'assists': 6, 'largestKillingSpree': 2, 'largestMultiKill': 1, 'killingSprees': 1, 'longestTimeSpentLiving': 562, 'doubleKills': 0, 'tripleKills': 0, 'quadraKills': 0, 'pentaKills': 0, 'unrealKills': 0, 'totalDamageDealt': 89881, 'magicDamageDealt': 64665, 'physicalDamageDealt': 24124, 'trueDamageDealt': 1091, 'largestCriticalStrike': 0, 'totalDamageDealtToChampions': 14702, 'magicDamageDealtToChampions': 9951, 'physicalDamageDealtToChampions': 3659, 'trueDamageDealtToChampions': 1091, 'totalHeal': 4658, 'totalUnitsHealed': 1, 'damageSelfMitigated': 9939, 'damageDealtToObjectives': 938, 'damageDealtToTurrets': 690, 'visionScore': 22, 'timeCCingOthers': 3, 'totalDamageTaken': 19898, 'magicalDamageTaken': 5427, 'physicalDamageTaken': 13968, 'trueDamageTaken': 502, 'goldEarned': 9633, 'goldSpent': 9535, 'turretKills': 0, 'inhibitorKills': 0, 'totalMinionsKilled': 176, 'neutralMinionsKilled': 0, 'neutralMinionsKilledTeamJungle': 0, 'neutralMinionsKilledEnemyJungle': 0, 'totalTimeCrowdControlDealt': 49, 'champLevel': 14, 'visionWardsBoughtInGame': 4, 'sightWardsBoughtInGame': 0, 'wardsPlaced': 13, 'wardsKilled': 1, 'firstBloodKill': False, 'firstBloodAssist': False, 'firstTowerKill': False, 'firstTowerAssist': False, 'firstInhibitorKill': False, 'firstInhibitorAssist': False, 'combatPlayerScore': 0, 'objectivePlayerScore': 0, 'totalPlayerScore': 0, 'totalScoreRank': 0, 'playerScore0': 0, 'playerScore1': 0, 'playerScore2': 0, 'playerScore3': 0, 'playerScore4': 0, 'playerScore5': 0, 'playerScore6': 0, 'playerScore7': 0, 'playerScore8': 0, 'playerScore9': 0, 'perk0': 8021, 'perk0Var1': 1544, 'perk0Var2': 0, 'perk0Var3': 0, 'perk1': 8009, 'perk1Var1': 296, 'perk1Var2': 50, 'perk1Var3': 0, 'perk2': 9105, 'perk2Var1': 17, 'perk2Var2': 30, 'perk2Var3': 0, 'perk3': 8299, 'perk3Var1': 292, 'perk3Var2': 0, 'perk3Var3': 0, 'perk4': 8139, 'perk4Var1': 746, 'perk4Var2': 0, 'perk4Var3': 0, 'perk5': 8135, 'perk5Var1': 1268, 'perk5Var2': 4, 'perk5Var3': 0, 'perkPrimaryStyle': 8000, 'perkSubStyle': 8100, 'statPerk0': 5008, 'statPerk1': 5008, 'statPerk2': 5003}, 'timeline': {'participantId': 9, 'creepsPerMinDeltas': {'10-20': 8.1, '0-10': 6.300000000000001}, 'xpPerMinDeltas': {'10-20': 527.7, '0-10': 411}, 'goldPerMinDeltas': {'10-20': 447.9, '0-10': 290.6}, 'csDiffPerMinDeltas': {'10-20': 0.20000000000000018, '0-10': 1.0000000000000004}, 'xpDiffPerMinDeltas': {'10-20': -0.09999999999999432, '0-10': -10.900000000000034}, 'damageTakenPerMinDeltas': {'10-20': 481.9, '0-10': 369.20000000000005}, 'damageTakenDiffPerMinDeltas': {'10-20': -98, '0-10': -30.700000000000017}, 'role': 'SOLO', 'lane': 'MIDDLE'}}, {'participantId': 10, 'teamId': 200, 'championId': 2, 'spell1Id': 11, 'spell2Id': 4, 'stats': {'participantId': 10, 'win': False, 'item0': 1412, 'item1': 3155, 'item2': 2055, 'item3': 3047, 'item4': 3071, 'item5': 1029, 'item6': 3364, 'kills': 5, 'deaths': 9, 'assists': 3, 'largestKillingSpree': 0, 'largestMultiKill': 1, 'killingSprees': 0, 'longestTimeSpentLiving': 279, 'doubleKills': 0, 'tripleKills': 0, 'quadraKills': 0, 'pentaKills': 0, 'unrealKills': 0, 'totalDamageDealt': 124781, 'magicDamageDealt': 4427, 'physicalDamageDealt': 102172, 'trueDamageDealt': 18181, 'largestCriticalStrike': 0, 'totalDamageDealtToChampions': 16149, 'magicDamageDealtToChampions': 0, 'physicalDamageDealtToChampions': 11826, 'trueDamageDealtToChampions': 4322, 'totalHeal': 7859, 'totalUnitsHealed': 1, 'damageSelfMitigated': 19535, 'damageDealtToObjectives': 13097, 'damageDealtToTurrets': 0, 'visionScore': 33, 'timeCCingOthers': 13, 'totalDamageTaken': 25856, 'magicalDamageTaken': 7569, 'physicalDamageTaken': 16952, 'trueDamageTaken': 1335, 'goldEarned': 9354, 'goldSpent': 8775, 'turretKills': 0, 'inhibitorKills': 0, 'totalMinionsKilled': 14, 'neutralMinionsKilled': 116, 'neutralMinionsKilledTeamJungle': 86, 'neutralMinionsKilledEnemyJungle': 8, 'totalTimeCrowdControlDealt': 393, 'champLevel': 12, 'visionWardsBoughtInGame': 8, 'sightWardsBoughtInGame': 0, 'wardsPlaced': 7, 'wardsKilled': 8, 'firstBloodKill': True, 'firstBloodAssist': False, 'firstTowerKill': False, 'firstTowerAssist': False, 'firstInhibitorKill': False, 'firstInhibitorAssist': False, 'combatPlayerScore': 0, 'objectivePlayerScore': 0, 'totalPlayerScore': 0, 'totalScoreRank': 0, 'playerScore0': 0, 'playerScore1': 0, 'playerScore2': 0, 'playerScore3': 0, 'playerScore4': 0, 'playerScore5': 0, 'playerScore6': 0, 'playerScore7': 0, 'playerScore8': 0, 'playerScore9': 0, 'perk0': 8010, 'perk0Var1': 656, 'perk0Var2': 0, 'perk0Var3': 0, 'perk1': 9111, 'perk1Var1': 384, 'perk1Var2': 160, 'perk1Var3': 0, 'perk2': 9104, 'perk2Var1': 16, 'perk2Var2': 0, 'perk2Var3': 0, 'perk3': 8299, 'perk3Var1': 669, 'perk3Var2': 0, 'perk3Var3': 0, 'perk4': 8304, 'perk4Var1': 9, 'perk4Var2': 4, 'perk4Var3': 5, 'perk5': 8410, 'perk5Var1': 58, 'perk5Var2': 0, 'perk5Var3': 0, 'perkPrimaryStyle': 8000, 'perkSubStyle': 8300, 'statPerk0': 5008, 'statPerk1': 5008, 'statPerk2': 5002}, 'timeline': {'participantId': 10, 'creepsPerMinDeltas': {'10-20': 0.5, '0-10': 0.6}, 'xpPerMinDeltas': {'10-20': 414, '0-10': 298.4}, 'goldPerMinDeltas': {'10-20': 354.5, '0-10': 352.8}, 'csDiffPerMinDeltas': {'10-20': 0.4, '0-10': -0.30000000000000004}, 'xpDiffPerMinDeltas': {'10-20': -36.60000000000002, '0-10': -9}, 'damageTakenPerMinDeltas': {'10-20': 868.1, '0-10': 762.1}, 'damageTakenDiffPerMinDeltas': {'10-20': -33.99999999999994, '0-10': 130.20000000000005}, 'role': 'NONE', 'lane': 'JUNGLE'}}]",KR,420.0,13.0,,
20,1584174905734.0,1221.0,4217069365.0,CLASSIC,MATCHED_GAME,10.5.312.392,11.0,"[{'participantId': 1, 'player': {'platformId': 'KR', 'accountId': 'NYLTFIYU4hrlCRdZqlq-ovx5xXfZixAKfgl4ecVBJKFeEww', 'summonerName': '명구리버드', 'summonerId': 'iypj-m7-sFvnHa_pQn5bbE6zgetXopDkybYlGzAFGZnEhRQ', 'currentPlatformId': 'KR', 'currentAccountId': 'NYLTFIYU4hrlCRdZqlq-ovx5xXfZixAKfgl4ecVBJKFeEww', 'matchHistoryUri': '/v1/stats/player_history/KR/206091414', 'profileIcon': 4213}}, {'participantId': 2, 'player': {'platformId': 'KR', 'accountId': '-sonWOGGbsPP2BjIVPbE8EZqDLqMN2L0xsJYZ8qFhd1hUt8', 'summonerName': 'HLE Haru', 'summonerId': 'TBLJvtLNSqMr8IMakRt370xY96-PH9SWrhRUjbXwsMVhB4Y', 'currentPlatformId': 'KR', 'currentAccountId': '-sonWOGGbsPP2BjIVPbE8EZqDLqMN2L0xsJYZ8qFhd1hUt8', 'matchHistoryUri': '/v1/stats/player_history/KR/207477934', 'profileIcon': 3152}}, {'participantId': 3, 'player': {'platformId': 'KR', 'accountId': 'BB_S21KUEtgEFTusszVu05gcdvics5XlSSRJRbjzjAX_WTY', 'summonerName': 'T1 Gumayusi', 'summonerId': 'TaB2q-apc8gykUYksGmcqfe5bvrtKmvZEyKjwdfTrno3V5I', 'currentPlatformId': 'KR', 'currentAccountId': 'BB_S21KUEtgEFTusszVu05gcdvics5XlSSRJRbjzjAX_WTY', 'matchHistoryUri': '/v1/stats/player_history/KR/209284814', 'profileIcon': 7}}, {'participantId': 4, 'player': {'platformId': 'KR', 'accountId': 'OBzE7jo2WVNK_tuWqrLXvFDOTjMgQENrwEecNsnmuwg3DM4', 'summonerName': '돌아온마비', 'summonerId': '7x-b6Z0Kp0sLlvyqvzHhCytX_rX127T32YMxjgafkeqHEHo', 'currentPlatformId': 'KR', 'currentAccountId': 'OBzE7jo2WVNK_tuWqrLXvFDOTjMgQENrwEecNsnmuwg3DM4', 'matchHistoryUri': '/v1/stats/player_history/KR/208189482', 'profileIcon': 1596}}, {'participantId': 5, 'player': {'platformId': 'KR', 'accountId': 'd4zdojqtbwNVMUcMFst_vnYLhYgnWCZd7-rWp-g243TQvB4L3Tg_HSb3', 'summonerName': ' 초바 모자', 'summonerId': 'eEua0VXwjTwth2jTf5o8q1yy7i9aPXBFwIVHwYzYVPcT9rs', 'currentPlatformId': 'KR', 'currentAccountId': 'd4zdojqtbwNVMUcMFst_vnYLhYgnWCZd7-rWp-g243TQvB4L3Tg_HSb3', 'matchHistoryUri': '/v1/stats/player_history/KR/2386788285116096', 'profileIcon': 4025}}, {'participantId': 6, 'player': {'platformId': 'KR', 'accountId': 'yFvuICIHYK_DNkuv_dGUjTPu4f-73NwGNroPA5oBdG5C05Fvjbtij4tA', 'summonerName': 'sun9', 'summonerId': 'ZSs7X-OoFNVnAcVRvk3sfVHrjzn4wortFknrZPfv_SFBunc', 'currentPlatformId': 'KR', 'currentAccountId': 'yFvuICIHYK_DNkuv_dGUjTPu4f-73NwGNroPA5oBdG5C05Fvjbtij4tA', 'matchHistoryUri': '/v1/stats/player_history/KR/2035905279684384', 'profileIcon': 4018}}, {'participantId': 7, 'player': {'platformId': 'kr', 'accountId': 'akXrUAXAjQjcWlTgfZhZyx2mHwcxQIUKsbFtB2f7kL4Z0gA', 'summonerName': 'xXx Winter', 'summonerId': '7QZo8LRI_Vx0DUvn2BOP59PC395EQkWJ2_39UJoPydHdFSY', 'currentPlatformId': 'KR', 'currentAccountId': 'akXrUAXAjQjcWlTgfZhZyx2mHwcxQIUKsbFtB2f7kL4Z0gA', 'matchHistoryUri': '/v1/stats/player_history/kr/210466048', 'profileIcon': 4474}}, {'participantId': 8, 'player': {'platformId': 'KR', 'accountId': 'oEEfKZhHycdHFB86x1iTmXPfa7nACGS5PzHeddpbHA5_', 'summonerName': '나는대포너는머포', 'summonerId': 'vmxz3hK9o_k2uGte_AczeXW8stno5l_HvrO1t61DM-Y5_g', 'currentPlatformId': 'KR', 'currentAccountId': 'oEEfKZhHycdHFB86x1iTmXPfa7nACGS5PzHeddpbHA5_', 'matchHistoryUri': '/v1/stats/player_history/KR/1367961', 'profileIcon': 18}}, {'participantId': 9, 'player': {'platformId': 'KR', 'accountId': 'xh_pYeUlSCptmRYffYqwmFS_o1CJwVcOsWcC6BV_SK42KS4', 'summonerName': 'Gen G HaYoon', 'summonerId': 'UUZSMax82sfqWNDYNeoP5i_KIEtAyf5IikTrL05l6XNBJz0', 'currentPlatformId': 'KR', 'currentAccountId': 'xh_pYeUlSCptmRYffYqwmFS_o1CJwVcOsWcC6BV_SK42KS4', 'matchHistoryUri': '/v1/stats/player_history/KR/206493908', 'profileIcon': 4353}}, {'participantId': 10, 'player': {'platformId': 'KR', 'accountId': 'IIWG7FRiqE8CuZaCslKkNxkglwpgnePPxDslb2tv66FKrgo', 'summonerName': 'Youtube Thal', 'summonerId': '8Cx100isJ6RMMeOmUX_-Wg0CESabVTYk-e8P8Ijj3zuIiB4', 'currentPlatformId': 'KR', 'currentAccountId': 'IIWG7FRiqE8CuZaCslKkNxkglwpgnePPxDslb2tv66FKrgo', 'matchHistoryUri': '/v1/stats/player_history/KR/201236882', 'profileIcon': 4090}}]","[{'participantId': 1, 'teamId': 100, 'championId': 7, 'spell1Id': 14, 'spell2Id': 4, 'stats': {'participantId': 1, 'win': True, 'item0': 3041, 'item1': 2055, 'item2': 3020, 'item3': 2033, 'item4': 3285, 'item5': 1026, 'item6': 3364, 'kills': 5, 'deaths': 1, 'assists': 4, 'largestKillingSpree': 3, 'largestMultiKill': 1, 'killingSprees': 2, 'longestTimeSpentLiving': 705, 'doubleKills': 0, 'tripleKills': 0, 'quadraKills': 0, 'pentaKills': 0, 'unrealKills': 0, 'totalDamageDealt': 67476, 'magicDamageDealt': 50761, 'physicalDamageDealt': 14335, 'trueDamageDealt': 2379, 'largestCriticalStrike': 0, 'totalDamageDealtToChampions': 13848, 'magicDamageDealtToChampions': 10783, 'physicalDamageDealtToChampions': 2461, 'trueDamageDealtToChampions': 604, 'totalHeal': 5031, 'totalUnitsHealed': 1, 'damageSelfMitigated': 5511, 'damageDealtToObjectives': 1402, 'damageDealtToTurrets': 1402, 'visionScore': 24, 'timeCCingOthers': 18, 'totalDamageTaken': 13376, 'magicalDamageTaken': 9026, 'physicalDamageTaken': 4350, 'trueDamageTaken': 0, 'goldEarned': 8060, 'goldSpent': 7575, 'turretKills': 2, 'inhibitorKills': 0, 'totalMinionsKilled': 143, 'neutralMinionsKilled': 8, 'neutralMinionsKilledTeamJungle': 8, 'neutralMinionsKilledEnemyJungle': 0, 'totalTimeCrowdControlDealt': 25, 'champLevel': 12, 'visionWardsBoughtInGame': 7, 'sightWardsBoughtInGame': 0, 'wardsPlaced': 9, 'wardsKilled': 4, 'firstBloodKill': False, 'firstBloodAssist': False, 'firstTowerKill': False, 'firstTowerAssist': False, 'combatPlayerScore': 0, 'objectivePlayerScore': 0, 'totalPlayerScore': 0, 'totalScoreRank': 0, 'playerScore0': 0, 'playerScore1': 0, 'playerScore2': 0, 'playerScore3': 0, 'playerScore4': 0, 'playerScore5': 0, 'playerScore6': 0, 'playerScore7': 0, 'playerScore8': 0, 'playerScore9': 0, 'perk0': 8112, 'perk0Var1': 1109, 'perk0Var2': 0, 'perk0Var3': 0, 'perk1': 8139, 'perk1Var1': 643, 'perk1Var2': 0, 'perk1Var3': 0, 'perk2': 8120, 'perk2Var1': 2, 'perk2Var2': 10, 'perk2Var3': 3, 'perk3': 8135, 'perk3Var1': 1428, 'perk3Var2': 4, 'perk3Var3': 0, 'perk4': 8316, 'perk4Var1': 2388, 'perk4Var2': 0, 'perk4Var3': 0, 'perk5': 8352, 'perk5Var1': 263, 'perk5Var2': 2062, 'perk5Var3': 1012, 'perkPrimaryStyle': 8100, 'perkSubStyle': 8300, 'statPerk0': 5005, 'statPerk1': 5008, 'statPerk2': 5003}, 'timeline': {'participantId': 1, 'creepsPerMinDeltas': {'10-20': 5.5, '0-10': 8.8}, 'xpPerMinDeltas': {'10-20': 426.5, '0-10': 440.1}, 'goldPerMinDeltas': {'10-20': 457.9, '0-10': 293.8}, 'csDiffPerMinDeltas': {'10-20': -2.8, '0-10': 1.7000000000000006}, 'xpDiffPerMinDeltas': {'10-20': -90.6, '0-10': -17.099999999999994}, 'damageTakenPerMinDeltas': {'10-20': 972.8, '0-10': 364.8}, 'damageTakenDiffPerMinDeltas': {'10-20': 158.7, '0-10': 24.700000000000003}, 'role': 'SOLO', 'lane': 'MIDDLE'}}, {'participantId': 2, 'teamId': 100, 'championId': 2, 'spell1Id': 11, 'spell2Id': 4, 'stats': {'participantId': 2, 'win': True, 'item0': 2031, 'item1': 0, 'item2': 0, 'item3': 3071, 'item4': 1412, 'item5': 3047, 'item6': 3364, 'kills': 2, 'deaths': 2, 'assists': 8, 'largestKillingSpree': 2, 'largestMultiKill': 1, 'killingSprees': 1, 'longestTimeSpentLiving': 424, 'doubleKills': 0, 'tripleKills': 0, 'quadraKills': 0, 'pentaKills': 0, 'unrealKills': 0, 'totalDamageDealt': 124809, 'magicDamageDealt': 3636, 'physicalDamageDealt': 100521, 'trueDamageDealt': 20651, 'largestCriticalStrike': 0, 'totalDamageDealtToChampions': 6447, 'magicDamageDealtToChampions': 0, 'physicalDamageDealtToChampions': 5325, 'trueDamageDealtToChampions': 1122, 'totalHeal': 8353, 'totalUnitsHealed': 1, 'damageSelfMitigated': 10421, 'damageDealtToObjectives': 26620, 'damageDealtToTurrets': 0, 'visionScore': 25, 'timeCCingOthers': 7, 'totalDamageTaken': 16389, 'magicalDamageTaken': 4760, 'physicalDamageTaken': 11439, 'trueDamageTaken': 189, 'goldEarned': 7665, 'goldSpent': 7025, 'turretKills': 0, 'inhibitorKills': 0, 'totalMinionsKilled': 35, 'neutralMinionsKilled': 107, 'neutralMinionsKilledTeamJungle': 56, 'neutralMinionsKilledEnemyJungle': 11, 'totalTimeCrowdControlDealt': 374, 'champLevel': 12, 'visionWardsBoughtInGame': 6, 'sightWardsBoughtInGame': 0, 'wardsPlaced': 8, 'wardsKilled': 4, 'firstBloodKill': False, 'firstBloodAssist': False, 'firstTowerKill': False, 'firstTowerAssist': False, 'combatPlayerScore': 0, 'objectivePlayerScore': 0, 'totalPlayerScore': 0, 'totalScoreRank': 0, 'playerScore0': 0, 'playerScore1': 0, 'playerScore2': 0, 'playerScore3': 0, 'playerScore4': 0, 'playerScore5': 0, 'playerScore6': 0, 'playerScore7': 0, 'playerScore8': 0, 'playerScore9': 0, 'perk0': 8010, 'perk0Var1': 217, 'perk0Var2': 0, 'perk0Var3': 0, 'perk1': 9111, 'perk1Var1': 459, 'perk1Var2': 180, 'perk1Var3': 0, 'perk2': 9104, 'perk2Var1': 13, 'perk2Var2': 30, 'perk2Var3': 0, 'perk3': 8014, 'perk3Var1': 86, 'perk3Var2': 0, 'perk3Var3': 0, 'perk4': 8304, 'perk4Var1': 10, 'perk4Var2': 3, 'perk4Var3': 0, 'perk5': 8410, 'perk5Var1': 39, 'perk5Var2': 0, 'perk5Var3': 0, 'perkPrimaryStyle': 8000, 'perkSubStyle': 8300, 'statPerk0': 5005, 'statPerk1': 5008, 'statPerk2': 5002}, 'timeline': {'participantId': 2, 'creepsPerMinDeltas': {'10-20': 3.3, '0-10': 0.2}, 'xpPerMinDeltas': {'10-20': 546.4, '0-10': 379.5}, 'goldPerMinDeltas': {'10-20': 406.29999999999995, '0-10': 260.3}, 'damageTakenPerMinDeltas': {'10-20': 1018.1, '0-10': 564.1}, 'role': 'NONE', 'lane': 'JUNGLE'}}, {'participantId': 3, 'teamId': 100, 'championId': 429, 'spell1Id': 7, 'spell2Id': 4, 'stats': {'participantId': 3, 'win': True, 'item0': 1055, 'item1': 0, 'item2': 3153, 'item3': 1053, 'item4': 3085, 'item5': 3006, 'item6': 3363, 'kills': 7, 'deaths': 2, 'assists': 7, 'largestKillingSpree': 4, 'largestMultiKill': 2, 'killingSprees': 2, 'longestTimeSpentLiving': 623, 'doubleKills': 2, 'tripleKills': 0, 'quadraKills': 0, 'pentaKills': 0, 'unrealKills': 0, 'totalDamageDealt': 115085, 'magicDamageDealt': 202, 'physicalDamageDealt': 112259, 'trueDamageDealt': 2622, 'largestCriticalStrike': 388, 'totalDamageDealtToChampions': 16722, 'magicDamageDealtToChampions': 202, 'physicalDamageDealtToChampions': 15876, 'trueDamageDealtToChampions': 642, 'totalHeal': 2815, 'totalUnitsHealed': 3, 'damageSelfMitigated': 7523, 'damageDealtToObjectives': 2301, 'damageDealtToTurrets': 2301, 'visionScore': 24, 'timeCCingOthers': 17, 'totalDamageTaken': 9605, 'magicalDamageTaken': 3975, 'physicalDamageTaken': 5535, 'trueDamageTaken': 94, 'goldEarned': 10973, 'goldSpent': 8750, 'turretKills': 1, 'inhibitorKills': 0, 'totalMinionsKilled': 183, 'neutralMinionsKilled': 32, 'neutralMinionsKilledTeamJungle': 12, 'neutralMinionsKilledEnemyJungle': 20, 'totalTimeCrowdControlDealt': 371, 'champLevel': 13, 'visionWardsBoughtInGame': 4, 'sightWardsBoughtInGame': 0, 'wardsPlaced': 9, 'wardsKilled': 6, 'firstBloodKill': False, 'firstBloodAssist': False, 'firstTowerKill': False, 'firstTowerAssist': False, 'combatPlayerScore': 0, 'objectivePlayerScore': 0, 'totalPlayerScore': 0, 'totalScoreRank': 0, 'playerScore0': 0, 'playerScore1': 0, 'playerScore2': 0, 'playerScore3': 0, 'playerScore4': 0, 'playerScore5': 0, 'playerScore6': 0, 'playerScore7': 0, 'playerScore8': 0, 'playerScore9': 0, 'perk0': 8008, 'perk0Var1': 1, 'perk0Var2': 40, 'perk0Var3': 0, 'perk1': 9101, 'perk1Var1': 2001, 'perk1Var2': 2324, 'perk1Var3': 0, 'perk2': 9104, 'perk2Var1': 15, 'perk2Var2': 20, 'perk2Var3': 0, 'perk3': 8017, 'perk3Var1': 513, 'perk3Var2': 0, 'perk3Var3': 0, 'perk4': 8275, 'perk4Var1': 6, 'perk4Var2': 0, 'perk4Var3': 0, 'perk5': 8233, 'perk5Var1': 8, 'perk5Var2': 40, 'perk5Var3': 0, 'perkPrimaryStyle': 8000, 'perkSubStyle': 8200, 'statPerk0': 5005, 'statPerk1': 5008, 'statPerk2': 5002}, 'timeline': {'participantId': 3, 'creepsPerMinDeltas': {'10-20': 8, '0-10': 10.2}, 'xpPerMinDeltas': {'10-20': 593.8, '0-10': 358.2}, 'goldPerMinDeltas': {'10-20': 624.8, '0-10': 345.70000000000005}, 'csDiffPerMinDeltas': {'10-20': 0.1499999999999999, '0-10': 1.1500000000000001}, 'xpDiffPerMinDeltas': {'10-20': 140.6, '0-10': 38.2}, 'damageTakenPerMinDeltas': {'10-20': 700.0999999999999, '0-10': 184}, 'damageTakenDiffPerMinDeltas': {'10-20': -110.50000000000006, '0-10': -63.849999999999994}, 'role': 'DUO_CARRY', 'lane': 'BOTTOM'}}, {'participantId': 4, 'teamId': 100, 'championId': 98, 'spell1Id': 12, 'spell2Id': 4, 'stats': {'participantId': 4, 'win': True, 'item0': 1054, 'item1': 0, 'item2': 3068, 'item3': 3047, 'item4': 3211, 'item5': 0, 'item6': 3363, 'kills': 2, 'deaths': 1, 'assists': 8, 'largestKillingSpree': 0, 'largestMultiKill': 1, 'killingSprees': 0, 'longestTimeSpentLiving': 1085, 'doubleKills': 0, 'tripleKills': 0, 'quadraKills': 0, 'pentaKills': 0, 'unrealKills': 0, 'totalDamageDealt': 50263, 'magicDamageDealt': 25908, 'physicalDamageDealt': 20644, 'trueDamageDealt': 3710, 'largestCriticalStrike': 0, 'totalDamageDealtToChampions': 5607, 'magicDamageDealtToChampions': 2574, 'physicalDamageDealtToChampions': 2742, 'trueDamageDealtToChampions': 290, 'totalHeal': 1661, 'totalUnitsHealed': 1, 'damageSelfMitigated': 13681, 'damageDealtToObjectives': 8676, 'damageDealtToTurrets': 121, 'visionScore': 15, 'timeCCingOthers': 10, 'totalDamageTaken': 10919, 'magicalDamageTaken': 5058, 'physicalDamageTaken': 5861, 'trueDamageTaken': 0, 'goldEarned': 6753, 'goldSpent': 5925, 'turretKills': 0, 'inhibitorKills': 0, 'totalMinionsKilled': 124, 'neutralMinionsKilled': 0, 'neutralMinionsKilledTeamJungle': 0, 'neutralMinionsKilledEnemyJungle': 0, 'totalTimeCrowdControlDealt': 137, 'champLevel': 12, 'visionWardsBoughtInGame': 3, 'sightWardsBoughtInGame': 0, 'wardsPlaced': 9, 'wardsKilled': 2, 'firstBloodKill': True, 'firstBloodAssist': False, 'firstTowerKill': False, 'firstTowerAssist': False, 'combatPlayerScore': 0, 'objectivePlayerScore': 0, 'totalPlayerScore': 0, 'totalScoreRank': 0, 'playerScore0': 0, 'playerScore1': 0, 'playerScore2': 0, 'playerScore3': 0, 'playerScore4': 0, 'playerScore5': 0, 'playerScore6': 0, 'playerScore7': 0, 'playerScore8': 0, 'playerScore9': 0, 'perk0': 8437, 'perk0Var1': 443, 'perk0Var2': 336, 'perk0Var3': 0, 'perk1': 8401, 'perk1Var1': 304, 'perk1Var2': 0, 'perk1Var3': 0, 'perk2': 8444, 'perk2Var1': 669, 'perk2Var2': 0, 'perk2Var3': 0, 'perk3': 8451, 'perk3Var1': 148, 'perk3Var2': 0, 'perk3Var3': 0, 'perk4': 8126, 'perk4Var1': 343, 'perk4Var2': 0, 'perk4Var3': 0, 'perk5': 8106, 'perk5Var1': 5, 'perk5Var2': 0, 'perk5Var3': 0, 'perkPrimaryStyle': 8400, 'perkSubStyle': 8100, 'statPerk0': 5008, 'statPerk1': 5002, 'statPerk2': 5003}, 'timeline': {'participantId': 4, 'creepsPerMinDeltas': {'10-20': 5.800000000000001, '0-10': 6.5}, 'xpPerMinDeltas': {'10-20': 434.9, '0-10': 430.3}, 'goldPerMinDeltas': {'10-20': 303.7, '0-10': 271.4}, 'damageTakenPerMinDeltas': {'10-20': 820, '0-10': 240.5}, 'role': 'NONE', 'lane': 'JUNGLE'}}, {'participantId': 5, 'teamId': 100, 'championId': 412, 'spell1Id': 14, 'spell2Id': 4, 'stats': {'participantId': 5, 'win': True, 'item0': 3114, 'item1': 3801, 'item2': 3857, 'item3': 2055, 'item4': 3024, 'item5': 3158, 'item6': 3364, 'kills': 1, 'deaths': 1, 'assists': 12, 'largestKillingSpree': 0, 'largestMultiKill': 1, 'killingSprees': 0, 'longestTimeSpentLiving': 1044, 'doubleKills': 0, 'tripleKills': 0, 'quadraKills': 0, 'pentaKills': 0, 'unrealKills': 0, 'totalDamageDealt': 14172, 'magicDamageDealt': 6132, 'physicalDamageDealt': 3790, 'trueDamageDealt': 4249, 'largestCriticalStrike': 0, 'totalDamageDealtToChampions': 4014, 'magicDamageDealtToChampions': 3024, 'physicalDamageDealtToChampions': 539, 'trueDamageDealtToChampions': 450, 'totalHeal': 892, 'totalUnitsHealed': 5, 'damageSelfMitigated': 4515, 'damageDealtToObjectives': 87, 'damageDealtToTurrets': 87, 'visionScore': 39, 'timeCCingOthers': 31, 'totalDamageTaken': 5048, 'magicalDamageTaken': 2916, 'physicalDamageTaken': 2132, 'trueDamageTaken': 0, 'goldEarned': 5398, 'goldSpent': 4250, 'turretKills': 0, 'inhibitorKills': 0, 'totalMinionsKilled': 24, 'neutralMinionsKilled': 0, 'neutralMinionsKilledTeamJungle': 0, 'neutralMinionsKilledEnemyJungle': 0, 'totalTimeCrowdControlDealt': 77, 'champLevel': 10, 'visionWardsBoughtInGame': 6, 'sightWardsBoughtInGame': 0, 'wardsPlaced': 19, 'wardsKilled': 3, 'firstBloodKill': False, 'firstBloodAssist': False, 'firstTowerKill': False, 'firstTowerAssist': False, 'combatPlayerScore': 0, 'objectivePlayerScore': 0, 'totalPlayerScore': 0, 'totalScoreRank': 0, 'playerScore0': 0, 'playerScore1': 0, 'playerScore2': 0, 'playerScore3': 0, 'playerScore4': 0, 'playerScore5': 0, 'playerScore6': 0, 'playerScore7': 0, 'playerScore8': 0, 'playerScore9': 0, 'perk0': 8439, 'perk0Var1': 149, 'perk0Var2': 0, 'perk0Var3': 0, 'perk1': 8463, 'perk1Var1': 947, 'perk1Var2': 0, 'perk1Var3': 0, 'perk2': 8473, 'perk2Var1': 472, 'perk2Var2': 0, 'perk2Var3': 0, 'perk3': 8451, 'perk3Var1': 127, 'perk3Var2': 0, 'perk3Var3': 0, 'perk4': 8345, 'perk4Var1': 3, 'perk4Var2': 0, 'perk4Var3': 0, 'perk5': 8347, 'perk5Var1': 0, 'perk5Var2': 0, 'perk5Var3': 0, 'perkPrimaryStyle': 8400, 'perkSubStyle': 8300, 'statPerk0': 5007, 'statPerk1': 5002, 'statPerk2': 5002}, 'timeline': {'participantId': 5, 'creepsPerMinDeltas': {'10-20': 1.2, '0-10': 1.2000000000000002}, 'xpPerMinDeltas': {'10-20': 334.8, '0-10': 264.1}, 'goldPerMinDeltas': {'10-20': 251.4, '0-10': 210.4}, 'csDiffPerMinDeltas': {'10-20': 0.1499999999999999, '0-10': 1.1500000000000001}, 'xpDiffPerMinDeltas': {'10-20': 140.6, '0-10': 38.2}, 'damageTakenPerMinDeltas': {'10-20': 336.1, '0-10': 122.9}, 'damageTakenDiffPerMinDeltas': {'10-20': -110.50000000000006, '0-10': -63.849999999999994}, 'role': 'DUO_SUPPORT', 'lane': 'BOTTOM'}}, {'participantId': 6, 'teamId': 200, 'championId': 64, 'spell1Id': 11, 'spell2Id': 4, 'stats': {'participantId': 6, 'win': False, 'item0': 2055, 'item1': 0, 'item2': 3044, 'item3': 3067, 'item4': 1412, 'item5': 1001, 'item6': 3340, 'kills': 1, 'deaths': 5, 'assists': 3, 'largestKillingSpree': 0, 'largestMultiKill': 1, 'killingSprees': 0, 'longestTimeSpentLiving': 558, 'doubleKills': 0, 'tripleKills': 0, 'quadraKills': 0, 'pentaKills': 0, 'unrealKills': 0, 'totalDamageDealt': 77030, 'magicDamageDealt': 15000, 'physicalDamageDealt': 59208, 'trueDamageDealt': 2821, 'largestCriticalStrike': 0, 'totalDamageDealtToChampions': 2870, 'magicDamageDealtToChampions': 286, 'physicalDamageDealtToChampions': 2299, 'trueDamageDealtToChampions': 283, 'totalHeal': 4669, 'totalUnitsHealed': 1, 'damageSelfMitigated': 12517, 'damageDealtToObjectives': 3955, 'damageDealtToTurrets': 0, 'visionScore': 23, 'timeCCingOthers': 2, 'totalDamageTaken': 15576, 'magicalDamageTaken': 4379, 'physicalDamageTaken': 10277, 'trueDamageTaken': 918, 'goldEarned': 5915, 'goldSpent': 5350, 'turretKills': 0, 'inhibitorKills': 0, 'totalMinionsKilled': 14, 'neutralMinionsKilled': 84, 'neutralMinionsKilledTeamJungle': 67, 'neutralMinionsKilledEnemyJungle': 0, 'totalTimeCrowdControlDealt': 246, 'champLevel': 10, 'visionWardsBoughtInGame': 3, 'sightWardsBoughtInGame': 0, 'wardsPlaced': 7, 'wardsKilled': 8, 'firstBloodKill': False, 'firstBloodAssist': False, 'firstTowerKill': False, 'firstTowerAssist': False, 'combatPlayerScore': 0, 'objectivePlayerScore': 0, 'totalPlayerScore': 0, 'totalScoreRank': 0, 'playerScore0': 0, 'playerScore1': 0, 'playerScore2': 0, 'playerScore3': 0, 'playerScore4': 0, 'playerScore5': 0, 'playerScore6': 0, 'playerScore7': 0, 'playerScore8': 0, 'playerScore9': 0, 'perk0': 8010, 'perk0Var1': 84, 'perk0Var2': 0, 'perk0Var3': 0, 'perk1': 9111, 'perk1Var1': 26, 'perk1Var2': 80, 'perk1Var3': 0, 'perk2': 9105, 'perk2Var1': 0, 'perk2Var2': 0, 'perk2Var3': 0, 'perk3': 8014, 'perk3Var1': 50, 'perk3Var2': 0, 'perk3Var3': 0, 'perk4': 8143, 'perk4Var1': 85, 'perk4Var2': 0, 'perk4Var3': 0, 'perk5': 8135, 'perk5Var1': 1015, 'perk5Var2': 3, 'perk5Var3': 0, 'perkPrimaryStyle': 8000, 'perkSubStyle': 8100, 'statPerk0': 5005, 'statPerk1': 5008, 'statPerk2': 5002}, 'timeline': {'participantId': 6, 'creepsPerMinDeltas': {'10-20': 1.1, '0-10': 0.30000000000000004}, 'xpPerMinDeltas': {'10-20': 346.8, '0-10': 275.3}, 'goldPerMinDeltas': {'10-20': 303.4, '0-10': 233.8}, 'damageTakenPerMinDeltas': {'10-20': 918.9, '0-10': 551.8}, 'role': 'NONE', 'lane': 'JUNGLE'}}, {'participantId': 7, 'teamId': 200, 'championId': 3, 'spell1Id': 12, 'spell2Id': 4, 'stats': {'participantId': 7, 'win': False, 'item0': 2031, 'item1': 3152, 'item2': 1056, 'item3': 3111, 'item4': 1056, 'item5': 3108, 'item6': 3340, 'kills': 2, 'deaths': 3, 'assists': 3, 'largestKillingSpree': 0, 'largestMultiKill': 1, 'killingSprees': 0, 'longestTimeSpentLiving': 819, 'doubleKills': 0, 'tripleKills': 0, 'quadraKills': 0, 'pentaKills': 0, 'unrealKills': 0, 'totalDamageDealt': 87839, 'magicDamageDealt': 83040, 'physicalDamageDealt': 3361, 'trueDamageDealt': 1436, 'largestCriticalStrike': 0, 'totalDamageDealtToChampions': 9868, 'magicDamageDealtToChampions': 9645, 'physicalDamageDealtToChampions': 223, 'trueDamageDealtToChampions': 0, 'totalHeal': 0, 'totalUnitsHealed': 0, 'damageSelfMitigated': 14157, 'damageDealtToObjectives': 483, 'damageDealtToTurrets': 0, 'visionScore': 13, 'timeCCingOthers': 25, 'totalDamageTaken': 13616, 'magicalDamageTaken': 3219, 'physicalDamageTaken': 9613, 'trueDamageTaken': 783, 'goldEarned': 6967, 'goldSpent': 5700, 'turretKills': 0, 'inhibitorKills': 0, 'totalMinionsKilled': 154, 'neutralMinionsKilled': 0, 'neutralMinionsKilledTeamJungle': 0, 'neutralMinionsKilledEnemyJungle': 0, 'totalTimeCrowdControlDealt': 72, 'champLevel': 12, 'visionWardsBoughtInGame': 2, 'sightWardsBoughtInGame': 0, 'wardsPlaced': 9, 'wardsKilled': 2, 'firstBloodKill': False, 'firstBloodAssist': False, 'firstTowerKill': False, 'firstTowerAssist': False, 'combatPlayerScore': 0, 'objectivePlayerScore': 0, 'totalPlayerScore': 0, 'totalScoreRank': 0, 'playerScore0': 0, 'playerScore1': 0, 'playerScore2': 0, 'playerScore3': 0, 'playerScore4': 0, 'playerScore5': 0, 'playerScore6': 0, 'playerScore7': 0, 'playerScore8': 0, 'playerScore9': 0, 'perk0': 8439, 'perk0Var1': 547, 'perk0Var2': 0, 'perk0Var3': 0, 'perk1': 8401, 'perk1Var1': 339, 'perk1Var2': 0, 'perk1Var3': 0, 'perk2': 8473, 'perk2Var1': 486, 'perk2Var2': 0, 'perk2Var3': 0, 'perk3': 8451, 'perk3Var1': 159, 'perk3Var2': 0, 'perk3Var3': 0, 'perk4': 8316, 'perk4Var1': 4044, 'perk4Var2': 0, 'perk4Var3': 0, 'perk5': 8347, 'perk5Var1': 0, 'perk5Var2': 0, 'perk5Var3': 0, 'perkPrimaryStyle': 8400, 'perkSubStyle': 8300, 'statPerk0': 5008, 'statPerk1': 5008, 'statPerk2': 5003}, 'timeline': {'participantId': 7, 'creepsPerMinDeltas': {'10-20': 8.3, '0-10': 7.1}, 'xpPerMinDeltas': {'10-20': 517.1, '0-10': 457.20000000000005}, 'goldPerMinDeltas': {'10-20': 391.9, '0-10': 250.5}, 'csDiffPerMinDeltas': {'10-20': 2.8, '0-10': -1.7000000000000006}, 'xpDiffPerMinDeltas': {'10-20': 90.6, '0-10': 17.099999999999994}, 'damageTakenPerMinDeltas': {'10-20': 814.1, '0-10': 340.1}, 'damageTakenDiffPerMinDeltas': {'10-20': -158.7, '0-10': -24.700000000000003}, 'role': 'SOLO', 'lane': 'MIDDLE'}}, {'participantId': 8, 'teamId': 200, 'championId': 21, 'spell1Id': 4, 'spell2Id': 7, 'stats': {'participantId': 8, 'win': False, 'item0': 3508, 'item1': 2031, 'item2': 1018, 'item3': 1055, 'item4': 3006, 'item5': 0, 'item6': 3363, 'kills': 0, 'deaths': 4, 'assists': 4, 'largestKillingSpree': 0, 'largestMultiKill': 0, 'killingSprees': 0, 'longestTimeSpentLiving': 629, 'doubleKills': 0, 'tripleKills': 0, 'quadraKills': 0, 'pentaKills': 0, 'unrealKills': 0, 'totalDamageDealt': 68255, 'magicDamageDealt': 353, 'physicalDamageDealt': 64381, 'trueDamageDealt': 3520, 'largestCriticalStrike': 518, 'totalDamageDealtToChampions': 8842, 'magicDamageDealtToChampions': 250, 'physicalDamageDealtToChampions': 8591, 'trueDamageDealtToChampions': 0, 'totalHeal': 750, 'totalUnitsHealed': 2, 'damageSelfMitigated': 6133, 'damageDealtToObjectives': 783, 'damageDealtToTurrets': 246, 'visionScore': 17, 'timeCCingOthers': 2, 'totalDamageTaken': 10920, 'magicalDamageTaken': 2415, 'physicalDamageTaken': 7770, 'trueDamageTaken': 733, 'goldEarned': 6636, 'goldSpent': 6300, 'turretKills': 0, 'inhibitorKills': 0, 'totalMinionsKilled': 154, 'neutralMinionsKilled': 8, 'neutralMinionsKilledTeamJungle': 4, 'neutralMinionsKilledEnemyJungle': 0, 'totalTimeCrowdControlDealt': 18, 'champLevel': 10, 'visionWardsBoughtInGame': 0, 'sightWardsBoughtInGame': 0, 'wardsPlaced': 6, 'wardsKilled': 5, 'firstBloodKill': False, 'firstBloodAssist': False, 'firstTowerKill': False, 'firstTowerAssist': False, 'combatPlayerScore': 0, 'objectivePlayerScore': 0, 'totalPlayerScore': 0, 'totalScoreRank': 0, 'playerScore0': 0, 'playerScore1': 0, 'playerScore2': 0, 'playerScore3': 0, 'playerScore4': 0, 'playerScore5': 0, 'playerScore6': 0, 'playerScore7': 0, 'playerScore8': 0, 'playerScore9': 0, 'perk0': 8005, 'perk0Var1': 557, 'perk0Var2': 406, 'perk0Var3': 150, 'perk1': 9101, 'perk1Var1': 954, 'perk1Var2': 1123, 'perk1Var3': 0, 'perk2': 9103, 'perk2Var1': 0, 'perk2Var2': 0, 'perk2Var3': 0, 'perk3': 8017, 'perk3Var1': 386, 'perk3Var2': 0, 'perk3Var3': 0, 'perk4': 8275, 'perk4Var1': 5, 'perk4Var2': 0, 'perk4Var3': 0, 'perk5': 8236, 'perk5Var1': 14, 'perk5Var2': 0, 'perk5Var3': 0, 'perkPrimaryStyle': 8000, 'perkSubStyle': 8200, 'statPerk0': 5005, 'statPerk1': 5008, 'statPerk2': 5002}, 'timeline': {'participantId': 8, 'creepsPerMinDeltas': {'10-20': 7.4, '0-10': 8}, 'xpPerMinDeltas': {'10-20': 400.4, '0-10': 302.3}, 'goldPerMinDeltas': {'10-20': 343.1, '0-10': 266.2}, 'csDiffPerMinDeltas': {'10-20': -0.1499999999999999, '0-10': -1.1500000000000001}, 'xpDiffPerMinDeltas': {'10-20': -140.6, '0-10': -38.2}, 'damageTakenPerMinDeltas': {'10-20': 716.5, '0-10': 223.7}, 'damageTakenDiffPerMinDeltas': {'10-20': 110.50000000000006, '0-10': 63.849999999999994}, 'role': 'DUO_CARRY', 'lane': 'BOTTOM'}}, {'participantId': 9, 'teamId': 200, 'championId': 223, 'spell1Id': 3, 'spell2Id': 4, 'stats': {'participantId': 9, 'win': False, 'item0': 3111, 'item1': 3860, 'item2': 1031, 'item3': 2055, 'item4': 1057, 'item5': 2424, 'item6': 3364, 'kills': 0, 'deaths': 3, 'assists': 2, 'largestKillingSpree': 0, 'largestMultiKill': 0, 'killingSprees': 0, 'longestTimeSpentLiving': 707, 'doubleKills': 0, 'tripleKills': 0, 'quadraKills': 0, 'pentaKills': 0, 'unrealKills': 0, 'totalDamageDealt': 17383, 'magicDamageDealt': 6616, 'physicalDamageDealt': 3365, 'trueDamageDealt': 7402, 'largestCriticalStrike': 0, 'totalDamageDealtToChampions': 3402, 'magicDamageDealtToChampions': 2900, 'physicalDamageDealtToChampions': 502, 'trueDamageDealtToChampions': 0, 'totalHeal': 1384, 'totalUnitsHealed': 3, 'damageSelfMitigated': 9971, 'damageDealtToObjectives': 0, 'damageDealtToTurrets': 0, 'visionScore': 32, 'timeCCingOthers': 13, 'totalDamageTaken': 9277, 'magicalDamageTaken': 1678, 'physicalDamageTaken': 7332, 'trueDamageTaken': 266, 'goldEarned': 4153, 'goldSpent': 3720, 'turretKills': 0, 'inhibitorKills': 0, 'totalMinionsKilled': 26, 'neutralMinionsKilled': 0, 'neutralMinionsKilledTeamJungle': 0, 'neutralMinionsKilledEnemyJungle': 0, 'totalTimeCrowdControlDealt': 99, 'champLevel': 8, 'visionWardsBoughtInGame': 8, 'sightWardsBoughtInGame': 0, 'wardsPlaced': 18, 'wardsKilled': 6, 'firstBloodKill': False, 'firstBloodAssist': False, 'firstTowerKill': False, 'firstTowerAssist': False, 'combatPlayerScore': 0, 'objectivePlayerScore': 0, 'totalPlayerScore': 0, 'totalScoreRank': 0, 'playerScore0': 0, 'playerScore1': 0, 'playerScore2': 0, 'playerScore3': 0, 'playerScore4': 0, 'playerScore5': 0, 'playerScore6': 0, 'playerScore7': 0, 'playerScore8': 0, 'playerScore9': 0, 'perk0': 8465, 'perk0Var1': 1310, 'perk0Var2': 0, 'perk0Var3': 0, 'perk1': 8463, 'perk1Var1': 405, 'perk1Var2': 0, 'perk1Var3': 0, 'perk2': 8444, 'perk2Var1': 559, 'perk2Var2': 0, 'perk2Var3': 0, 'perk3': 8451, 'perk3Var1': 110, 'perk3Var2': 0, 'perk3Var3': 0, 'perk4': 8313, 'perk4Var1': 0, 'perk4Var2': 0, 'perk4Var3': 0, 'perk5': 8316, 'perk5Var1': 508, 'perk5Var2': 0, 'perk5Var3': 0, 'perkPrimaryStyle': 8400, 'perkSubStyle': 8300, 'statPerk0': 5005, 'statPerk1': 5002, 'statPerk2': 5002}, 'timeline': {'participantId': 9, 'creepsPerMinDeltas': {'10-20': 1.5, '0-10': 1.1}, 'xpPerMinDeltas': {'10-20': 247, '0-10': 243.6}, 'goldPerMinDeltas': {'10-20': 204.4, '0-10': 156}, 'csDiffPerMinDeltas': {'10-20': -0.1499999999999999, '0-10': -1.1500000000000001}, 'xpDiffPerMinDeltas': {'10-20': -140.6, '0-10': -38.2}, 'damageTakenPerMinDeltas': {'10-20': 540.7, '0-10': 210.89999999999998}, 'damageTakenDiffPerMinDeltas': {'10-20': 110.50000000000006, '0-10': 63.849999999999994}, 'role': 'DUO_SUPPORT', 'lane': 'BOTTOM'}}, {'participantId': 10, 'teamId': 200, 'championId': 517, 'spell1Id': 4, 'spell2Id': 12, 'stats': {'participantId': 10, 'win': False, 'item0': 3145, 'item1': 2033, 'item2': 3285, 'item3': 1082, 'item4': 3067, 'item5': 3047, 'item6': 3364, 'kills': 4, 'deaths': 2, 'assists': 2, 'largestKillingSpree': 3, 'largestMultiKill': 1, 'killingSprees': 1, 'longestTimeSpentLiving': 867, 'doubleKills': 0, 'tripleKills': 0, 'quadraKills': 0, 'pentaKills': 0, 'unrealKills': 0, 'totalDamageDealt': 66193, 'magicDamageDealt': 56444, 'physicalDamageDealt': 6754, 'trueDamageDealt': 2994, 'largestCriticalStrike': 0, 'totalDamageDealtToChampions': 10718, 'magicDamageDealtToChampions': 10718, 'physicalDamageDealtToChampions': 0, 'trueDamageDealtToChampions': 0, 'totalHeal': 3912, 'totalUnitsHealed': 1, 'damageSelfMitigated': 5980, 'damageDealtToObjectives': 2149, 'damageDealtToTurrets': 585, 'visionScore': 21, 'timeCCingOthers': 14, 'totalDamageTaken': 12994, 'magicalDamageTaken': 6335, 'physicalDamageTaken': 6251, 'trueDamageTaken': 407, 'goldEarned': 7366, 'goldSpent': 7225, 'turretKills': 0, 'inhibitorKills': 0, 'totalMinionsKilled': 142, 'neutralMinionsKilled': 4, 'neutralMinionsKilledTeamJungle': 4, 'neutralMinionsKilledEnemyJungle': 0, 'totalTimeCrowdControlDealt': 235, 'champLevel': 12, 'visionWardsBoughtInGame': 3, 'sightWardsBoughtInGame': 0, 'wardsPlaced': 8, 'wardsKilled': 2, 'firstBloodKill': False, 'firstBloodAssist': False, 'firstTowerKill': False, 'firstTowerAssist': False, 'combatPlayerScore': 0, 'objectivePlayerScore': 0, 'totalPlayerScore': 0, 'totalScoreRank': 0, 'playerScore0': 0, 'playerScore1': 0, 'playerScore2': 0, 'playerScore3': 0, 'playerScore4': 0, 'playerScore5': 0, 'playerScore6': 0, 'playerScore7': 0, 'playerScore8': 0, 'playerScore9': 0, 'perk0': 8010, 'perk0Var1': 196, 'perk0Var2': 0, 'perk0Var3': 0, 'perk1': 8009, 'perk1Var1': 1522, 'perk1Var2': 500, 'perk1Var3': 0, 'perk2': 9105, 'perk2Var1': 16, 'perk2Var2': 0, 'perk2Var3': 0, 'perk3': 8299, 'perk3Var1': 276, 'perk3Var2': 0, 'perk3Var3': 0, 'perk4': 8226, 'perk4Var1': 250, 'perk4Var2': 659, 'perk4Var3': 0, 'perk5': 8210, 'perk5Var1': 0, 'perk5Var2': 0, 'perk5Var3': 0, 'perkPrimaryStyle': 8000, 'perkSubStyle': 8200, 'statPerk0': 5008, 'statPerk1': 5008, 'statPerk2': 5002}, 'timeline': {'participantId': 10, 'creepsPerMinDeltas': {'10-20': 6.199999999999999, '0-10': 8}, 'xpPerMinDeltas': {'10-20': 489.8, '0-10': 452.6}, 'goldPerMinDeltas': {'10-20': 403, '0-10': 279.3}, 'damageTakenPerMinDeltas': {'10-20': 1115.6, '0-10': 183.8}, 'role': 'SOLO', 'lane': 'TOP'}}]",KR,420.0,13.0,,
21,1584171881328.0,1356.0,4216998163.0,CLASSIC,MATCHED_GAME,10.5.312.392,11.0,"[{'participantId': 1, 'player': {'platformId': 'KR', 'accountId': 'Aznd4-_bIcqsfPqWhNWnnNr1KxmWhgFZcGXWeUiaIEh11OEoWEf9V-L0', 'summonerName': '맥스 노예', 'summonerId': 'OnCEoOtuY3xMZWVHsNtiseqPZ73JB12B8X8EQovhLG3iWSU', 'currentPlatformId': 'KR', 'currentAccountId': 'Aznd4-_bIcqsfPqWhNWnnNr1KxmWhgFZcGXWeUiaIEh11OEoWEf9V-L0', 'matchHistoryUri': '/v1/stats/player_history/KR/2402237705908032', 'profileIcon': 29}}, {'participantId': 2, 'player': {'platformId': 'KR', 'accountId': 'CBshAH3eSlOnMc1ntoJlf3E14TVfuABdbiQTIfpLgSMjs-R_nrCs_Su1', 'summonerName': 'maiduiyou', 'summonerId': 'dmh7O3sbF2CJt6lY4lNppWURxiNMXXNuL26NMp1pfvBDhYw', 'currentPlatformId': 'KR', 'currentAccountId': 'CBshAH3eSlOnMc1ntoJlf3E14TVfuABdbiQTIfpLgSMjs-R_nrCs_Su1', 'matchHistoryUri': '/v1/stats/player_history/KR/2372729532198688', 'profileIcon': 4447}}, {'participantId': 3, 'player': {'platformId': 'KR', 'accountId': 'oEEfKZhHycdHFB86x1iTmXPfa7nACGS5PzHeddpbHA5_', 'summonerName': '나는대포너는머포', 'summonerId': 'vmxz3hK9o_k2uGte_AczeXW8stno5l_HvrO1t61DM-Y5_g', 'currentPlatformId': 'KR', 'currentAccountId': 'oEEfKZhHycdHFB86x1iTmXPfa7nACGS5PzHeddpbHA5_', 'matchHistoryUri': '/v1/stats/player_history/KR/1367961', 'profileIcon': 18}}, {'participantId': 4, 'player': {'platformId': 'KR', 'accountId': 'xh_pYeUlSCptmRYffYqwmFS_o1CJwVcOsWcC6BV_SK42KS4', 'summonerName': 'Gen G HaYoon', 'summonerId': 'UUZSMax82sfqWNDYNeoP5i_KIEtAyf5IikTrL05l6XNBJz0', 'currentPlatformId': 'KR', 'currentAccountId': 'xh_pYeUlSCptmRYffYqwmFS_o1CJwVcOsWcC6BV_SK42KS4', 'matchHistoryUri': '/v1/stats/player_history/KR/206493908', 'profileIcon': 4353}}, {'participantId': 5, 'player': {'platformId': 'KR', 'accountId': 'LhCH2yaixm5FZ6dHybuexqHNckeV0RQh4-W3pB8vJP2_', 'summonerName': '쪼렙이다말로하자', 'summonerId': 'YTMZt7CQ7cHXiADp1ZtI1GjNHdAE_HQbbSxxq_gllWinqQ', 'currentPlatformId': 'KR', 'currentAccountId': 'LhCH2yaixm5FZ6dHybuexqHNckeV0RQh4-W3pB8vJP2_', 'matchHistoryUri': '/v1/stats/player_history/KR/2725181', 'profileIcon': 3019}}, {'participantId': 6, 'player': {'platformId': 'KR', 'accountId': 'd-1qiMjHGyQ_ADG-T3S73MZDLqO4X7sLobi3txR0kiDSjaD8LKuDq3Gb', 'summonerName': '다줘패는중학교', 'summonerId': '94l2aByrYMPmWpYfepNptsFrJyAGaW1k4G9L5KvlxsxUnLY', 'currentPlatformId': 'KR', 'currentAccountId': 'd-1qiMjHGyQ_ADG-T3S73MZDLqO4X7sLobi3txR0kiDSjaD8LKuDq3Gb', 'matchHistoryUri': '/v1/stats/player_history/KR/2359190042283264', 'profileIcon': 3889}}, {'participantId': 7, 'player': {'platformId': 'KR', 'accountId': 'IIWG7FRiqE8CuZaCslKkNxkglwpgnePPxDslb2tv66FKrgo', 'summonerName': 'Youtube Thal', 'summonerId': '8Cx100isJ6RMMeOmUX_-Wg0CESabVTYk-e8P8Ijj3zuIiB4', 'currentPlatformId': 'KR', 'currentAccountId': 'IIWG7FRiqE8CuZaCslKkNxkglwpgnePPxDslb2tv66FKrgo', 'matchHistoryUri': '/v1/stats/player_history/KR/201236882', 'profileIcon': 4090}}, {'participantId': 8, 'player': {'platformId': 'KR', 'accountId': '9nFIYXSiwY19z5DMFpJAqRIPpTJTJAuiuFjQ1jFlZtwfg_Q', 'summonerName': 'madkoed', 'summonerId': '8VvOguJ7iSNCQoTK2UnHAlOXeEebFNn86rTFnKZpX-QQrHk', 'currentPlatformId': 'KR', 'currentAccountId': '9nFIYXSiwY19z5DMFpJAqRIPpTJTJAuiuFjQ1jFlZtwfg_Q', 'matchHistoryUri': '/v1/stats/player_history/KR/209925871', 'profileIcon': 6}}, {'participantId': 9, 'player': {'platformId': 'KR', 'accountId': 'NYLTFIYU4hrlCRdZqlq-ovx5xXfZixAKfgl4ecVBJKFeEww', 'summonerName': '명구리버드', 'summonerId': 'iypj-m7-sFvnHa_pQn5bbE6zgetXopDkybYlGzAFGZnEhRQ', 'currentPlatformId': 'KR', 'currentAccountId': 'NYLTFIYU4hrlCRdZqlq-ovx5xXfZixAKfgl4ecVBJKFeEww', 'matchHistoryUri': '/v1/stats/player_history/KR/206091414', 'profileIcon': 4213}}, {'participantId': 10, 'player': {'platformId': 'KR', 'accountId': '-sonWOGGbsPP2BjIVPbE8EZqDLqMN2L0xsJYZ8qFhd1hUt8', 'summonerName': 'HLE Haru', 'summonerId': 'TBLJvtLNSqMr8IMakRt370xY96-PH9SWrhRUjbXwsMVhB4Y', 'currentPlatformId': 'KR', 'currentAccountId': '-sonWOGGbsPP2BjIVPbE8EZqDLqMN2L0xsJYZ8qFhd1hUt8', 'matchHistoryUri': '/v1/stats/player_history/KR/207477934', 'profileIcon': 3152}}]","[{'participantId': 1, 'teamId': 100, 'championId': 266, 'spell1Id': 12, 'spell2Id': 4, 'stats': {'participantId': 1, 'win': False, 'item0': 3071, 'item1': 3812, 'item2': 1054, 'item3': 3047, 'item4': 1036, 'item5': 0, 'item6': 3340, 'kills': 1, 'deaths': 3, 'assists': 2, 'largestKillingSpree': 0, 'largestMultiKill': 1, 'killingSprees': 0, 'longestTimeSpentLiving': 605, 'doubleKills': 0, 'tripleKills': 0, 'quadraKills': 0, 'pentaKills': 0, 'unrealKills': 0, 'totalDamageDealt': 104543, 'magicDamageDealt': 0, 'physicalDamageDealt': 98017, 'trueDamageDealt': 6526, 'largestCriticalStrike': 0, 'totalDamageDealtToChampions': 11438, 'magicDamageDealtToChampions': 0, 'physicalDamageDealtToChampions': 11438, 'trueDamageDealtToChampions': 0, 'totalHeal': 6288, 'totalUnitsHealed': 1, 'damageSelfMitigated': 11580, 'damageDealtToObjectives': 5797, 'damageDealtToTurrets': 3320, 'visionScore': 17, 'timeCCingOthers': 13, 'totalDamageTaken': 17594, 'magicalDamageTaken': 7125, 'physicalDamageTaken': 9031, 'trueDamageTaken': 1437, 'goldEarned': 8490, 'goldSpent': 8525, 'turretKills': 1, 'inhibitorKills': 0, 'totalMinionsKilled': 148, 'neutralMinionsKilled': 16, 'neutralMinionsKilledTeamJungle': 13, 'neutralMinionsKilledEnemyJungle': 0, 'totalTimeCrowdControlDealt': 255, 'champLevel': 13, 'visionWardsBoughtInGame': 3, 'sightWardsBoughtInGame': 0, 'wardsPlaced': 7, 'wardsKilled': 5, 'firstBloodKill': False, 'firstBloodAssist': False, 'firstTowerKill': False, 'firstTowerAssist': False, 'firstInhibitorKill': False, 'firstInhibitorAssist': False, 'combatPlayerScore': 0, 'objectivePlayerScore': 0, 'totalPlayerScore': 0, 'totalScoreRank': 0, 'playerScore0': 0, 'playerScore1': 0, 'playerScore2': 0, 'playerScore3': 0, 'playerScore4': 0, 'playerScore5': 0, 'playerScore6': 0, 'playerScore7': 0, 'playerScore8': 0, 'playerScore9': 0, 'perk0': 8010, 'perk0Var1': 407, 'perk0Var2': 0, 'perk0Var3': 0, 'perk1': 9111, 'perk1Var1': 239, 'perk1Var2': 60, 'perk1Var3': 0, 'perk2': 9105, 'perk2Var1': 0, 'perk2Var2': 0, 'perk2Var3': 0, 'perk3': 8299, 'perk3Var1': 382, 'perk3Var2': 0, 'perk3Var3': 0, 'perk4': 8304, 'perk4Var1': 11, 'perk4Var2': 1, 'perk4Var3': 5, 'perk5': 8347, 'perk5Var1': 0, 'perk5Var2': 0, 'perk5Var3': 0, 'perkPrimaryStyle': 8000, 'perkSubStyle': 8300, 'statPerk0': 5008, 'statPerk1': 5008, 'statPerk2': 5002}, 'timeline': {'participantId': 1, 'creepsPerMinDeltas': {'10-20': 6.4, '0-10': 8}, 'xpPerMinDeltas': {'10-20': 466.8, '0-10': 510.3}, 'goldPerMinDeltas': {'10-20': 411, '0-10': 332.4}, 'csDiffPerMinDeltas': {'10-20': -2.0999999999999996, '0-10': -0.40000000000000036}, 'xpDiffPerMinDeltas': {'10-20': -151.10000000000002, '0-10': 14.600000000000023}, 'damageTakenPerMinDeltas': {'10-20': 851.5, '0-10': 462.5}, 'damageTakenDiffPerMinDeltas': {'10-20': 190.8, '0-10': 139.2}, 'role': 'SOLO', 'lane': 'TOP'}}, {'participantId': 2, 'teamId': 100, 'championId': 64, 'spell1Id': 4, 'spell2Id': 11, 'stats': {'participantId': 2, 'win': False, 'item0': 3109, 'item1': 3077, 'item2': 0, 'item3': 3111, 'item4': 1412, 'item5': 1028, 'item6': 3340, 'kills': 6, 'deaths': 3, 'assists': 1, 'largestKillingSpree': 2, 'largestMultiKill': 1, 'killingSprees': 3, 'longestTimeSpentLiving': 471, 'doubleKills': 0, 'tripleKills': 0, 'quadraKills': 0, 'pentaKills': 0, 'unrealKills': 0, 'totalDamageDealt': 135929, 'magicDamageDealt': 20797, 'physicalDamageDealt': 106436, 'trueDamageDealt': 8696, 'largestCriticalStrike': 0, 'totalDamageDealtToChampions': 10936, 'magicDamageDealtToChampions': 764, 'physicalDamageDealtToChampions': 9323, 'trueDamageDealtToChampions': 848, 'totalHeal': 6253, 'totalUnitsHealed': 1, 'damageSelfMitigated': 20791, 'damageDealtToObjectives': 14223, 'damageDealtToTurrets': 0, 'visionScore': 30, 'timeCCingOthers': 16, 'totalDamageTaken': 20149, 'magicalDamageTaken': 5466, 'physicalDamageTaken': 13920, 'trueDamageTaken': 763, 'goldEarned': 9657, 'goldSpent': 8025, 'turretKills': 0, 'inhibitorKills': 0, 'totalMinionsKilled': 38, 'neutralMinionsKilled': 126, 'neutralMinionsKilledTeamJungle': 86, 'neutralMinionsKilledEnemyJungle': 8, 'totalTimeCrowdControlDealt': 407, 'champLevel': 13, 'visionWardsBoughtInGame': 7, 'sightWardsBoughtInGame': 0, 'wardsPlaced': 13, 'wardsKilled': 8, 'firstBloodKill': False, 'firstBloodAssist': False, 'firstTowerKill': False, 'firstTowerAssist': False, 'firstInhibitorKill': False, 'firstInhibitorAssist': False, 'combatPlayerScore': 0, 'objectivePlayerScore': 0, 'totalPlayerScore': 0, 'totalScoreRank': 0, 'playerScore0': 0, 'playerScore1': 0, 'playerScore2': 0, 'playerScore3': 0, 'playerScore4': 0, 'playerScore5': 0, 'playerScore6': 0, 'playerScore7': 0, 'playerScore8': 0, 'playerScore9': 0, 'perk0': 8010, 'perk0Var1': 385, 'perk0Var2': 0, 'perk0Var3': 0, 'perk1': 9111, 'perk1Var1': 346, 'perk1Var2': 140, 'perk1Var3': 0, 'perk2': 9105, 'perk2Var1': 12, 'perk2Var2': 0, 'perk2Var3': 0, 'perk3': 8299, 'perk3Var1': 441, 'perk3Var2': 0, 'perk3Var3': 0, 'perk4': 8304, 'perk4Var1': 10, 'perk4Var2': 3, 'perk4Var3': 0, 'perk5': 8347, 'perk5Var1': 0, 'perk5Var2': 0, 'perk5Var3': 0, 'perkPrimaryStyle': 8000, 'perkSubStyle': 8300, 'statPerk0': 5005, 'statPerk1': 5008, 'statPerk2': 5002}, 'timeline': {'participantId': 2, 'creepsPerMinDeltas': {'10-20': 2.8, '0-10': 1}, 'xpPerMinDeltas': {'10-20': 547.1, '0-10': 388.4}, 'goldPerMinDeltas': {'10-20': 515.1, '0-10': 327.3}, 'csDiffPerMinDeltas': {'10-20': 1.8, '0-10': -0.39999999999999997}, 'xpDiffPerMinDeltas': {'10-20': 162, '0-10': 62.30000000000001}, 'damageTakenPerMinDeltas': {'10-20': 726.6, '0-10': 756.3}, 'damageTakenDiffPerMinDeltas': {'10-20': 130.40000000000006, '0-10': 229.2}, 'role': 'NONE', 'lane': 'JUNGLE'}}, {'participantId': 3, 'teamId': 100, 'championId': 523, 'spell1Id': 4, 'spell2Id': 1, 'stats': {'participantId': 3, 'win': False, 'item0': 1054, 'item1': 2031, 'item2': 3508, 'item3': 3006, 'item4': 3086, 'item5': 1042, 'item6': 3363, 'kills': 2, 'deaths': 7, 'assists': 1, 'largestKillingSpree': 2, 'largestMultiKill': 1, 'killingSprees': 1, 'longestTimeSpentLiving': 418, 'doubleKills': 0, 'tripleKills': 0, 'quadraKills': 0, 'pentaKills': 0, 'unrealKills': 0, 'totalDamageDealt': 83301, 'magicDamageDealt': 1748, 'physicalDamageDealt': 81552, 'trueDamageDealt': 0, 'largestCriticalStrike': 418, 'totalDamageDealtToChampions': 8690, 'magicDamageDealtToChampions': 466, 'physicalDamageDealtToChampions': 8223, 'trueDamageDealtToChampions': 0, 'totalHeal': 1468, 'totalUnitsHealed': 1, 'damageSelfMitigated': 6811, 'damageDealtToObjectives': 2778, 'damageDealtToTurrets': 2673, 'visionScore': 14, 'timeCCingOthers': 9, 'totalDamageTaken': 15613, 'magicalDamageTaken': 5036, 'physicalDamageTaken': 10409, 'trueDamageTaken': 168, 'goldEarned': 7649, 'goldSpent': 6825, 'turretKills': 1, 'inhibitorKills': 0, 'totalMinionsKilled': 135, 'neutralMinionsKilled': 12, 'neutralMinionsKilledTeamJungle': 12, 'neutralMinionsKilledEnemyJungle': 0, 'totalTimeCrowdControlDealt': 121, 'champLevel': 10, 'visionWardsBoughtInGame': 1, 'sightWardsBoughtInGame': 0, 'wardsPlaced': 7, 'wardsKilled': 2, 'firstBloodKill': False, 'firstBloodAssist': False, 'firstTowerKill': False, 'firstTowerAssist': False, 'firstInhibitorKill': False, 'firstInhibitorAssist': False, 'combatPlayerScore': 0, 'objectivePlayerScore': 0, 'totalPlayerScore': 0, 'totalScoreRank': 0, 'playerScore0': 0, 'playerScore1': 0, 'playerScore2': 0, 'playerScore3': 0, 'playerScore4': 0, 'playerScore5': 0, 'playerScore6': 0, 'playerScore7': 0, 'playerScore8': 0, 'playerScore9': 0, 'perk0': 8010, 'perk0Var1': 6, 'perk0Var2': 0, 'perk0Var3': 0, 'perk1': 9101, 'perk1Var1': 193, 'perk1Var2': 402, 'perk1Var3': 0, 'perk2': 9103, 'perk2Var1': 0, 'perk2Var2': 0, 'perk2Var3': 0, 'perk3': 8017, 'perk3Var1': 527, 'perk3Var2': 0, 'perk3Var3': 0, 'perk4': 8275, 'perk4Var1': 6, 'perk4Var2': 0, 'perk4Var3': 0, 'perk5': 8236, 'perk5Var1': 14, 'perk5Var2': 0, 'perk5Var3': 0, 'perkPrimaryStyle': 8000, 'perkSubStyle': 8200, 'statPerk0': 5005, 'statPerk1': 5008, 'statPerk2': 5002}, 'timeline': {'participantId': 3, 'creepsPerMinDeltas': {'10-20': 6.5, '0-10': 6.5}, 'xpPerMinDeltas': {'10-20': 378.6, '0-10': 264.4}, 'goldPerMinDeltas': {'10-20': 380.79999999999995, '0-10': 244}, 'csDiffPerMinDeltas': {'10-20': -0.24999999999999978, '0-10': -0.050000000000000044}, 'xpDiffPerMinDeltas': {'10-20': 13.800000000000011, '0-10': -66.30000000000001}, 'damageTakenPerMinDeltas': {'10-20': 781.5, '0-10': 459.29999999999995}, 'damageTakenDiffPerMinDeltas': {'10-20': 306.04999999999995, '0-10': 206.2}, 'role': 'DUO_CARRY', 'lane': 'BOTTOM'}}, {'participantId': 4, 'teamId': 100, 'championId': 223, 'spell1Id': 7, 'spell2Id': 4, 'stats': {'participantId': 4, 'win': False, 'item0': 3111, 'item1': 3860, 'item2': 2424, 'item3': 2055, 'item4': 3140, 'item5': 3024, 'item6': 3364, 'kills': 0, 'deaths': 6, 'assists': 2, 'largestKillingSpree': 0, 'largestMultiKill': 0, 'killingSprees': 0, 'longestTimeSpentLiving': 413, 'doubleKills': 0, 'tripleKills': 0, 'quadraKills': 0, 'pentaKills': 0, 'unrealKills': 0, 'totalDamageDealt': 19675, 'magicDamageDealt': 8632, 'physicalDamageDealt': 4821, 'trueDamageDealt': 6221, 'largestCriticalStrike': 0, 'totalDamageDealtToChampions': 4186, 'magicDamageDealtToChampions': 3383, 'physicalDamageDealtToChampions': 802, 'trueDamageDealtToChampions': 0, 'totalHeal': 2124, 'totalUnitsHealed': 3, 'damageSelfMitigated': 16390, 'damageDealtToObjectives': 519, 'damageDealtToTurrets': 519, 'visionScore': 34, 'timeCCingOthers': 13, 'totalDamageTaken': 14311, 'magicalDamageTaken': 4511, 'physicalDamageTaken': 9669, 'trueDamageTaken': 130, 'goldEarned': 4805, 'goldSpent': 4550, 'turretKills': 0, 'inhibitorKills': 0, 'totalMinionsKilled': 21, 'neutralMinionsKilled': 0, 'neutralMinionsKilledTeamJungle': 0, 'neutralMinionsKilledEnemyJungle': 0, 'totalTimeCrowdControlDealt': 89, 'champLevel': 9, 'visionWardsBoughtInGame': 8, 'sightWardsBoughtInGame': 0, 'wardsPlaced': 22, 'wardsKilled': 1, 'firstBloodKill': False, 'firstBloodAssist': False, 'firstTowerKill': False, 'firstTowerAssist': False, 'firstInhibitorKill': False, 'firstInhibitorAssist': False, 'combatPlayerScore': 0, 'objectivePlayerScore': 0, 'totalPlayerScore': 0, 'totalScoreRank': 0, 'playerScore0': 0, 'playerScore1': 0, 'playerScore2': 0, 'playerScore3': 0, 'playerScore4': 0, 'playerScore5': 0, 'playerScore6': 0, 'playerScore7': 0, 'playerScore8': 0, 'playerScore9': 0, 'perk0': 8465, 'perk0Var1': 1131, 'perk0Var2': 0, 'perk0Var3': 0, 'perk1': 8463, 'perk1Var1': 129, 'perk1Var2': 0, 'perk1Var3': 0, 'perk2': 8444, 'perk2Var1': 711, 'perk2Var2': 0, 'perk2Var3': 0, 'perk3': 8451, 'perk3Var1': 132, 'perk3Var2': 0, 'perk3Var3': 0, 'perk4': 8313, 'perk4Var1': 0, 'perk4Var2': 0, 'perk4Var3': 0, 'perk5': 8316, 'perk5Var1': 636, 'perk5Var2': 0, 'perk5Var3': 0, 'perkPrimaryStyle': 8400, 'perkSubStyle': 8300, 'statPerk0': 5005, 'statPerk1': 5002, 'statPerk2': 5003}, 'timeline': {'participantId': 4, 'creepsPerMinDeltas': {'10-20': 0.8999999999999999, '0-10': 1.2}, 'xpPerMinDeltas': {'10-20': 289.1, '0-10': 260.6}, 'goldPerMinDeltas': {'10-20': 236, '0-10': 157.8}, 'csDiffPerMinDeltas': {'10-20': -0.24999999999999978, '0-10': -0.050000000000000044}, 'xpDiffPerMinDeltas': {'10-20': 13.800000000000011, '0-10': -66.30000000000001}, 'damageTakenPerMinDeltas': {'10-20': 523.1999999999999, '0-10': 543.5}, 'damageTakenDiffPerMinDeltas': {'10-20': 306.04999999999995, '0-10': 206.2}, 'role': 'DUO_SUPPORT', 'lane': 'BOTTOM'}}, {'participantId': 5, 'teamId': 100, 'championId': 142, 'spell1Id': 14, 'spell2Id': 4, 'stats': {'participantId': 5, 'win': False, 'item0': 0, 'item1': 0, 'item2': 0, 'item3': 0, 'item4': 0, 'item5': 0, 'item6': 3364, 'kills': 2, 'deaths': 4, 'assists': 3, 'largestKillingSpree': 2, 'largestMultiKill': 1, 'killingSprees': 1, 'longestTimeSpentLiving': 826, 'doubleKills': 0, 'tripleKills': 0, 'quadraKills': 0, 'pentaKills': 0, 'unrealKills': 0, 'totalDamageDealt': 93664, 'magicDamageDealt': 75744, 'physicalDamageDealt': 13158, 'trueDamageDealt': 4762, 'largestCriticalStrike': 0, 'totalDamageDealtToChampions': 15484, 'magicDamageDealtToChampions': 10712, 'physicalDamageDealtToChampions': 2573, 'trueDamageDealtToChampions': 2199, 'totalHeal': 2722, 'totalUnitsHealed': 1, 'damageSelfMitigated': 6291, 'damageDealtToObjectives': 1954, 'damageDealtToTurrets': 1954, 'visionScore': 25, 'timeCCingOthers': 22, 'totalDamageTaken': 11899, 'magicalDamageTaken': 6223, 'physicalDamageTaken': 5536, 'trueDamageTaken': 140, 'goldEarned': 7927, 'goldSpent': 7875, 'turretKills': 1, 'inhibitorKills': 0, 'totalMinionsKilled': 169, 'neutralMinionsKilled': 4, 'neutralMinionsKilledTeamJungle': 4, 'neutralMinionsKilledEnemyJungle': 0, 'totalTimeCrowdControlDealt': 82, 'champLevel': 13, 'visionWardsBoughtInGame': 3, 'sightWardsBoughtInGame': 0, 'wardsPlaced': 6, 'wardsKilled': 3, 'firstBloodKill': False, 'firstBloodAssist': False, 'firstTowerKill': False, 'firstTowerAssist': False, 'firstInhibitorKill': False, 'firstInhibitorAssist': False, 'combatPlayerScore': 0, 'objectivePlayerScore': 0, 'totalPlayerScore': 0, 'totalScoreRank': 0, 'playerScore0': 0, 'playerScore1': 0, 'playerScore2': 0, 'playerScore3': 0, 'playerScore4': 0, 'playerScore5': 0, 'playerScore6': 0, 'playerScore7': 0, 'playerScore8': 0, 'playerScore9': 0, 'perk0': 8112, 'perk0Var1': 790, 'perk0Var2': 0, 'perk0Var3': 0, 'perk1': 8139, 'perk1Var1': 706, 'perk1Var2': 0, 'perk1Var3': 0, 'perk2': 8138, 'perk2Var1': 10, 'perk2Var2': 0, 'perk2Var3': 0, 'perk3': 8135, 'perk3Var1': 925, 'perk3Var2': 3, 'perk3Var3': 0, 'perk4': 8345, 'perk4Var1': 3, 'perk4Var2': 0, 'perk4Var3': 0, 'perk5': 8352, 'perk5Var1': 217, 'perk5Var2': 1359, 'perk5Var3': 880, 'perkPrimaryStyle': 8100, 'perkSubStyle': 8300, 'statPerk0': 5008, 'statPerk1': 5008, 'statPerk2': 5003}, 'timeline': {'participantId': 5, 'creepsPerMinDeltas': {'10-20': 7.7, '0-10': 8.1}, 'xpPerMinDeltas': {'10-20': 418.7, '0-10': 580}, 'goldPerMinDeltas': {'10-20': 341.7, '0-10': 335}, 'csDiffPerMinDeltas': {'10-20': -0.20000000000000018, '0-10': 2.8}, 'xpDiffPerMinDeltas': {'10-20': -153.30000000000004, '0-10': 202.2}, 'damageTakenPerMinDeltas': {'10-20': 467.70000000000005, '0-10': 305.2}, 'damageTakenDiffPerMinDeltas': {'10-20': -216.99999999999997, '0-10': -378}, 'role': 'SOLO', 'lane': 'MIDDLE'}}, {'participantId': 6, 'teamId': 200, 'championId': 9, 'spell1Id': 14, 'spell2Id': 4, 'stats': {'participantId': 6, 'win': True, 'item0': 3157, 'item1': 3853, 'item2': 2055, 'item3': 3108, 'item4': 1052, 'item5': 3158, 'item6': 3364, 'kills': 1, 'deaths': 2, 'assists': 11, 'largestKillingSpree': 0, 'largestMultiKill': 1, 'killingSprees': 0, 'longestTimeSpentLiving': 691, 'doubleKills': 0, 'tripleKills': 0, 'quadraKills': 0, 'pentaKills': 0, 'unrealKills': 0, 'totalDamageDealt': 32139, 'magicDamageDealt': 30453, 'physicalDamageDealt': 1295, 'trueDamageDealt': 390, 'largestCriticalStrike': 0, 'totalDamageDealtToChampions': 8033, 'magicDamageDealtToChampions': 6780, 'physicalDamageDealtToChampions': 863, 'trueDamageDealtToChampions': 390, 'totalHeal': 664, 'totalUnitsHealed': 5, 'damageSelfMitigated': 4079, 'damageDealtToObjectives': 1589, 'damageDealtToTurrets': 755, 'visionScore': 53, 'timeCCingOthers': 75, 'totalDamageTaken': 7010, 'magicalDamageTaken': 2192, 'physicalDamageTaken': 4817, 'trueDamageTaken': 0, 'goldEarned': 6404, 'goldSpent': 5960, 'turretKills': 0, 'inhibitorKills': 0, 'totalMinionsKilled': 27, 'neutralMinionsKilled': 0, 'neutralMinionsKilledTeamJungle': 0, 'neutralMinionsKilledEnemyJungle': 0, 'totalTimeCrowdControlDealt': 239, 'champLevel': 10, 'visionWardsBoughtInGame': 7, 'sightWardsBoughtInGame': 0, 'wardsPlaced': 21, 'wardsKilled': 7, 'firstBloodKill': False, 'firstBloodAssist': False, 'firstTowerKill': False, 'firstTowerAssist': False, 'firstInhibitorKill': False, 'firstInhibitorAssist': False, 'combatPlayerScore': 0, 'objectivePlayerScore': 0, 'totalPlayerScore': 0, 'totalScoreRank': 0, 'playerScore0': 0, 'playerScore1': 0, 'playerScore2': 0, 'playerScore3': 0, 'playerScore4': 0, 'playerScore5': 0, 'playerScore6': 0, 'playerScore7': 0, 'playerScore8': 0, 'playerScore9': 0, 'perk0': 8439, 'perk0Var1': 45, 'perk0Var2': 0, 'perk0Var3': 0, 'perk1': 8463, 'perk1Var1': 256, 'perk1Var2': 0, 'perk1Var3': 0, 'perk2': 8473, 'perk2Var1': 234, 'perk2Var2': 0, 'perk2Var3': 0, 'perk3': 8242, 'perk3Var1': 8, 'perk3Var2': 0, 'perk3Var3': 0, 'perk4': 8313, 'perk4Var1': 0, 'perk4Var2': 0, 'perk4Var3': 0, 'perk5': 8347, 'perk5Var1': 0, 'perk5Var2': 0, 'perk5Var3': 0, 'perkPrimaryStyle': 8400, 'perkSubStyle': 8300, 'statPerk0': 5008, 'statPerk1': 5008, 'statPerk2': 5002}, 'timeline': {'participantId': 6, 'creepsPerMinDeltas': {'10-20': 1.2, '0-10': 1.2}, 'xpPerMinDeltas': {'10-20': 286.4, '0-10': 305}, 'goldPerMinDeltas': {'10-20': 237.3, '0-10': 288.2}, 'csDiffPerMinDeltas': {'10-20': 0.24999999999999978, '0-10': 0.050000000000000044}, 'xpDiffPerMinDeltas': {'10-20': -13.800000000000011, '0-10': 66.30000000000001}, 'damageTakenPerMinDeltas': {'10-20': 238.2, '0-10': 320.7}, 'damageTakenDiffPerMinDeltas': {'10-20': -306.04999999999995, '0-10': -206.2}, 'role': 'DUO_SUPPORT', 'lane': 'BOTTOM'}}, {'participantId': 7, 'teamId': 200, 'championId': 83, 'spell1Id': 4, 'spell2Id': 12, 'stats': {'participantId': 7, 'win': True, 'item0': 1054, 'item1': 3078, 'item2': 3053, 'item3': 2138, 'item4': 3123, 'item5': 3047, 'item6': 3340, 'kills': 6, 'deaths': 0, 'assists': 4, 'largestKillingSpree': 6, 'largestMultiKill': 1, 'killingSprees': 1, 'longestTimeSpentLiving': 0, 'doubleKills': 0, 'tripleKills': 0, 'quadraKills': 0, 'pentaKills': 0, 'unrealKills': 0, 'totalDamageDealt': 147676, 'magicDamageDealt': 27819, 'physicalDamageDealt': 119766, 'trueDamageDealt': 90, 'largestCriticalStrike': 0, 'totalDamageDealtToChampions': 13365, 'magicDamageDealtToChampions': 4089, 'physicalDamageDealtToChampions': 9189, 'trueDamageDealtToChampions': 85, 'totalHeal': 4960, 'totalUnitsHealed': 1, 'damageSelfMitigated': 14144, 'damageDealtToObjectives': 19436, 'damageDealtToTurrets': 9107, 'visionScore': 16, 'timeCCingOthers': 6, 'totalDamageTaken': 15261, 'magicalDamageTaken': 3096, 'physicalDamageTaken': 12076, 'trueDamageTaken': 88, 'goldEarned': 11782, 'goldSpent': 10508, 'turretKills': 3, 'inhibitorKills': 1, 'totalMinionsKilled': 195, 'neutralMinionsKilled': 14, 'neutralMinionsKilledTeamJungle': 8, 'neutralMinionsKilledEnemyJungle': 1, 'totalTimeCrowdControlDealt': 150, 'champLevel': 15, 'visionWardsBoughtInGame': 3, 'sightWardsBoughtInGame': 0, 'wardsPlaced': 7, 'wardsKilled': 2, 'firstBloodKill': False, 'firstBloodAssist': False, 'firstTowerKill': False, 'firstTowerAssist': True, 'firstInhibitorKill': True, 'firstInhibitorAssist': False, 'combatPlayerScore': 0, 'objectivePlayerScore': 0, 'totalPlayerScore': 0, 'totalScoreRank': 0, 'playerScore0': 0, 'playerScore1': 0, 'playerScore2': 0, 'playerScore3': 0, 'playerScore4': 0, 'playerScore5': 0, 'playerScore6': 0, 'playerScore7': 0, 'playerScore8': 0, 'playerScore9': 0, 'perk0': 8437, 'perk0Var1': 519, 'perk0Var2': 422, 'perk0Var3': 0, 'perk1': 8446, 'perk1Var1': 2214, 'perk1Var2': 0, 'perk1Var3': 0, 'perk2': 8444, 'perk2Var1': 845, 'perk2Var2': 0, 'perk2Var3': 0, 'perk3': 8451, 'perk3Var1': 185, 'perk3Var2': 0, 'perk3Var3': 0, 'perk4': 9101, 'perk4Var1': 1541, 'perk4Var2': 1886, 'perk4Var3': 0, 'perk5': 9103, 'perk5Var1': 22, 'perk5Var2': 0, 'perk5Var3': 0, 'perkPrimaryStyle': 8400, 'perkSubStyle': 8000, 'statPerk0': 5008, 'statPerk1': 5002, 'statPerk2': 5002}, 'timeline': {'participantId': 7, 'creepsPerMinDeltas': {'10-20': 8.5, '0-10': 8.4}, 'xpPerMinDeltas': {'10-20': 617.9000000000001, '0-10': 495.7}, 'goldPerMinDeltas': {'10-20': 601.1, '0-10': 359.9}, 'csDiffPerMinDeltas': {'10-20': 2.0999999999999996, '0-10': 0.40000000000000036}, 'xpDiffPerMinDeltas': {'10-20': 151.10000000000002, '0-10': -14.600000000000023}, 'damageTakenPerMinDeltas': {'10-20': 660.7, '0-10': 323.3}, 'damageTakenDiffPerMinDeltas': {'10-20': -190.8, '0-10': -139.2}, 'role': 'SOLO', 'lane': 'TOP'}}, {'participantId': 8, 'teamId': 200, 'championId': 110, 'spell1Id': 4, 'spell2Id': 7, 'stats': {'participantId': 8, 'win': True, 'item0': 2033, 'item1': 3134, 'item2': 3142, 'item3': 3133, 'item4': 3009, 'item5': 3179, 'item6': 3363, 'kills': 7, 'deaths': 4, 'assists': 7, 'largestKillingSpree': 3, 'largestMultiKill': 1, 'killingSprees': 2, 'longestTimeSpentLiving': 405, 'doubleKills': 0, 'tripleKills': 0, 'quadraKills': 0, 'pentaKills': 0, 'unrealKills': 0, 'totalDamageDealt': 82312, 'magicDamageDealt': 3081, 'physicalDamageDealt': 78611, 'trueDamageDealt': 619, 'largestCriticalStrike': 0, 'totalDamageDealtToChampions': 14614, 'magicDamageDealtToChampions': 2060, 'physicalDamageDealtToChampions': 12131, 'trueDamageDealtToChampions': 423, 'totalHeal': 1791, 'totalUnitsHealed': 3, 'damageSelfMitigated': 3892, 'damageDealtToObjectives': 5252, 'damageDealtToTurrets': 4894, 'visionScore': 28, 'timeCCingOthers': 15, 'totalDamageTaken': 9070, 'magicalDamageTaken': 2703, 'physicalDamageTaken': 6260, 'trueDamageTaken': 106, 'goldEarned': 9602, 'goldSpent': 8900, 'turretKills': 2, 'inhibitorKills': 0, 'totalMinionsKilled': 151, 'neutralMinionsKilled': 4, 'neutralMinionsKilledTeamJungle': 4, 'neutralMinionsKilledEnemyJungle': 0, 'totalTimeCrowdControlDealt': 180, 'champLevel': 12, 'visionWardsBoughtInGame': 4, 'sightWardsBoughtInGame': 0, 'wardsPlaced': 9, 'wardsKilled': 9, 'firstBloodKill': False, 'firstBloodAssist': False, 'firstTowerKill': False, 'firstTowerAssist': False, 'firstInhibitorKill': False, 'firstInhibitorAssist': False, 'combatPlayerScore': 0, 'objectivePlayerScore': 0, 'totalPlayerScore': 0, 'totalScoreRank': 0, 'playerScore0': 0, 'playerScore1': 0, 'playerScore2': 0, 'playerScore3': 0, 'playerScore4': 0, 'playerScore5': 0, 'playerScore6': 0, 'playerScore7': 0, 'playerScore8': 0, 'playerScore9': 0, 'perk0': 8229, 'perk0Var1': 546, 'perk0Var2': 0, 'perk0Var3': 0, 'perk1': 8226, 'perk1Var1': 250, 'perk1Var2': 725, 'perk1Var3': 0, 'perk2': 8210, 'perk2Var1': 0, 'perk2Var2': 0, 'perk2Var3': 0, 'perk3': 8237, 'perk3Var1': 376, 'perk3Var2': 0, 'perk3Var3': 0, 'perk4': 8345, 'perk4Var1': 3, 'perk4Var2': 0, 'perk4Var3': 0, 'perk5': 8304, 'perk5Var1': 9, 'perk5Var2': 0, 'perk5Var3': 0, 'perkPrimaryStyle': 8200, 'perkSubStyle': 8300, 'statPerk0': 5008, 'statPerk1': 5008, 'statPerk2': 5002}, 'timeline': {'participantId': 8, 'creepsPerMinDeltas': {'10-20': 6.699999999999999, '0-10': 6.6}, 'xpPerMinDeltas': {'10-20': 353.70000000000005, '0-10': 352.6}, 'goldPerMinDeltas': {'10-20': 373.7, '0-10': 352.29999999999995}, 'csDiffPerMinDeltas': {'10-20': 0.24999999999999978, '0-10': 0.050000000000000044}, 'xpDiffPerMinDeltas': {'10-20': -13.800000000000011, '0-10': 66.30000000000001}, 'damageTakenPerMinDeltas': {'10-20': 454.4, '0-10': 269.7}, 'damageTakenDiffPerMinDeltas': {'10-20': -306.04999999999995, '0-10': -206.2}, 'role': 'DUO_CARRY', 'lane': 'BOTTOM'}}, {'participantId': 9, 'teamId': 200, 'championId': 517, 'spell1Id': 12, 'spell2Id': 4, 'stats': {'participantId': 9, 'win': True, 'item0': 3111, 'item1': 2055, 'item2': 3108, 'item3': 3152, 'item4': 1082, 'item5': 3191, 'item6': 3340, 'kills': 8, 'deaths': 4, 'assists': 2, 'largestKillingSpree': 4, 'largestMultiKill': 2, 'killingSprees': 2, 'longestTimeSpentLiving': 501, 'doubleKills': 1, 'tripleKills': 0, 'quadraKills': 0, 'pentaKills': 0, 'unrealKills': 0, 'totalDamageDealt': 75242, 'magicDamageDealt': 62539, 'physicalDamageDealt': 7344, 'trueDamageDealt': 5358, 'largestCriticalStrike': 0, 'totalDamageDealtToChampions': 14228, 'magicDamageDealtToChampions': 12922, 'physicalDamageDealtToChampions': 607, 'trueDamageDealtToChampions': 698, 'totalHeal': 8286, 'totalUnitsHealed': 1, 'damageSelfMitigated': 10655, 'damageDealtToObjectives': 3796, 'damageDealtToTurrets': 1344, 'visionScore': 22, 'timeCCingOthers': 16, 'totalDamageTaken': 20571, 'magicalDamageTaken': 5272, 'physicalDamageTaken': 13637, 'trueDamageTaken': 1661, 'goldEarned': 8863, 'goldSpent': 6975, 'turretKills': 0, 'inhibitorKills': 0, 'totalMinionsKilled': 134, 'neutralMinionsKilled': 8, 'neutralMinionsKilledTeamJungle': 8, 'neutralMinionsKilledEnemyJungle': 0, 'totalTimeCrowdControlDealt': 271, 'champLevel': 13, 'visionWardsBoughtInGame': 7, 'sightWardsBoughtInGame': 0, 'wardsPlaced': 12, 'wardsKilled': 3, 'firstBloodKill': False, 'firstBloodAssist': False, 'firstTowerKill': False, 'firstTowerAssist': False, 'firstInhibitorKill': False, 'firstInhibitorAssist': False, 'combatPlayerScore': 0, 'objectivePlayerScore': 0, 'totalPlayerScore': 0, 'totalScoreRank': 0, 'playerScore0': 0, 'playerScore1': 0, 'playerScore2': 0, 'playerScore3': 0, 'playerScore4': 0, 'playerScore5': 0, 'playerScore6': 0, 'playerScore7': 0, 'playerScore8': 0, 'playerScore9': 0, 'perk0': 8010, 'perk0Var1': 518, 'perk0Var2': 0, 'perk0Var3': 0, 'perk1': 8009, 'perk1Var1': 1519, 'perk1Var2': 500, 'perk1Var3': 0, 'perk2': 9105, 'perk2Var1': 15, 'perk2Var2': 0, 'perk2Var3': 0, 'perk3': 8299, 'perk3Var1': 455, 'perk3Var2': 0, 'perk3Var3': 0, 'perk4': 8345, 'perk4Var1': 3, 'perk4Var2': 0, 'perk4Var3': 0, 'perk5': 8352, 'perk5Var1': 300, 'perk5Var2': 1511, 'perk5Var3': 927, 'perkPrimaryStyle': 8000, 'perkSubStyle': 8300, 'statPerk0': 5008, 'statPerk1': 5008, 'statPerk2': 5003}, 'timeline': {'participantId': 9, 'creepsPerMinDeltas': {'10-20': 7.9, '0-10': 5.300000000000001}, 'xpPerMinDeltas': {'10-20': 572, '0-10': 377.8}, 'goldPerMinDeltas': {'10-20': 393.4, '0-10': 248.4}, 'csDiffPerMinDeltas': {'10-20': 0.20000000000000018, '0-10': -2.8}, 'xpDiffPerMinDeltas': {'10-20': 153.30000000000004, '0-10': -202.2}, 'damageTakenPerMinDeltas': {'10-20': 684.7, '0-10': 683.2}, 'damageTakenDiffPerMinDeltas': {'10-20': 216.99999999999997, '0-10': 378}, 'role': 'SOLO', 'lane': 'MIDDLE'}}, {'participantId': 10, 'teamId': 200, 'championId': 59, 'spell1Id': 11, 'spell2Id': 4, 'stats': {'participantId': 10, 'win': True, 'item0': 3024, 'item1': 0, 'item2': 1033, 'item3': 3067, 'item4': 1413, 'item5': 3047, 'item6': 3364, 'kills': 1, 'deaths': 1, 'assists': 13, 'largestKillingSpree': 0, 'largestMultiKill': 1, 'killingSprees': 0, 'longestTimeSpentLiving': 450, 'doubleKills': 0, 'tripleKills': 0, 'quadraKills': 0, 'pentaKills': 0, 'unrealKills': 0, 'totalDamageDealt': 104203, 'magicDamageDealt': 31232, 'physicalDamageDealt': 58137, 'trueDamageDealt': 14833, 'largestCriticalStrike': 0, 'totalDamageDealtToChampions': 5708, 'magicDamageDealtToChampions': 776, 'physicalDamageDealtToChampions': 4142, 'trueDamageDealtToChampions': 789, 'totalHeal': 7435, 'totalUnitsHealed': 1, 'damageSelfMitigated': 14091, 'damageDealtToObjectives': 24505, 'damageDealtToTurrets': 636, 'visionScore': 35, 'timeCCingOthers': 13, 'totalDamageTaken': 15568, 'magicalDamageTaken': 3550, 'physicalDamageTaken': 10825, 'trueDamageTaken': 1192, 'goldEarned': 8105, 'goldSpent': 6575, 'turretKills': 1, 'inhibitorKills': 0, 'totalMinionsKilled': 31, 'neutralMinionsKilled': 85, 'neutralMinionsKilledTeamJungle': 56, 'neutralMinionsKilledEnemyJungle': 0, 'totalTimeCrowdControlDealt': 290, 'champLevel': 12, 'visionWardsBoughtInGame': 9, 'sightWardsBoughtInGame': 0, 'wardsPlaced': 10, 'wardsKilled': 7, 'firstBloodKill': True, 'firstBloodAssist': False, 'firstTowerKill': True, 'firstTowerAssist': False, 'firstInhibitorKill': False, 'firstInhibitorAssist': False, 'combatPlayerScore': 0, 'objectivePlayerScore': 0, 'totalPlayerScore': 0, 'totalScoreRank': 0, 'playerScore0': 0, 'playerScore1': 0, 'playerScore2': 0, 'playerScore3': 0, 'playerScore4': 0, 'playerScore5': 0, 'playerScore6': 0, 'playerScore7': 0, 'playerScore8': 0, 'playerScore9': 0, 'perk0': 8010, 'perk0Var1': 161, 'perk0Var2': 0, 'perk0Var3': 0, 'perk1': 9111, 'perk1Var1': 1453, 'perk1Var2': 280, 'perk1Var3': 0, 'perk2': 9105, 'perk2Var1': 13, 'perk2Var2': 30, 'perk2Var3': 0, 'perk3': 8014, 'perk3Var1': 106, 'perk3Var2': 0, 'perk3Var3': 0, 'perk4': 8313, 'perk4Var1': 0, 'perk4Var2': 0, 'perk4Var3': 0, 'perk5': 8347, 'perk5Var1': 0, 'perk5Var2': 0, 'perk5Var3': 0, 'perkPrimaryStyle': 8000, 'perkSubStyle': 8300, 'statPerk0': 5005, 'statPerk1': 5008, 'statPerk2': 5002}, 'timeline': {'participantId': 10, 'creepsPerMinDeltas': {'10-20': 1, '0-10': 1.4}, 'xpPerMinDeltas': {'10-20': 385.1, '0-10': 326.1}, 'goldPerMinDeltas': {'10-20': 333.7, '0-10': 304.6}, 'csDiffPerMinDeltas': {'10-20': -1.8, '0-10': 0.39999999999999997}, 'xpDiffPerMinDeltas': {'10-20': -162, '0-10': -62.30000000000001}, 'damageTakenPerMinDeltas': {'10-20': 596.2, '0-10': 527.1}, 'damageTakenDiffPerMinDeltas': {'10-20': -130.40000000000006, '0-10': -229.2}, 'role': 'NONE', 'lane': 'JUNGLE'}}]",KR,420.0,13.0,,
22,1584093882579.0,1491.0,4214820366.0,CLASSIC,MATCHED_GAME,10.5.312.392,11.0,"[{'participantId': 1, 'player': {'platformId': 'KR', 'accountId': 'qUpUWUm9O3vnub4SpAiSDNBBA8P7EgN9zCfhRIFl2bRclBA', 'summonerName': 'Aprox', 'summonerId': 'I8RZw-DJt2yyJhEM_4UxMgxbaqDji5UQKMPY3vC8CQxX_fc', 'currentPlatformId': 'KR', 'currentAccountId': 'qUpUWUm9O3vnub4SpAiSDNBBA8P7EgN9zCfhRIFl2bRclBA', 'matchHistoryUri': '/v1/stats/player_history/KR/208143584', 'profileIcon': 4379}}, {'participantId': 2, 'player': {'platformId': 'kr', 'accountId': 'PySVJMgBTRCqicPeaCO78u_Nc5U7q_HGxJduZf5eZYmd3XQ', 'summonerName': 'Roach', 'summonerId': 'DgKeHKc3oQPfPNMSU-L3qqvl4CFjqinSlI-W_Fcb0NglvG0', 'currentPlatformId': 'KR', 'currentAccountId': 'PySVJMgBTRCqicPeaCO78u_Nc5U7q_HGxJduZf5eZYmd3XQ', 'matchHistoryUri': '/v1/stats/player_history/kr/210515107', 'profileIcon': 11}}, {'participantId': 3, 'player': {'platformId': 'KR', 'accountId': 'BB_S21KUEtgEFTusszVu05gcdvics5XlSSRJRbjzjAX_WTY', 'summonerName': 'T1 Gumayusi', 'summonerId': 'TaB2q-apc8gykUYksGmcqfe5bvrtKmvZEyKjwdfTrno3V5I', 'currentPlatformId': 'KR', 'currentAccountId': 'BB_S21KUEtgEFTusszVu05gcdvics5XlSSRJRbjzjAX_WTY', 'matchHistoryUri': '/v1/stats/player_history/KR/209284814', 'profileIcon': 7}}, {'participantId': 4, 'player': {'platformId': 'KR', 'accountId': '7JKrpNmHAW6w9y28naNUOR9RSFo08TOR0g7BkjGY945jvao', 'summonerName': '곽김보태성민광희', 'summonerId': 'AmzUl0S9tzG8zmeDS3yftE7Ex_2tFG09g3Vj7bPAEDCDMAM', 'currentPlatformId': 'KR', 'currentAccountId': '7JKrpNmHAW6w9y28naNUOR9RSFo08TOR0g7BkjGY945jvao', 'matchHistoryUri': '/v1/stats/player_history/KR/207884486', 'profileIcon': 4227}}, {'participantId': 5, 'player': {'platformId': 'KR', 'accountId': 'JpBsef4xsPaWncKm7eZolLvrEDomP6sf6g0LHMM2yo_ESLY', 'summonerName': 'Mei Tian Kun', 'summonerId': 'RD7o-HXJPJEELzG8S72meIDmX4nYZ1yW5VeYikKaK_S7CnA', 'currentPlatformId': 'KR', 'currentAccountId': 'JpBsef4xsPaWncKm7eZolLvrEDomP6sf6g0LHMM2yo_ESLY', 'matchHistoryUri': '/v1/stats/player_history/KR/206321273', 'profileIcon': 982}}, {'participantId': 6, 'player': {'platformId': 'KR', 'accountId': 'tdPV9B3PVFP8G6gnAIJ2lCdZSXjgWgxOZFabXNxcdh00RVyPlipuiUAI', 'summonerName': '몰래키운아이디', 'summonerId': 'wojZI52wk3Uc7-Vqq9jpeRxo7jtb26MwQC7p_H0Db4_rQ2w', 'currentPlatformId': 'KR', 'currentAccountId': 'tdPV9B3PVFP8G6gnAIJ2lCdZSXjgWgxOZFabXNxcdh00RVyPlipuiUAI', 'matchHistoryUri': '/v1/stats/player_history/KR/2082612842868032', 'profileIcon': 6}}, {'participantId': 7, 'player': {'platformId': 'KR', 'accountId': 'e08jybn3DcAPjF0dMTWXjZCYd6TZSW4OrpQ5DNMaHp4vDKo', 'summonerName': '골목대장 태훈이', 'summonerId': '6MdVwNCqz5Eo2jfR1jREB5BC82WCAUERWSMmehmTT9REJVI', 'currentPlatformId': 'KR', 'currentAccountId': 'e08jybn3DcAPjF0dMTWXjZCYd6TZSW4OrpQ5DNMaHp4vDKo', 'matchHistoryUri': '/v1/stats/player_history/KR/207440298', 'profileIcon': 4249}}, {'participantId': 8, 'player': {'platformId': 'KR', 'accountId': 'IIWG7FRiqE8CuZaCslKkNxkglwpgnePPxDslb2tv66FKrgo', 'summonerName': 'Youtube Thal', 'summonerId': '8Cx100isJ6RMMeOmUX_-Wg0CESabVTYk-e8P8Ijj3zuIiB4', 'currentPlatformId': 'KR', 'currentAccountId': 'IIWG7FRiqE8CuZaCslKkNxkglwpgnePPxDslb2tv66FKrgo', 'matchHistoryUri': '/v1/stats/player_history/KR/201236882', 'profileIcon': 4090}}, {'participantId': 9, 'player': {'platformId': 'KR', 'accountId': 'MnB0Rve_u3dwWbUqvRW0EVGfHPyuu4OlcudijaLkXjwv', 'summonerName': '허징어링', 'summonerId': 'JOzS8dnOh6lhElTHwCubM5oHiylhftdS7BFL3UiwPH0-Gg', 'currentPlatformId': 'KR', 'currentAccountId': 'MnB0Rve_u3dwWbUqvRW0EVGfHPyuu4OlcudijaLkXjwv', 'matchHistoryUri': '/v1/stats/player_history/KR/3822957', 'profileIcon': 773}}, {'participantId': 10, 'player': {'platformId': 'KR', 'accountId': 'U3LZ7mAw6fpTIwh0OPlnUD85HtSm6SE0VUhp8mnuJh0_', 'summonerName': 'JustLikeThatKR', 'summonerId': 'MVSVpln9JXR08yuzELMzAO4NhMsj0ofNEc4DZC7TN954ow', 'currentPlatformId': 'KR', 'currentAccountId': 'U3LZ7mAw6fpTIwh0OPlnUD85HtSm6SE0VUhp8mnuJh0_', 'matchHistoryUri': '/v1/stats/player_history/KR/3494294', 'profileIcon': 3017}}]","[{'participantId': 1, 'teamId': 100, 'championId': 64, 'spell1Id': 11, 'spell2Id': 4, 'stats': {'participantId': 1, 'win': True, 'item0': 3071, 'item1': 2055, 'item2': 3026, 'item3': 3111, 'item4': 1412, 'item5': 0, 'item6': 3340, 'kills': 9, 'deaths': 1, 'assists': 10, 'largestKillingSpree': 9, 'largestMultiKill': 2, 'killingSprees': 1, 'longestTimeSpentLiving': 1328, 'doubleKills': 2, 'tripleKills': 0, 'quadraKills': 0, 'pentaKills': 0, 'unrealKills': 0, 'totalDamageDealt': 140032, 'magicDamageDealt': 22075, 'physicalDamageDealt': 103571, 'trueDamageDealt': 14386, 'largestCriticalStrike': 0, 'totalDamageDealtToChampions': 15235, 'magicDamageDealtToChampions': 1470, 'physicalDamageDealtToChampions': 13308, 'trueDamageDealtToChampions': 457, 'totalHeal': 8310, 'totalUnitsHealed': 1, 'damageSelfMitigated': 25648, 'damageDealtToObjectives': 38931, 'damageDealtToTurrets': 584, 'visionScore': 31, 'timeCCingOthers': 14, 'totalDamageTaken': 27346, 'magicalDamageTaken': 6276, 'physicalDamageTaken': 20916, 'trueDamageTaken': 154, 'goldEarned': 11185, 'goldSpent': 10350, 'turretKills': 2, 'inhibitorKills': 0, 'totalMinionsKilled': 21, 'neutralMinionsKilled': 121, 'neutralMinionsKilledTeamJungle': 75, 'neutralMinionsKilledEnemyJungle': 7, 'totalTimeCrowdControlDealt': 284, 'champLevel': 14, 'visionWardsBoughtInGame': 9, 'sightWardsBoughtInGame': 0, 'wardsPlaced': 16, 'wardsKilled': 7, 'firstBloodKill': True, 'firstBloodAssist': False, 'firstTowerKill': True, 'firstTowerAssist': False, 'firstInhibitorKill': False, 'firstInhibitorAssist': True, 'combatPlayerScore': 0, 'objectivePlayerScore': 0, 'totalPlayerScore': 0, 'totalScoreRank': 0, 'playerScore0': 0, 'playerScore1': 0, 'playerScore2': 0, 'playerScore3': 0, 'playerScore4': 0, 'playerScore5': 0, 'playerScore6': 0, 'playerScore7': 0, 'playerScore8': 0, 'playerScore9': 0, 'perk0': 8010, 'perk0Var1': 641, 'perk0Var2': 0, 'perk0Var3': 0, 'perk1': 9111, 'perk1Var1': 1462, 'perk1Var2': 380, 'perk1Var3': 0, 'perk2': 9104, 'perk2Var1': 9, 'perk2Var2': 50, 'perk2Var3': 0, 'perk3': 8299, 'perk3Var1': 434, 'perk3Var2': 0, 'perk3Var3': 0, 'perk4': 8473, 'perk4Var1': 472, 'perk4Var2': 0, 'perk4Var3': 0, 'perk5': 8451, 'perk5Var1': 135, 'perk5Var2': 0, 'perk5Var3': 0, 'perkPrimaryStyle': 8000, 'perkSubStyle': 8400, 'statPerk0': 5005, 'statPerk1': 5008, 'statPerk2': 5003}, 'timeline': {'participantId': 1, 'creepsPerMinDeltas': {'10-20': 1.1, '0-10': 0.3}, 'xpPerMinDeltas': {'10-20': 508.79999999999995, '0-10': 373.20000000000005}, 'goldPerMinDeltas': {'10-20': 444.5, '0-10': 428.7}, 'csDiffPerMinDeltas': {'10-20': 0.30000000000000004, '0-10': 0.3}, 'xpDiffPerMinDeltas': {'10-20': 147.49999999999997, '0-10': 83.30000000000001}, 'damageTakenPerMinDeltas': {'10-20': 1165.5, '0-10': 682.8}, 'damageTakenDiffPerMinDeltas': {'10-20': 313, '0-10': -223.99999999999997}, 'role': 'NONE', 'lane': 'JUNGLE'}}, {'participantId': 2, 'teamId': 100, 'championId': 875, 'spell1Id': 12, 'spell2Id': 4, 'stats': {'participantId': 2, 'win': True, 'item0': 3071, 'item1': 2420, 'item2': 3742, 'item3': 3123, 'item4': 1054, 'item5': 3047, 'item6': 3340, 'kills': 2, 'deaths': 1, 'assists': 10, 'largestKillingSpree': 2, 'largestMultiKill': 1, 'killingSprees': 1, 'longestTimeSpentLiving': 1346, 'doubleKills': 0, 'tripleKills': 0, 'quadraKills': 0, 'pentaKills': 0, 'unrealKills': 0, 'totalDamageDealt': 111338, 'magicDamageDealt': 325, 'physicalDamageDealt': 86517, 'trueDamageDealt': 24495, 'largestCriticalStrike': 0, 'totalDamageDealtToChampions': 12087, 'magicDamageDealtToChampions': 125, 'physicalDamageDealtToChampions': 8779, 'trueDamageDealtToChampions': 3183, 'totalHeal': 2187, 'totalUnitsHealed': 1, 'damageSelfMitigated': 22620, 'damageDealtToObjectives': 10462, 'damageDealtToTurrets': 8623, 'visionScore': 24, 'timeCCingOthers': 17, 'totalDamageTaken': 18322, 'magicalDamageTaken': 3916, 'physicalDamageTaken': 14026, 'trueDamageTaken': 380, 'goldEarned': 10082, 'goldSpent': 9175, 'turretKills': 3, 'inhibitorKills': 2, 'totalMinionsKilled': 166, 'neutralMinionsKilled': 14, 'neutralMinionsKilledTeamJungle': 4, 'neutralMinionsKilledEnemyJungle': 2, 'totalTimeCrowdControlDealt': 133, 'champLevel': 15, 'visionWardsBoughtInGame': 1, 'sightWardsBoughtInGame': 0, 'wardsPlaced': 8, 'wardsKilled': 2, 'firstBloodKill': False, 'firstBloodAssist': False, 'firstTowerKill': False, 'firstTowerAssist': False, 'firstInhibitorKill': True, 'firstInhibitorAssist': False, 'combatPlayerScore': 0, 'objectivePlayerScore': 0, 'totalPlayerScore': 0, 'totalScoreRank': 0, 'playerScore0': 0, 'playerScore1': 0, 'playerScore2': 0, 'playerScore3': 0, 'playerScore4': 0, 'playerScore5': 0, 'playerScore6': 0, 'playerScore7': 0, 'playerScore8': 0, 'playerScore9': 0, 'perk0': 8010, 'perk0Var1': 87, 'perk0Var2': 0, 'perk0Var3': 0, 'perk1': 9111, 'perk1Var1': 1078, 'perk1Var2': 240, 'perk1Var3': 0, 'perk2': 9104, 'perk2Var1': 16, 'perk2Var2': 50, 'perk2Var3': 0, 'perk3': 8299, 'perk3Var1': 308, 'perk3Var2': 0, 'perk3Var3': 0, 'perk4': 8444, 'perk4Var1': 911, 'perk4Var2': 0, 'perk4Var3': 0, 'perk5': 8446, 'perk5Var1': 2223, 'perk5Var2': 0, 'perk5Var3': 0, 'perkPrimaryStyle': 8000, 'perkSubStyle': 8400, 'statPerk0': 5005, 'statPerk1': 5008, 'statPerk2': 5002}, 'timeline': {'participantId': 2, 'creepsPerMinDeltas': {'10-20': 6.2, '0-10': 7.9}, 'xpPerMinDeltas': {'10-20': 553.3, '0-10': 477}, 'goldPerMinDeltas': {'10-20': 393.5, '0-10': 298.9}, 'damageTakenPerMinDeltas': {'10-20': 689, '0-10': 279}, 'role': 'SOLO', 'lane': 'TOP'}}, {'participantId': 3, 'teamId': 100, 'championId': 110, 'spell1Id': 21, 'spell2Id': 4, 'stats': {'participantId': 3, 'win': True, 'item0': 2033, 'item1': 0, 'item2': 3142, 'item3': 3009, 'item4': 3814, 'item5': 3179, 'item6': 3363, 'kills': 5, 'deaths': 4, 'assists': 8, 'largestKillingSpree': 4, 'largestMultiKill': 1, 'killingSprees': 1, 'longestTimeSpentLiving': 856, 'doubleKills': 0, 'tripleKills': 0, 'quadraKills': 0, 'pentaKills': 0, 'unrealKills': 0, 'totalDamageDealt': 130014, 'magicDamageDealt': 5932, 'physicalDamageDealt': 124067, 'trueDamageDealt': 14, 'largestCriticalStrike': 0, 'totalDamageDealtToChampions': 17591, 'magicDamageDealtToChampions': 2428, 'physicalDamageDealtToChampions': 15162, 'trueDamageDealtToChampions': 0, 'totalHeal': 223, 'totalUnitsHealed': 1, 'damageSelfMitigated': 5509, 'damageDealtToObjectives': 9419, 'damageDealtToTurrets': 3071, 'visionScore': 48, 'timeCCingOthers': 23, 'totalDamageTaken': 10352, 'magicalDamageTaken': 3176, 'physicalDamageTaken': 6042, 'trueDamageTaken': 1134, 'goldEarned': 11546, 'goldSpent': 10050, 'turretKills': 2, 'inhibitorKills': 1, 'totalMinionsKilled': 211, 'neutralMinionsKilled': 5, 'neutralMinionsKilledTeamJungle': 0, 'neutralMinionsKilledEnemyJungle': 1, 'totalTimeCrowdControlDealt': 266, 'champLevel': 13, 'visionWardsBoughtInGame': 6, 'sightWardsBoughtInGame': 0, 'wardsPlaced': 14, 'wardsKilled': 14, 'firstBloodKill': False, 'firstBloodAssist': False, 'firstTowerKill': False, 'firstTowerAssist': True, 'firstInhibitorKill': False, 'firstInhibitorAssist': True, 'combatPlayerScore': 0, 'objectivePlayerScore': 0, 'totalPlayerScore': 0, 'totalScoreRank': 0, 'playerScore0': 0, 'playerScore1': 0, 'playerScore2': 0, 'playerScore3': 0, 'playerScore4': 0, 'playerScore5': 0, 'playerScore6': 0, 'playerScore7': 0, 'playerScore8': 0, 'playerScore9': 0, 'perk0': 8229, 'perk0Var1': 1370, 'perk0Var2': 0, 'perk0Var3': 0, 'perk1': 8226, 'perk1Var1': 250, 'perk1Var2': 855, 'perk1Var3': 0, 'perk2': 8210, 'perk2Var1': 0, 'perk2Var2': 0, 'perk2Var3': 0, 'perk3': 8237, 'perk3Var1': 444, 'perk3Var2': 0, 'perk3Var3': 0, 'perk4': 8345, 'perk4Var1': 3, 'perk4Var2': 0, 'perk4Var3': 0, 'perk5': 8410, 'perk5Var1': 70, 'perk5Var2': 0, 'perk5Var3': 0, 'perkPrimaryStyle': 8200, 'perkSubStyle': 8300, 'statPerk0': 5008, 'statPerk1': 5008, 'statPerk2': 5002}, 'timeline': {'participantId': 3, 'creepsPerMinDeltas': {'10-20': 10, '0-10': 7.3}, 'xpPerMinDeltas': {'10-20': 479.6, '0-10': 307.9}, 'goldPerMinDeltas': {'10-20': 553.1, '0-10': 306.9}, 'csDiffPerMinDeltas': {'10-20': 0.20000000000000018, '0-10': 0.7499999999999996}, 'xpDiffPerMinDeltas': {'10-20': 132.85, '0-10': 22.85000000000001}, 'damageTakenPerMinDeltas': {'10-20': 229.60000000000002, '0-10': 430.90000000000003}, 'damageTakenDiffPerMinDeltas': {'10-20': -309.84999999999997, '0-10': -83.10000000000002}, 'role': 'DUO_CARRY', 'lane': 'BOTTOM'}}, {'participantId': 4, 'teamId': 100, 'championId': 350, 'spell1Id': 7, 'spell2Id': 3, 'stats': {'participantId': 4, 'win': True, 'item0': 3853, 'item1': 2055, 'item2': 3174, 'item3': 3041, 'item4': 3907, 'item5': 0, 'item6': 3364, 'kills': 2, 'deaths': 6, 'assists': 18, 'largestKillingSpree': 0, 'largestMultiKill': 1, 'killingSprees': 0, 'longestTimeSpentLiving': 491, 'doubleKills': 0, 'tripleKills': 0, 'quadraKills': 0, 'pentaKills': 0, 'unrealKills': 0, 'totalDamageDealt': 18001, 'magicDamageDealt': 15699, 'physicalDamageDealt': 2301, 'trueDamageDealt': 0, 'largestCriticalStrike': 0, 'totalDamageDealtToChampions': 13621, 'magicDamageDealtToChampions': 12786, 'physicalDamageDealtToChampions': 834, 'trueDamageDealtToChampions': 0, 'totalHeal': 15274, 'totalUnitsHealed': 5, 'damageSelfMitigated': 4542, 'damageDealtToObjectives': 1772, 'damageDealtToTurrets': 943, 'visionScore': 40, 'timeCCingOthers': 22, 'totalDamageTaken': 8195, 'magicalDamageTaken': 1593, 'physicalDamageTaken': 5431, 'trueDamageTaken': 1170, 'goldEarned': 7438, 'goldSpent': 7350, 'turretKills': 1, 'inhibitorKills': 0, 'totalMinionsKilled': 4, 'neutralMinionsKilled': 2, 'neutralMinionsKilledTeamJungle': 0, 'neutralMinionsKilledEnemyJungle': 2, 'totalTimeCrowdControlDealt': 56, 'champLevel': 13, 'visionWardsBoughtInGame': 6, 'sightWardsBoughtInGame': 0, 'wardsPlaced': 24, 'wardsKilled': 4, 'firstBloodKill': False, 'firstBloodAssist': False, 'firstTowerKill': False, 'firstTowerAssist': False, 'firstInhibitorKill': False, 'firstInhibitorAssist': True, 'combatPlayerScore': 0, 'objectivePlayerScore': 0, 'totalPlayerScore': 0, 'totalScoreRank': 0, 'playerScore0': 0, 'playerScore1': 0, 'playerScore2': 0, 'playerScore3': 0, 'playerScore4': 0, 'playerScore5': 0, 'playerScore6': 0, 'playerScore7': 0, 'playerScore8': 0, 'playerScore9': 0, 'perk0': 8229, 'perk0Var1': 1604, 'perk0Var2': 0, 'perk0Var3': 0, 'perk1': 8226, 'perk1Var1': 250, 'perk1Var2': 586, 'perk1Var3': 0, 'perk2': 8210, 'perk2Var1': 0, 'perk2Var2': 0, 'perk2Var3': 0, 'perk3': 8236, 'perk3Var1': 24, 'perk3Var2': 0, 'perk3Var3': 0, 'perk4': 8009, 'perk4Var1': 4332, 'perk4Var2': 500, 'perk4Var3': 0, 'perk5': 8017, 'perk5Var1': 838, 'perk5Var2': 0, 'perk5Var3': 0, 'perkPrimaryStyle': 8200, 'perkSubStyle': 8000, 'statPerk0': 5008, 'statPerk1': 5008, 'statPerk2': 5002}, 'timeline': {'participantId': 4, 'creepsPerMinDeltas': {'10-20': 0.30000000000000004, '0-10': 0.1}, 'xpPerMinDeltas': {'10-20': 420, '0-10': 303.29999999999995}, 'goldPerMinDeltas': {'10-20': 300.9, '0-10': 231.4}, 'csDiffPerMinDeltas': {'10-20': 0.20000000000000018, '0-10': 0.7499999999999996}, 'xpDiffPerMinDeltas': {'10-20': 132.85, '0-10': 22.85000000000001}, 'damageTakenPerMinDeltas': {'10-20': 219.4, '0-10': 283.3}, 'damageTakenDiffPerMinDeltas': {'10-20': -309.84999999999997, '0-10': -83.10000000000002}, 'role': 'DUO_SUPPORT', 'lane': 'BOTTOM'}}, {'participantId': 5, 'teamId': 100, 'championId': 127, 'spell1Id': 12, 'spell2Id': 4, 'stats': {'participantId': 5, 'win': True, 'item0': 3152, 'item1': 1056, 'item2': 3157, 'item3': 1026, 'item4': 3802, 'item5': 3111, 'item6': 3364, 'kills': 7, 'deaths': 1, 'assists': 10, 'largestKillingSpree': 4, 'largestMultiKill': 3, 'killingSprees': 2, 'longestTimeSpentLiving': 1340, 'doubleKills': 2, 'tripleKills': 1, 'quadraKills': 0, 'pentaKills': 0, 'unrealKills': 0, 'totalDamageDealt': 130005, 'magicDamageDealt': 116540, 'physicalDamageDealt': 13304, 'trueDamageDealt': 160, 'largestCriticalStrike': 0, 'totalDamageDealtToChampions': 14159, 'magicDamageDealtToChampions': 12644, 'physicalDamageDealtToChampions': 1354, 'trueDamageDealtToChampions': 160, 'totalHeal': 2391, 'totalUnitsHealed': 1, 'damageSelfMitigated': 8911, 'damageDealtToObjectives': 8419, 'damageDealtToTurrets': 5304, 'visionScore': 29, 'timeCCingOthers': 30, 'totalDamageTaken': 13120, 'magicalDamageTaken': 5144, 'physicalDamageTaken': 7858, 'trueDamageTaken': 117, 'goldEarned': 11635, 'goldSpent': 9450, 'turretKills': 1, 'inhibitorKills': 0, 'totalMinionsKilled': 197, 'neutralMinionsKilled': 8, 'neutralMinionsKilledTeamJungle': 4, 'neutralMinionsKilledEnemyJungle': 4, 'totalTimeCrowdControlDealt': 224, 'champLevel': 15, 'visionWardsBoughtInGame': 2, 'sightWardsBoughtInGame': 0, 'wardsPlaced': 7, 'wardsKilled': 6, 'firstBloodKill': False, 'firstBloodAssist': False, 'firstTowerKill': False, 'firstTowerAssist': False, 'firstInhibitorKill': False, 'firstInhibitorAssist': False, 'combatPlayerScore': 0, 'objectivePlayerScore': 0, 'totalPlayerScore': 0, 'totalScoreRank': 0, 'playerScore0': 0, 'playerScore1': 0, 'playerScore2': 0, 'playerScore3': 0, 'playerScore4': 0, 'playerScore5': 0, 'playerScore6': 0, 'playerScore7': 0, 'playerScore8': 0, 'playerScore9': 0, 'perk0': 8439, 'perk0Var1': 315, 'perk0Var2': 0, 'perk0Var3': 0, 'perk1': 8446, 'perk1Var1': 2067, 'perk1Var2': 0, 'perk1Var3': 0, 'perk2': 8473, 'perk2Var1': 421, 'perk2Var2': 0, 'perk2Var3': 0, 'perk3': 8451, 'perk3Var1': 182, 'perk3Var2': 0, 'perk3Var3': 0, 'perk4': 8226, 'perk4Var1': 250, 'perk4Var2': 872, 'perk4Var3': 0, 'perk5': 8210, 'perk5Var1': 0, 'perk5Var2': 0, 'perk5Var3': 0, 'perkPrimaryStyle': 8400, 'perkSubStyle': 8200, 'statPerk0': 5008, 'statPerk1': 5008, 'statPerk2': 5003}, 'timeline': {'participantId': 5, 'creepsPerMinDeltas': {'10-20': 8.600000000000001, '0-10': 8.7}, 'xpPerMinDeltas': {'10-20': 549.4000000000001, '0-10': 494.9}, 'goldPerMinDeltas': {'10-20': 501.29999999999995, '0-10': 323.3}, 'damageTakenPerMinDeltas': {'10-20': 491.79999999999995, '0-10': 246.9}, 'role': 'SOLO', 'lane': 'MIDDLE'}}, {'participantId': 6, 'teamId': 200, 'championId': 235, 'spell1Id': 4, 'spell2Id': 21, 'stats': {'participantId': 6, 'win': False, 'item0': 2424, 'item1': 3174, 'item2': 3179, 'item3': 3864, 'item4': 3158, 'item5': 0, 'item6': 3364, 'kills': 2, 'deaths': 3, 'assists': 11, 'largestKillingSpree': 2, 'largestMultiKill': 1, 'killingSprees': 1, 'longestTimeSpentLiving': 599, 'doubleKills': 0, 'tripleKills': 0, 'quadraKills': 0, 'pentaKills': 0, 'unrealKills': 0, 'totalDamageDealt': 31863, 'magicDamageDealt': 0, 'physicalDamageDealt': 31843, 'trueDamageDealt': 20, 'largestCriticalStrike': 260, 'totalDamageDealtToChampions': 9638, 'magicDamageDealtToChampions': 0, 'physicalDamageDealtToChampions': 9638, 'trueDamageDealtToChampions': 0, 'totalHeal': 7714, 'totalUnitsHealed': 5, 'damageSelfMitigated': 6068, 'damageDealtToObjectives': 888, 'damageDealtToTurrets': 888, 'visionScore': 52, 'timeCCingOthers': 37, 'totalDamageTaken': 11898, 'magicalDamageTaken': 4275, 'physicalDamageTaken': 6890, 'trueDamageTaken': 731, 'goldEarned': 6624, 'goldSpent': 6400, 'turretKills': 0, 'inhibitorKills': 0, 'totalMinionsKilled': 28, 'neutralMinionsKilled': 3, 'neutralMinionsKilledTeamJungle': 2, 'neutralMinionsKilledEnemyJungle': 0, 'totalTimeCrowdControlDealt': 148, 'champLevel': 12, 'visionWardsBoughtInGame': 6, 'sightWardsBoughtInGame': 0, 'wardsPlaced': 29, 'wardsKilled': 14, 'firstBloodKill': False, 'firstBloodAssist': False, 'firstTowerKill': False, 'firstTowerAssist': False, 'firstInhibitorKill': False, 'firstInhibitorAssist': False, 'combatPlayerScore': 0, 'objectivePlayerScore': 0, 'totalPlayerScore': 0, 'totalScoreRank': 0, 'playerScore0': 0, 'playerScore1': 0, 'playerScore2': 0, 'playerScore3': 0, 'playerScore4': 0, 'playerScore5': 0, 'playerScore6': 0, 'playerScore7': 0, 'playerScore8': 0, 'playerScore9': 0, 'perk0': 8351, 'perk0Var1': 38, 'perk0Var2': 0, 'perk0Var3': 0, 'perk1': 8313, 'perk1Var1': 0, 'perk1Var2': 0, 'perk1Var3': 0, 'perk2': 8345, 'perk2Var1': 3, 'perk2Var2': 0, 'perk2Var3': 0, 'perk3': 8410, 'perk3Var1': 78, 'perk3Var2': 0, 'perk3Var3': 0, 'perk4': 8009, 'perk4Var1': 1276, 'perk4Var2': 500, 'perk4Var3': 0, 'perk5': 9104, 'perk5Var1': 22, 'perk5Var2': 10, 'perk5Var3': 0, 'perkPrimaryStyle': 8300, 'perkSubStyle': 8000, 'statPerk0': 5005, 'statPerk1': 5008, 'statPerk2': 5002}, 'timeline': {'participantId': 6, 'creepsPerMinDeltas': {'10-20': 1.3, '0-10': 0.5}, 'xpPerMinDeltas': {'10-20': 252.5, '0-10': 300.4}, 'goldPerMinDeltas': {'10-20': 206.60000000000002, '0-10': 262.4}, 'csDiffPerMinDeltas': {'10-20': -0.20000000000000018, '0-10': -0.7499999999999996}, 'xpDiffPerMinDeltas': {'10-20': -132.85, '0-10': -22.85000000000001}, 'damageTakenPerMinDeltas': {'10-20': 381.79999999999995, '0-10': 328.4}, 'damageTakenDiffPerMinDeltas': {'10-20': 309.84999999999997, '0-10': 83.10000000000002}, 'role': 'DUO_SUPPORT', 'lane': 'BOTTOM'}}, {'participantId': 7, 'teamId': 200, 'championId': 81, 'spell1Id': 7, 'spell2Id': 4, 'stats': {'participantId': 7, 'win': False, 'item0': 3144, 'item1': 1043, 'item2': 1054, 'item3': 3025, 'item4': 3042, 'item5': 3158, 'item6': 3363, 'kills': 5, 'deaths': 6, 'assists': 7, 'largestKillingSpree': 3, 'largestMultiKill': 2, 'killingSprees': 2, 'longestTimeSpentLiving': 400, 'doubleKills': 2, 'tripleKills': 0, 'quadraKills': 0, 'pentaKills': 0, 'unrealKills': 0, 'totalDamageDealt': 101581, 'magicDamageDealt': 13911, 'physicalDamageDealt': 82722, 'trueDamageDealt': 4948, 'largestCriticalStrike': 0, 'totalDamageDealtToChampions': 15067, 'magicDamageDealtToChampions': 5195, 'physicalDamageDealtToChampions': 9716, 'trueDamageDealtToChampions': 156, 'totalHeal': 1449, 'totalUnitsHealed': 4, 'damageSelfMitigated': 8478, 'damageDealtToObjectives': 2550, 'damageDealtToTurrets': 532, 'visionScore': 20, 'timeCCingOthers': 3, 'totalDamageTaken': 18875, 'magicalDamageTaken': 6767, 'physicalDamageTaken': 12041, 'trueDamageTaken': 66, 'goldEarned': 9701, 'goldSpent': 9525, 'turretKills': 0, 'inhibitorKills': 0, 'totalMinionsKilled': 164, 'neutralMinionsKilled': 4, 'neutralMinionsKilledTeamJungle': 4, 'neutralMinionsKilledEnemyJungle': 0, 'totalTimeCrowdControlDealt': 150, 'champLevel': 13, 'visionWardsBoughtInGame': 3, 'sightWardsBoughtInGame': 0, 'wardsPlaced': 8, 'wardsKilled': 6, 'firstBloodKill': False, 'firstBloodAssist': False, 'firstTowerKill': False, 'firstTowerAssist': False, 'firstInhibitorKill': False, 'firstInhibitorAssist': False, 'combatPlayerScore': 0, 'objectivePlayerScore': 0, 'totalPlayerScore': 0, 'totalScoreRank': 0, 'playerScore0': 0, 'playerScore1': 0, 'playerScore2': 0, 'playerScore3': 0, 'playerScore4': 0, 'playerScore5': 0, 'playerScore6': 0, 'playerScore7': 0, 'playerScore8': 0, 'playerScore9': 0, 'perk0': 8010, 'perk0Var1': 257, 'perk0Var2': 0, 'perk0Var3': 0, 'perk1': 8009, 'perk1Var1': 2693, 'perk1Var2': 500, 'perk1Var3': 0, 'perk2': 9103, 'perk2Var1': 0, 'perk2Var2': 0, 'perk2Var3': 0, 'perk3': 8017, 'perk3Var1': 1305, 'perk3Var2': 0, 'perk3Var3': 0, 'perk4': 8226, 'perk4Var1': 250, 'perk4Var2': 572, 'perk4Var3': 0, 'perk5': 8210, 'perk5Var1': 0, 'perk5Var2': 0, 'perk5Var3': 0, 'perkPrimaryStyle': 8000, 'perkSubStyle': 8200, 'statPerk0': 5005, 'statPerk1': 5008, 'statPerk2': 5002}, 'timeline': {'participantId': 7, 'creepsPerMinDeltas': {'10-20': 8.6, '0-10': 5.4}, 'xpPerMinDeltas': {'10-20': 381.4, '0-10': 265.1}, 'goldPerMinDeltas': {'10-20': 307.5, '0-10': 317}, 'csDiffPerMinDeltas': {'10-20': -0.20000000000000018, '0-10': -0.7499999999999996}, 'xpDiffPerMinDeltas': {'10-20': -132.85, '0-10': -22.85000000000001}, 'damageTakenPerMinDeltas': {'10-20': 686.9, '0-10': 552}, 'damageTakenDiffPerMinDeltas': {'10-20': 309.84999999999997, '0-10': 83.10000000000002}, 'role': 'DUO_CARRY', 'lane': 'BOTTOM'}}, {'participantId': 8, 'teamId': 200, 'championId': 266, 'spell1Id': 4, 'spell2Id': 12, 'stats': {'participantId': 8, 'win': False, 'item0': 1054, 'item1': 3133, 'item2': 2031, 'item3': 3071, 'item4': 1053, 'item5': 3047, 'item6': 3340, 'kills': 1, 'deaths': 7, 'assists': 1, 'largestKillingSpree': 0, 'largestMultiKill': 1, 'killingSprees': 0, 'longestTimeSpentLiving': 490, 'doubleKills': 0, 'tripleKills': 0, 'quadraKills': 0, 'pentaKills': 0, 'unrealKills': 0, 'totalDamageDealt': 95392, 'magicDamageDealt': 0, 'physicalDamageDealt': 95392, 'trueDamageDealt': 0, 'largestCriticalStrike': 0, 'totalDamageDealtToChampions': 10215, 'magicDamageDealtToChampions': 0, 'physicalDamageDealtToChampions': 10215, 'trueDamageDealtToChampions': 0, 'totalHeal': 4192, 'totalUnitsHealed': 1, 'damageSelfMitigated': 15806, 'damageDealtToObjectives': 816, 'damageDealtToTurrets': 0, 'visionScore': 9, 'timeCCingOthers': 20, 'totalDamageTaken': 23422, 'magicalDamageTaken': 6066, 'physicalDamageTaken': 15667, 'trueDamageTaken': 1688, 'goldEarned': 7388, 'goldSpent': 6825, 'turretKills': 0, 'inhibitorKills': 0, 'totalMinionsKilled': 170, 'neutralMinionsKilled': 8, 'neutralMinionsKilledTeamJungle': 7, 'neutralMinionsKilledEnemyJungle': 0, 'totalTimeCrowdControlDealt': 162, 'champLevel': 13, 'visionWardsBoughtInGame': 1, 'sightWardsBoughtInGame': 0, 'wardsPlaced': 7, 'wardsKilled': 1, 'firstBloodKill': False, 'firstBloodAssist': False, 'firstTowerKill': False, 'firstTowerAssist': False, 'firstInhibitorKill': False, 'firstInhibitorAssist': False, 'combatPlayerScore': 0, 'objectivePlayerScore': 0, 'totalPlayerScore': 0, 'totalScoreRank': 0, 'playerScore0': 0, 'playerScore1': 0, 'playerScore2': 0, 'playerScore3': 0, 'playerScore4': 0, 'playerScore5': 0, 'playerScore6': 0, 'playerScore7': 0, 'playerScore8': 0, 'playerScore9': 0, 'perk0': 8010, 'perk0Var1': 173, 'perk0Var2': 0, 'perk0Var3': 0, 'perk1': 9111, 'perk1Var1': 0, 'perk1Var2': 40, 'perk1Var3': 0, 'perk2': 9105, 'perk2Var1': 0, 'perk2Var2': 0, 'perk2Var3': 0, 'perk3': 8014, 'perk3Var1': 42, 'perk3Var2': 0, 'perk3Var3': 0, 'perk4': 8473, 'perk4Var1': 742, 'perk4Var2': 0, 'perk4Var3': 0, 'perk5': 8453, 'perk5Var1': 418, 'perk5Var2': 0, 'perk5Var3': 0, 'perkPrimaryStyle': 8000, 'perkSubStyle': 8400, 'statPerk0': 5007, 'statPerk1': 5008, 'statPerk2': 5002}, 'timeline': {'participantId': 8, 'creepsPerMinDeltas': {'10-20': 7.1, '0-10': 8.5}, 'xpPerMinDeltas': {'10-20': 407.3, '0-10': 494.8}, 'goldPerMinDeltas': {'10-20': 274.5, '0-10': 283.8}, 'damageTakenPerMinDeltas': {'10-20': 1137, '0-10': 328.40000000000003}, 'role': 'DUO', 'lane': 'MIDDLE'}}, {'participantId': 9, 'teamId': 200, 'championId': 105, 'spell1Id': 4, 'spell2Id': 14, 'stats': {'participantId': 9, 'win': False, 'item0': 3152, 'item1': 3157, 'item2': 2033, 'item3': 3020, 'item4': 1082, 'item5': 3057, 'item6': 3364, 'kills': 4, 'deaths': 4, 'assists': 5, 'largestKillingSpree': 0, 'largestMultiKill': 1, 'killingSprees': 0, 'longestTimeSpentLiving': 399, 'doubleKills': 0, 'tripleKills': 0, 'quadraKills': 0, 'pentaKills': 0, 'unrealKills': 0, 'totalDamageDealt': 77502, 'magicDamageDealt': 57059, 'physicalDamageDealt': 19905, 'trueDamageDealt': 538, 'largestCriticalStrike': 0, 'totalDamageDealtToChampions': 7768, 'magicDamageDealtToChampions': 5632, 'physicalDamageDealtToChampions': 1597, 'trueDamageDealtToChampions': 538, 'totalHeal': 1555, 'totalUnitsHealed': 1, 'damageSelfMitigated': 9686, 'damageDealtToObjectives': 304, 'damageDealtToTurrets': 0, 'visionScore': 6, 'timeCCingOthers': 8, 'totalDamageTaken': 20152, 'magicalDamageTaken': 7933, 'physicalDamageTaken': 11714, 'trueDamageTaken': 504, 'goldEarned': 9532, 'goldSpent': 9450, 'turretKills': 0, 'inhibitorKills': 0, 'totalMinionsKilled': 180, 'neutralMinionsKilled': 0, 'neutralMinionsKilledTeamJungle': 0, 'neutralMinionsKilledEnemyJungle': 0, 'totalTimeCrowdControlDealt': 151, 'champLevel': 14, 'visionWardsBoughtInGame': 2, 'sightWardsBoughtInGame': 0, 'wardsPlaced': 2, 'wardsKilled': 2, 'firstBloodKill': False, 'firstBloodAssist': False, 'firstTowerKill': False, 'firstTowerAssist': False, 'firstInhibitorKill': False, 'firstInhibitorAssist': False, 'combatPlayerScore': 0, 'objectivePlayerScore': 0, 'totalPlayerScore': 0, 'totalScoreRank': 0, 'playerScore0': 0, 'playerScore1': 0, 'playerScore2': 0, 'playerScore3': 0, 'playerScore4': 0, 'playerScore5': 0, 'playerScore6': 0, 'playerScore7': 0, 'playerScore8': 0, 'playerScore9': 0, 'perk0': 8005, 'perk0Var1': 398, 'perk0Var2': 362, 'perk0Var3': 35, 'perk1': 8009, 'perk1Var1': 1019, 'perk1Var2': 500, 'perk1Var3': 0, 'perk2': 9105, 'perk2Var1': 19, 'perk2Var2': 0, 'perk2Var3': 0, 'perk3': 8014, 'perk3Var1': 174, 'perk3Var2': 0, 'perk3Var3': 0, 'perk4': 8143, 'perk4Var1': 235, 'perk4Var2': 0, 'perk4Var3': 0, 'perk5': 8135, 'perk5Var1': 1601, 'perk5Var2': 5, 'perk5Var3': 0, 'perkPrimaryStyle': 8000, 'perkSubStyle': 8100, 'statPerk0': 5005, 'statPerk1': 5008, 'statPerk2': 5003}, 'timeline': {'participantId': 9, 'creepsPerMinDeltas': {'10-20': 7.8999999999999995, '0-10': 5.8}, 'xpPerMinDeltas': {'10-20': 414.6, '0-10': 384.7}, 'goldPerMinDeltas': {'10-20': 329.20000000000005, '0-10': 284.1}, 'damageTakenPerMinDeltas': {'10-20': 675.9, '0-10': 521.5}, 'role': 'DUO', 'lane': 'MIDDLE'}}, {'participantId': 10, 'teamId': 200, 'championId': 79, 'spell1Id': 11, 'spell2Id': 4, 'stats': {'participantId': 10, 'win': False, 'item0': 3020, 'item1': 2055, 'item2': 2031, 'item3': 1402, 'item4': 3165, 'item5': 1082, 'item6': 3364, 'kills': 1, 'deaths': 5, 'assists': 8, 'largestKillingSpree': 0, 'largestMultiKill': 1, 'killingSprees': 0, 'longestTimeSpentLiving': 444, 'doubleKills': 0, 'tripleKills': 0, 'quadraKills': 0, 'pentaKills': 0, 'unrealKills': 0, 'totalDamageDealt': 122736, 'magicDamageDealt': 93302, 'physicalDamageDealt': 24442, 'trueDamageDealt': 4991, 'largestCriticalStrike': 0, 'totalDamageDealtToChampions': 8016, 'magicDamageDealtToChampions': 7054, 'physicalDamageDealtToChampions': 700, 'trueDamageDealtToChampions': 261, 'totalHeal': 10620, 'totalUnitsHealed': 1, 'damageSelfMitigated': 13699, 'damageDealtToObjectives': 6716, 'damageDealtToTurrets': 0, 'visionScore': 20, 'timeCCingOthers': 18, 'totalDamageTaken': 25051, 'magicalDamageTaken': 7822, 'physicalDamageTaken': 16419, 'trueDamageTaken': 809, 'goldEarned': 8035, 'goldSpent': 7475, 'turretKills': 0, 'inhibitorKills': 0, 'totalMinionsKilled': 22, 'neutralMinionsKilled': 110, 'neutralMinionsKilledTeamJungle': 93, 'neutralMinionsKilledEnemyJungle': 4, 'totalTimeCrowdControlDealt': 390, 'champLevel': 12, 'visionWardsBoughtInGame': 5, 'sightWardsBoughtInGame': 0, 'wardsPlaced': 10, 'wardsKilled': 2, 'firstBloodKill': False, 'firstBloodAssist': False, 'firstTowerKill': False, 'firstTowerAssist': False, 'firstInhibitorKill': False, 'firstInhibitorAssist': False, 'combatPlayerScore': 0, 'objectivePlayerScore': 0, 'totalPlayerScore': 0, 'totalScoreRank': 0, 'playerScore0': 0, 'playerScore1': 0, 'playerScore2': 0, 'playerScore3': 0, 'playerScore4': 0, 'playerScore5': 0, 'playerScore6': 0, 'playerScore7': 0, 'playerScore8': 0, 'playerScore9': 0, 'perk0': 8124, 'perk0Var1': 361, 'perk0Var2': 0, 'perk0Var3': 0, 'perk1': 8143, 'perk1Var1': 207, 'perk1Var2': 0, 'perk1Var3': 0, 'perk2': 8136, 'perk2Var1': 4, 'perk2Var2': 8, 'perk2Var3': 0, 'perk3': 8134, 'perk3Var1': 38, 'perk3Var2': 5, 'perk3Var3': 0, 'perk4': 8232, 'perk4Var1': 3, 'perk4Var2': 50, 'perk4Var3': 0, 'perk5': 8210, 'perk5Var1': 0, 'perk5Var2': 0, 'perk5Var3': 0, 'perkPrimaryStyle': 8100, 'perkSubStyle': 8200, 'statPerk0': 5005, 'statPerk1': 5008, 'statPerk2': 5002}, 'timeline': {'participantId': 10, 'creepsPerMinDeltas': {'10-20': 0.8, '0-10': 0}, 'xpPerMinDeltas': {'10-20': 361.3, '0-10': 289.9}, 'goldPerMinDeltas': {'10-20': 283.4, '0-10': 245.3}, 'csDiffPerMinDeltas': {'10-20': -0.30000000000000004, '0-10': -0.3}, 'xpDiffPerMinDeltas': {'10-20': -147.49999999999997, '0-10': -83.30000000000001}, 'damageTakenPerMinDeltas': {'10-20': 852.5, '0-10': 906.8}, 'damageTakenDiffPerMinDeltas': {'10-20': -313, '0-10': 223.99999999999997}, 'role': 'NONE', 'lane': 'JUNGLE'}}]",KR,420.0,13.0,,
23,1583828399412.0,1209.0,4208036316.0,CLASSIC,MATCHED_GAME,10.5.312.392,11.0,"[{'participantId': 1, 'player': {'platformId': 'KR', 'accountId': 'bnut3JaG_2QWlbIn8yrhPfQQFawHNbHoBXPNKMg_bIn1boQbbTbJdUlV', 'summonerName': '히키 승수', 'summonerId': '5Ry2nH1vBdU7qBJd0FOJgatXNgor84D074toIiKFpIbJ6dw', 'currentPlatformId': 'KR', 'currentAccountId': 'bnut3JaG_2QWlbIn8yrhPfQQFawHNbHoBXPNKMg_bIn1boQbbTbJdUlV', 'matchHistoryUri': '/v1/stats/player_history/KR/2031722473705120', 'profileIcon': 4248}}, {'participantId': 2, 'player': {'platformId': 'KR', 'accountId': 'poCuhgsoR1UuawRw9z7hUxFVvrcKqMl6okn9a39KLsGnWj8', 'summonerName': '앨리먼트 미스틱', 'summonerId': 'b3dRo6v8PhUjgI01QH1ChjZyY5Twr9FRVWGvNg-s7MsheSU', 'currentPlatformId': 'KR', 'currentAccountId': 'poCuhgsoR1UuawRw9z7hUxFVvrcKqMl6okn9a39KLsGnWj8', 'matchHistoryUri': '/v1/stats/player_history/KR/210352357', 'profileIcon': 4230}}, {'participantId': 3, 'player': {'platformId': 'KR', 'accountId': 'eow6IQcAPsVtESuB73wfvZfa_YbTFbYjsxb8Dw4_wHiRUuE', 'summonerName': 'jkjkjkjkk', 'summonerId': '92tGXn-1HVmR0gbDmPfUAEdnPRotpuEzgTEDEfSgmIzawPs', 'currentPlatformId': 'KR', 'currentAccountId': 'eow6IQcAPsVtESuB73wfvZfa_YbTFbYjsxb8Dw4_wHiRUuE', 'matchHistoryUri': '/v1/stats/player_history/KR/210073241', 'profileIcon': 933}}, {'participantId': 4, 'player': {'platformId': 'KR', 'accountId': 'GEHFzTKf2BAEXRAQZxNK-drBIM_pbIYCtYoeaRaYZamA3Us', 'summonerName': '리그오브래전드ll', 'summonerId': 'c0i6BTzMXeLc6sVDASDkveeFSboH9z1jH-koxOv5Q4mpCzw', 'currentPlatformId': 'KR', 'currentAccountId': 'GEHFzTKf2BAEXRAQZxNK-drBIM_pbIYCtYoeaRaYZamA3Us', 'matchHistoryUri': '/v1/stats/player_history/KR/203776386', 'profileIcon': 23}}, {'participantId': 5, 'player': {'platformId': 'KR', 'accountId': 'IIWG7FRiqE8CuZaCslKkNxkglwpgnePPxDslb2tv66FKrgo', 'summonerName': 'Youtube Thal', 'summonerId': '8Cx100isJ6RMMeOmUX_-Wg0CESabVTYk-e8P8Ijj3zuIiB4', 'currentPlatformId': 'KR', 'currentAccountId': 'IIWG7FRiqE8CuZaCslKkNxkglwpgnePPxDslb2tv66FKrgo', 'matchHistoryUri': '/v1/stats/player_history/KR/201236882', 'profileIcon': 4090}}, {'participantId': 6, 'player': {'platformId': 'KR', 'accountId': 'S3-N7M4SNbVkr4zY9_t4illrIVFdDEWbIGVDwIsWIIKMn8yjE1Yzm_CX', 'summonerName': 'TlGER', 'summonerId': '-6OhOREEpno3a9Gxsq0IJX6kRzCGVer9-qefkA2AtYYlKDs', 'currentPlatformId': 'KR', 'currentAccountId': 'S3-N7M4SNbVkr4zY9_t4illrIVFdDEWbIGVDwIsWIIKMn8yjE1Yzm_CX', 'matchHistoryUri': '/v1/stats/player_history/KR/2043709911764512', 'profileIcon': 4379}}, {'participantId': 7, 'player': {'platformId': 'KR', 'accountId': 'G-lzn1ETqc7c72aH7Ay7nihY_DwkYBu8lnPuyFGKMUfLd4aD4XX-8u3b', 'summonerName': 'No soul', 'summonerId': 'qd2sgPmmqlMUjsGiAJiVllKCrKxgCjGScMYFAVr_k9LWTrQ', 'currentPlatformId': 'KR', 'currentAccountId': 'G-lzn1ETqc7c72aH7Ay7nihY_DwkYBu8lnPuyFGKMUfLd4aD4XX-8u3b', 'matchHistoryUri': '/v1/stats/player_history/KR/2372718319996704', 'profileIcon': 4480}}, {'participantId': 8, 'player': {'platformId': 'KR', 'accountId': 'fcu8Q6mng5j0fgLffKiNd2ttvqUnuAG505m8-4Tw0p45dQEY0DaSB0Bm', 'summonerName': 'SN SamD', 'summonerId': 'zwMZes7Xq3Jxr1OOiOOJ-x1tDqrq00nmL1PrPvKSGd9Jjww', 'currentPlatformId': 'KR', 'currentAccountId': 'fcu8Q6mng5j0fgLffKiNd2ttvqUnuAG505m8-4Tw0p45dQEY0DaSB0Bm', 'matchHistoryUri': '/v1/stats/player_history/KR/2024629998317376', 'profileIcon': 3839}}, {'participantId': 9, 'player': {'platformId': 'KR', 'accountId': 'HvT-9rUVEVio-sEriwkgZyhIT764e7WlClbXC2TQZaTJrv8haf5PN0sj', 'summonerName': 'Sei2e the day', 'summonerId': '_coxtmynCJng-vmt-nSDeWDj2FF1lzSfBIzZh-YjQ2IC-xU', 'currentPlatformId': 'KR', 'currentAccountId': 'HvT-9rUVEVio-sEriwkgZyhIT764e7WlClbXC2TQZaTJrv8haf5PN0sj', 'matchHistoryUri': '/v1/stats/player_history/KR/2372726807424256', 'profileIcon': 3837}}, {'participantId': 10, 'player': {'platformId': 'KR', 'accountId': 'UDS3iOuyRE3wcuFBcRFNTfMAzZItd-gs-bjjW7UBy7gFfsI', 'summonerName': '미친듯이 파이팅', 'summonerId': 'ahRoFFnT2anVgTMn1Xyi_3btgjfL8KiNRcjfe5PK43DtQUg', 'currentPlatformId': 'KR', 'currentAccountId': 'UDS3iOuyRE3wcuFBcRFNTfMAzZItd-gs-bjjW7UBy7gFfsI', 'matchHistoryUri': '/v1/stats/player_history/KR/209899057', 'profileIcon': 18}}]","[{'participantId': 1, 'teamId': 100, 'championId': 103, 'spell1Id': 14, 'spell2Id': 4, 'stats': {'participantId': 1, 'win': False, 'item0': 3030, 'item1': 3113, 'item2': 2033, 'item3': 1082, 'item4': 3108, 'item5': 3020, 'item6': 3364, 'kills': 1, 'deaths': 2, 'assists': 3, 'largestKillingSpree': 0, 'largestMultiKill': 1, 'killingSprees': 0, 'longestTimeSpentLiving': 825, 'doubleKills': 0, 'tripleKills': 0, 'quadraKills': 0, 'pentaKills': 0, 'unrealKills': 0, 'totalDamageDealt': 79845, 'magicDamageDealt': 40333, 'physicalDamageDealt': 11840, 'trueDamageDealt': 27671, 'largestCriticalStrike': 0, 'totalDamageDealtToChampions': 7482, 'magicDamageDealtToChampions': 3957, 'physicalDamageDealtToChampions': 1218, 'trueDamageDealtToChampions': 2306, 'totalHeal': 882, 'totalUnitsHealed': 1, 'damageSelfMitigated': 2993, 'damageDealtToObjectives': 982, 'damageDealtToTurrets': 982, 'visionScore': 12, 'timeCCingOthers': 17, 'totalDamageTaken': 7156, 'magicalDamageTaken': 792, 'physicalDamageTaken': 5857, 'trueDamageTaken': 506, 'goldEarned': 6738, 'goldSpent': 6275, 'turretKills': 0, 'inhibitorKills': 0, 'totalMinionsKilled': 154, 'neutralMinionsKilled': 4, 'neutralMinionsKilledTeamJungle': 4, 'neutralMinionsKilledEnemyJungle': 0, 'totalTimeCrowdControlDealt': 101, 'champLevel': 12, 'visionWardsBoughtInGame': 1, 'sightWardsBoughtInGame': 0, 'wardsPlaced': 6, 'wardsKilled': 2, 'firstBloodKill': False, 'firstBloodAssist': False, 'firstTowerKill': False, 'firstTowerAssist': False, 'combatPlayerScore': 0, 'objectivePlayerScore': 0, 'totalPlayerScore': 0, 'totalScoreRank': 0, 'playerScore0': 0, 'playerScore1': 0, 'playerScore2': 0, 'playerScore3': 0, 'playerScore4': 0, 'playerScore5': 0, 'playerScore6': 0, 'playerScore7': 0, 'playerScore8': 0, 'playerScore9': 0, 'perk0': 8351, 'perk0Var1': 17, 'perk0Var2': 0, 'perk0Var3': 0, 'perk1': 8304, 'perk1Var1': 12, 'perk1Var2': 0, 'perk1Var3': 0, 'perk2': 8316, 'perk2Var1': 3553, 'perk2Var2': 0, 'perk2Var3': 0, 'perk3': 8347, 'perk3Var1': 0, 'perk3Var2': 0, 'perk3Var3': 0, 'perk4': 8126, 'perk4Var1': 425, 'perk4Var2': 0, 'perk4Var3': 0, 'perk5': 8134, 'perk5Var1': 36, 'perk5Var2': 3, 'perk5Var3': 0, 'perkPrimaryStyle': 8300, 'perkSubStyle': 8100, 'statPerk0': 5007, 'statPerk1': 5008, 'statPerk2': 5002}, 'timeline': {'participantId': 1, 'creepsPerMinDeltas': {'10-20': 7.9, '0-10': 7.5}, 'xpPerMinDeltas': {'10-20': 482.90000000000003, '0-10': 428.20000000000005}, 'goldPerMinDeltas': {'10-20': 353, '0-10': 269}, 'damageTakenPerMinDeltas': {'10-20': 490.2, '0-10': 225.39999999999998}, 'role': 'DUO', 'lane': 'TOP'}}, {'participantId': 2, 'teamId': 100, 'championId': 76, 'spell1Id': 11, 'spell2Id': 4, 'stats': {'participantId': 2, 'win': False, 'item0': 1414, 'item1': 1026, 'item2': 2055, 'item3': 3047, 'item4': 3174, 'item5': 1052, 'item6': 3364, 'kills': 4, 'deaths': 3, 'assists': 3, 'largestKillingSpree': 4, 'largestMultiKill': 1, 'killingSprees': 1, 'longestTimeSpentLiving': 872, 'doubleKills': 0, 'tripleKills': 0, 'quadraKills': 0, 'pentaKills': 0, 'unrealKills': 0, 'totalDamageDealt': 92894, 'magicDamageDealt': 71198, 'physicalDamageDealt': 14811, 'trueDamageDealt': 6884, 'largestCriticalStrike': 0, 'totalDamageDealtToChampions': 7415, 'magicDamageDealtToChampions': 6529, 'physicalDamageDealtToChampions': 563, 'trueDamageDealtToChampions': 323, 'totalHeal': 10087, 'totalUnitsHealed': 3, 'damageSelfMitigated': 8025, 'damageDealtToObjectives': 14310, 'damageDealtToTurrets': 513, 'visionScore': 30, 'timeCCingOthers': 0, 'totalDamageTaken': 17254, 'magicalDamageTaken': 4452, 'physicalDamageTaken': 11807, 'trueDamageTaken': 994, 'goldEarned': 7317, 'goldSpent': 7285, 'turretKills': 0, 'inhibitorKills': 0, 'totalMinionsKilled': 25, 'neutralMinionsKilled': 94, 'neutralMinionsKilledTeamJungle': 69, 'neutralMinionsKilledEnemyJungle': 0, 'totalTimeCrowdControlDealt': 34, 'champLevel': 11, 'visionWardsBoughtInGame': 6, 'sightWardsBoughtInGame': 0, 'wardsPlaced': 14, 'wardsKilled': 8, 'firstBloodKill': False, 'firstBloodAssist': False, 'firstTowerKill': False, 'firstTowerAssist': False, 'combatPlayerScore': 0, 'objectivePlayerScore': 0, 'totalPlayerScore': 0, 'totalScoreRank': 0, 'playerScore0': 0, 'playerScore1': 0, 'playerScore2': 0, 'playerScore3': 0, 'playerScore4': 0, 'playerScore5': 0, 'playerScore6': 0, 'playerScore7': 0, 'playerScore8': 0, 'playerScore9': 0, 'perk0': 8112, 'perk0Var1': 539, 'perk0Var2': 0, 'perk0Var3': 0, 'perk1': 8143, 'perk1Var1': 257, 'perk1Var2': 0, 'perk1Var3': 0, 'perk2': 8136, 'perk2Var1': 9, 'perk2Var2': 18, 'perk2Var3': 0, 'perk3': 8135, 'perk3Var1': 2399, 'perk3Var2': 4, 'perk3Var3': 0, 'perk4': 8304, 'perk4Var1': 10, 'perk4Var2': 3, 'perk4Var3': 0, 'perk5': 8347, 'perk5Var1': 0, 'perk5Var2': 0, 'perk5Var3': 0, 'perkPrimaryStyle': 8100, 'perkSubStyle': 8300, 'statPerk0': 5005, 'statPerk1': 5008, 'statPerk2': 5002}, 'timeline': {'participantId': 2, 'creepsPerMinDeltas': {'10-20': 2.3, '0-10': 0.2}, 'xpPerMinDeltas': {'10-20': 434.7, '0-10': 336.1}, 'goldPerMinDeltas': {'10-20': 399.4, '0-10': 280.4}, 'csDiffPerMinDeltas': {'10-20': 0.3999999999999999, '0-10': 0}, 'xpDiffPerMinDeltas': {'10-20': -105.1, '0-10': 27.19999999999999}, 'damageTakenPerMinDeltas': {'10-20': 1066.4, '0-10': 659}, 'damageTakenDiffPerMinDeltas': {'10-20': 376.6, '0-10': 150}, 'role': 'NONE', 'lane': 'JUNGLE'}}, {'participantId': 3, 'teamId': 100, 'championId': 145, 'spell1Id': 7, 'spell2Id': 4, 'stats': {'participantId': 3, 'win': False, 'item0': 3006, 'item1': 3004, 'item2': 1043, 'item3': 1055, 'item4': 0, 'item5': 0, 'item6': 3363, 'kills': 1, 'deaths': 5, 'assists': 1, 'largestKillingSpree': 0, 'largestMultiKill': 1, 'killingSprees': 0, 'longestTimeSpentLiving': 452, 'doubleKills': 0, 'tripleKills': 0, 'quadraKills': 0, 'pentaKills': 0, 'unrealKills': 0, 'totalDamageDealt': 36830, 'magicDamageDealt': 3398, 'physicalDamageDealt': 33431, 'trueDamageDealt': 0, 'largestCriticalStrike': 0, 'totalDamageDealtToChampions': 4113, 'magicDamageDealtToChampions': 1426, 'physicalDamageDealtToChampions': 2687, 'trueDamageDealtToChampions': 0, 'totalHeal': 958, 'totalUnitsHealed': 3, 'damageSelfMitigated': 4291, 'damageDealtToObjectives': 342, 'damageDealtToTurrets': 342, 'visionScore': 13, 'timeCCingOthers': 0, 'totalDamageTaken': 9180, 'magicalDamageTaken': 925, 'physicalDamageTaken': 7539, 'trueDamageTaken': 715, 'goldEarned': 5745, 'goldSpent': 5050, 'turretKills': 0, 'inhibitorKills': 0, 'totalMinionsKilled': 112, 'neutralMinionsKilled': 1, 'neutralMinionsKilledTeamJungle': 1, 'neutralMinionsKilledEnemyJungle': 0, 'totalTimeCrowdControlDealt': 0, 'champLevel': 9, 'visionWardsBoughtInGame': 0, 'sightWardsBoughtInGame': 0, 'wardsPlaced': 6, 'wardsKilled': 4, 'firstBloodKill': False, 'firstBloodAssist': False, 'firstTowerKill': False, 'firstTowerAssist': False, 'combatPlayerScore': 0, 'objectivePlayerScore': 0, 'totalPlayerScore': 0, 'totalScoreRank': 0, 'playerScore0': 0, 'playerScore1': 0, 'playerScore2': 0, 'playerScore3': 0, 'playerScore4': 0, 'playerScore5': 0, 'playerScore6': 0, 'playerScore7': 0, 'playerScore8': 0, 'playerScore9': 0, 'perk0': 8008, 'perk0Var1': 1, 'perk0Var2': 0, 'perk0Var3': 0, 'perk1': 9111, 'perk1Var1': 117, 'perk1Var2': 40, 'perk1Var3': 0, 'perk2': 9103, 'perk2Var1': 0, 'perk2Var2': 0, 'perk2Var3': 0, 'perk3': 8014, 'perk3Var1': 30, 'perk3Var2': 0, 'perk3Var3': 0, 'perk4': 8275, 'perk4Var1': 6, 'perk4Var2': 0, 'perk4Var3': 0, 'perk5': 8236, 'perk5Var1': 14, 'perk5Var2': 0, 'perk5Var3': 0, 'perkPrimaryStyle': 8000, 'perkSubStyle': 8200, 'statPerk0': 5005, 'statPerk1': 5008, 'statPerk2': 5002}, 'timeline': {'participantId': 3, 'creepsPerMinDeltas': {'10-20': 5.2, '0-10': 6}, 'xpPerMinDeltas': {'10-20': 275.8, '0-10': 275.9}, 'goldPerMinDeltas': {'10-20': 266.1, '0-10': 256.5}, 'damageTakenPerMinDeltas': {'10-20': 571.0999999999999, '0-10': 345.6}, 'role': 'SOLO', 'lane': 'BOTTOM'}}, {'participantId': 4, 'teamId': 100, 'championId': 412, 'spell1Id': 4, 'spell2Id': 14, 'stats': {'participantId': 4, 'win': False, 'item0': 3857, 'item1': 3024, 'item2': 3117, 'item3': 2055, 'item4': 3067, 'item5': 1029, 'item6': 3364, 'kills': 0, 'deaths': 3, 'assists': 6, 'largestKillingSpree': 0, 'largestMultiKill': 0, 'killingSprees': 0, 'longestTimeSpentLiving': 735, 'doubleKills': 0, 'tripleKills': 0, 'quadraKills': 0, 'pentaKills': 0, 'unrealKills': 0, 'totalDamageDealt': 14572, 'magicDamageDealt': 6426, 'physicalDamageDealt': 4891, 'trueDamageDealt': 3253, 'largestCriticalStrike': 0, 'totalDamageDealtToChampions': 3221, 'magicDamageDealtToChampions': 2170, 'physicalDamageDealtToChampions': 481, 'trueDamageDealtToChampions': 570, 'totalHeal': 137, 'totalUnitsHealed': 1, 'damageSelfMitigated': 6927, 'damageDealtToObjectives': 476, 'damageDealtToTurrets': 476, 'visionScore': 33, 'timeCCingOthers': 15, 'totalDamageTaken': 9601, 'magicalDamageTaken': 1709, 'physicalDamageTaken': 7521, 'trueDamageTaken': 370, 'goldEarned': 4607, 'goldSpent': 4100, 'turretKills': 0, 'inhibitorKills': 0, 'totalMinionsKilled': 31, 'neutralMinionsKilled': 0, 'neutralMinionsKilledTeamJungle': 0, 'neutralMinionsKilledEnemyJungle': 0, 'totalTimeCrowdControlDealt': 50, 'champLevel': 9, 'visionWardsBoughtInGame': 6, 'sightWardsBoughtInGame': 0, 'wardsPlaced': 20, 'wardsKilled': 6, 'firstBloodKill': False, 'firstBloodAssist': False, 'firstTowerKill': False, 'firstTowerAssist': False, 'combatPlayerScore': 0, 'objectivePlayerScore': 0, 'totalPlayerScore': 0, 'totalScoreRank': 0, 'playerScore0': 0, 'playerScore1': 0, 'playerScore2': 0, 'playerScore3': 0, 'playerScore4': 0, 'playerScore5': 0, 'playerScore6': 0, 'playerScore7': 0, 'playerScore8': 0, 'playerScore9': 0, 'perk0': 8439, 'perk0Var1': 234, 'perk0Var2': 0, 'perk0Var3': 0, 'perk1': 8446, 'perk1Var1': 391, 'perk1Var2': 0, 'perk1Var3': 0, 'perk2': 8473, 'perk2Var1': 297, 'perk2Var2': 0, 'perk2Var3': 0, 'perk3': 8451, 'perk3Var1': 119, 'perk3Var2': 0, 'perk3Var3': 0, 'perk4': 8345, 'perk4Var1': 3, 'perk4Var2': 0, 'perk4Var3': 0, 'perk5': 8347, 'perk5Var1': 0, 'perk5Var2': 0, 'perk5Var3': 0, 'perkPrimaryStyle': 8400, 'perkSubStyle': 8300, 'statPerk0': 5007, 'statPerk1': 5002, 'statPerk2': 5001}, 'timeline': {'participantId': 4, 'creepsPerMinDeltas': {'10-20': 1.3, '0-10': 1.7999999999999998}, 'xpPerMinDeltas': {'10-20': 257.7, '0-10': 301.3}, 'goldPerMinDeltas': {'10-20': 226.5, '0-10': 182.1}, 'csDiffPerMinDeltas': {'10-20': -5.3, '0-10': -5.8999999999999995}, 'xpDiffPerMinDeltas': {'10-20': -273.2, '0-10': -179.29999999999998}, 'damageTakenPerMinDeltas': {'10-20': 659.6, '0-10': 300.5}, 'damageTakenDiffPerMinDeltas': {'10-20': -246.2, '0-10': -72.6}, 'role': 'SOLO', 'lane': 'MIDDLE'}}, {'participantId': 5, 'teamId': 100, 'championId': 266, 'spell1Id': 4, 'spell2Id': 12, 'stats': {'participantId': 5, 'win': False, 'item0': 1054, 'item1': 3133, 'item2': 3071, 'item3': 2055, 'item4': 1036, 'item5': 3047, 'item6': 3364, 'kills': 2, 'deaths': 2, 'assists': 3, 'largestKillingSpree': 2, 'largestMultiKill': 1, 'killingSprees': 1, 'longestTimeSpentLiving': 1030, 'doubleKills': 0, 'tripleKills': 0, 'quadraKills': 0, 'pentaKills': 0, 'unrealKills': 0, 'totalDamageDealt': 76938, 'magicDamageDealt': 0, 'physicalDamageDealt': 75806, 'trueDamageDealt': 1132, 'largestCriticalStrike': 0, 'totalDamageDealtToChampions': 8236, 'magicDamageDealtToChampions': 0, 'physicalDamageDealtToChampions': 8090, 'trueDamageDealtToChampions': 146, 'totalHeal': 3349, 'totalUnitsHealed': 1, 'damageSelfMitigated': 8491, 'damageDealtToObjectives': 4394, 'damageDealtToTurrets': 0, 'visionScore': 22, 'timeCCingOthers': 16, 'totalDamageTaken': 12697, 'magicalDamageTaken': 2374, 'physicalDamageTaken': 8958, 'trueDamageTaken': 1363, 'goldEarned': 7190, 'goldSpent': 6650, 'turretKills': 0, 'inhibitorKills': 0, 'totalMinionsKilled': 132, 'neutralMinionsKilled': 14, 'neutralMinionsKilledTeamJungle': 4, 'neutralMinionsKilledEnemyJungle': 9, 'totalTimeCrowdControlDealt': 183, 'champLevel': 12, 'visionWardsBoughtInGame': 6, 'sightWardsBoughtInGame': 0, 'wardsPlaced': 9, 'wardsKilled': 6, 'firstBloodKill': False, 'firstBloodAssist': False, 'firstTowerKill': False, 'firstTowerAssist': False, 'combatPlayerScore': 0, 'objectivePlayerScore': 0, 'totalPlayerScore': 0, 'totalScoreRank': 0, 'playerScore0': 0, 'playerScore1': 0, 'playerScore2': 0, 'playerScore3': 0, 'playerScore4': 0, 'playerScore5': 0, 'playerScore6': 0, 'playerScore7': 0, 'playerScore8': 0, 'playerScore9': 0, 'perk0': 8010, 'perk0Var1': 106, 'perk0Var2': 0, 'perk0Var3': 0, 'perk1': 9111, 'perk1Var1': 176, 'perk1Var2': 100, 'perk1Var3': 0, 'perk2': 9105, 'perk2Var1': 12, 'perk2Var2': 10, 'perk2Var3': 0, 'perk3': 8014, 'perk3Var1': 94, 'perk3Var2': 0, 'perk3Var3': 0, 'perk4': 8473, 'perk4Var1': 427, 'perk4Var2': 0, 'perk4Var3': 0, 'perk5': 8453, 'perk5Var1': 285, 'perk5Var2': 8, 'perk5Var3': 0, 'perkPrimaryStyle': 8000, 'perkSubStyle': 8400, 'statPerk0': 5007, 'statPerk1': 5008, 'statPerk2': 5002}, 'timeline': {'participantId': 5, 'creepsPerMinDeltas': {'10-20': 5.5, '0-10': 7.7}, 'xpPerMinDeltas': {'10-20': 410.3, '0-10': 484}, 'goldPerMinDeltas': {'10-20': 350.7, '0-10': 316.5}, 'damageTakenPerMinDeltas': {'10-20': 842.7, '0-10': 427}, 'role': 'DUO', 'lane': 'TOP'}}, {'participantId': 6, 'teamId': 200, 'championId': 91, 'spell1Id': 4, 'spell2Id': 14, 'stats': {'participantId': 6, 'win': True, 'item0': 2031, 'item1': 3117, 'item2': 3077, 'item3': 3147, 'item4': 3134, 'item5': 3133, 'item6': 3364, 'kills': 6, 'deaths': 1, 'assists': 4, 'largestKillingSpree': 4, 'largestMultiKill': 1, 'killingSprees': 2, 'longestTimeSpentLiving': 737, 'doubleKills': 0, 'tripleKills': 0, 'quadraKills': 0, 'pentaKills': 0, 'unrealKills': 0, 'totalDamageDealt': 91095, 'magicDamageDealt': 0, 'physicalDamageDealt': 90761, 'trueDamageDealt': 334, 'largestCriticalStrike': 543, 'totalDamageDealtToChampions': 10020, 'magicDamageDealtToChampions': 0, 'physicalDamageDealtToChampions': 9686, 'trueDamageDealtToChampions': 334, 'totalHeal': 1209, 'totalUnitsHealed': 1, 'damageSelfMitigated': 3675, 'damageDealtToObjectives': 1169, 'damageDealtToTurrets': 1169, 'visionScore': 23, 'timeCCingOthers': 1, 'totalDamageTaken': 8136, 'magicalDamageTaken': 2595, 'physicalDamageTaken': 4585, 'trueDamageTaken': 955, 'goldEarned': 8924, 'goldSpent': 7725, 'turretKills': 1, 'inhibitorKills': 0, 'totalMinionsKilled': 166, 'neutralMinionsKilled': 0, 'neutralMinionsKilledTeamJungle': 0, 'neutralMinionsKilledEnemyJungle': 0, 'totalTimeCrowdControlDealt': 125, 'champLevel': 13, 'visionWardsBoughtInGame': 2, 'sightWardsBoughtInGame': 0, 'wardsPlaced': 6, 'wardsKilled': 3, 'firstBloodKill': True, 'firstBloodAssist': False, 'firstTowerKill': False, 'firstTowerAssist': False, 'combatPlayerScore': 0, 'objectivePlayerScore': 0, 'totalPlayerScore': 0, 'totalScoreRank': 0, 'playerScore0': 0, 'playerScore1': 0, 'playerScore2': 0, 'playerScore3': 0, 'playerScore4': 0, 'playerScore5': 0, 'playerScore6': 0, 'playerScore7': 0, 'playerScore8': 0, 'playerScore9': 0, 'perk0': 8112, 'perk0Var1': 765, 'perk0Var2': 0, 'perk0Var3': 0, 'perk1': 8139, 'perk1Var1': 609, 'perk1Var2': 0, 'perk1Var3': 0, 'perk2': 8136, 'perk2Var1': 4, 'perk2Var2': 8, 'perk2Var3': 0, 'perk3': 8105, 'perk3Var1': 16, 'perk3Var2': 5, 'perk3Var3': 0, 'perk4': 8224, 'perk4Var1': 0, 'perk4Var2': 0, 'perk4Var3': 0, 'perk5': 8233, 'perk5Var1': 12, 'perk5Var2': 40, 'perk5Var3': 0, 'perkPrimaryStyle': 8100, 'perkSubStyle': 8200, 'statPerk0': 5008, 'statPerk1': 5008, 'statPerk2': 5003}, 'timeline': {'participantId': 6, 'creepsPerMinDeltas': {'10-20': 7.8, '0-10': 8.4}, 'xpPerMinDeltas': {'10-20': 550.6, '0-10': 495.4}, 'goldPerMinDeltas': {'10-20': 465.6, '0-10': 368.6}, 'damageTakenPerMinDeltas': {'10-20': 534.9, '0-10': 278.7}, 'role': 'SOLO', 'lane': 'TOP'}}, {'participantId': 7, 'teamId': 200, 'championId': 875, 'spell1Id': 12, 'spell2Id': 4, 'stats': {'participantId': 7, 'win': True, 'item0': 3077, 'item1': 2055, 'item2': 3047, 'item3': 3123, 'item4': 3071, 'item5': 1054, 'item6': 3340, 'kills': 0, 'deaths': 3, 'assists': 8, 'largestKillingSpree': 0, 'largestMultiKill': 0, 'killingSprees': 0, 'longestTimeSpentLiving': 491, 'doubleKills': 0, 'tripleKills': 0, 'quadraKills': 0, 'pentaKills': 0, 'unrealKills': 0, 'totalDamageDealt': 67749, 'magicDamageDealt': 0, 'physicalDamageDealt': 56414, 'trueDamageDealt': 11334, 'largestCriticalStrike': 0, 'totalDamageDealtToChampions': 8959, 'magicDamageDealtToChampions': 0, 'physicalDamageDealtToChampions': 6184, 'trueDamageDealtToChampions': 2774, 'totalHeal': 1046, 'totalUnitsHealed': 1, 'damageSelfMitigated': 12341, 'damageDealtToObjectives': 2907, 'damageDealtToTurrets': 1102, 'visionScore': 17, 'timeCCingOthers': 17, 'totalDamageTaken': 12789, 'magicalDamageTaken': 4195, 'physicalDamageTaken': 7630, 'trueDamageTaken': 963, 'goldEarned': 7248, 'goldSpent': 7250, 'turretKills': 0, 'inhibitorKills': 0, 'totalMinionsKilled': 143, 'neutralMinionsKilled': 4, 'neutralMinionsKilledTeamJungle': 0, 'neutralMinionsKilledEnemyJungle': 0, 'totalTimeCrowdControlDealt': 86, 'champLevel': 13, 'visionWardsBoughtInGame': 5, 'sightWardsBoughtInGame': 0, 'wardsPlaced': 10, 'wardsKilled': 3, 'firstBloodKill': False, 'firstBloodAssist': False, 'firstTowerKill': False, 'firstTowerAssist': False, 'combatPlayerScore': 0, 'objectivePlayerScore': 0, 'totalPlayerScore': 0, 'totalScoreRank': 0, 'playerScore0': 0, 'playerScore1': 0, 'playerScore2': 0, 'playerScore3': 0, 'playerScore4': 0, 'playerScore5': 0, 'playerScore6': 0, 'playerScore7': 0, 'playerScore8': 0, 'playerScore9': 0, 'perk0': 8010, 'perk0Var1': 60, 'perk0Var2': 0, 'perk0Var3': 0, 'perk1': 9111, 'perk1Var1': 702, 'perk1Var2': 160, 'perk1Var3': 0, 'perk2': 9104, 'perk2Var1': 17, 'perk2Var2': 10, 'perk2Var3': 0, 'perk3': 8299, 'perk3Var1': 341, 'perk3Var2': 0, 'perk3Var3': 0, 'perk4': 8473, 'perk4Var1': 210, 'perk4Var2': 0, 'perk4Var3': 0, 'perk5': 8451, 'perk5Var1': 154, 'perk5Var2': 0, 'perk5Var3': 0, 'perkPrimaryStyle': 8000, 'perkSubStyle': 8400, 'statPerk0': 5008, 'statPerk1': 5008, 'statPerk2': 5002}, 'timeline': {'participantId': 7, 'creepsPerMinDeltas': {'10-20': 6.6, '0-10': 7.699999999999999}, 'xpPerMinDeltas': {'10-20': 530.9, '0-10': 480.6}, 'goldPerMinDeltas': {'10-20': 394, '0-10': 278.9}, 'csDiffPerMinDeltas': {'10-20': 5.3, '0-10': 5.8999999999999995}, 'xpDiffPerMinDeltas': {'10-20': 273.2, '0-10': 179.29999999999998}, 'damageTakenPerMinDeltas': {'10-20': 905.8, '0-10': 373.1}, 'damageTakenDiffPerMinDeltas': {'10-20': 246.2, '0-10': 72.6}, 'role': 'SOLO', 'lane': 'MIDDLE'}}, {'participantId': 8, 'teamId': 200, 'championId': 523, 'spell1Id': 7, 'spell2Id': 4, 'stats': {'participantId': 8, 'win': True, 'item0': 1055, 'item1': 3508, 'item2': 3085, 'item3': 3031, 'item4': 2055, 'item5': 3006, 'item6': 3363, 'kills': 6, 'deaths': 1, 'assists': 5, 'largestKillingSpree': 6, 'largestMultiKill': 3, 'killingSprees': 1, 'longestTimeSpentLiving': 767, 'doubleKills': 2, 'tripleKills': 1, 'quadraKills': 0, 'pentaKills': 0, 'unrealKills': 0, 'totalDamageDealt': 120301, 'magicDamageDealt': 1374, 'physicalDamageDealt': 117975, 'trueDamageDealt': 952, 'largestCriticalStrike': 773, 'totalDamageDealtToChampions': 11251, 'magicDamageDealtToChampions': 366, 'physicalDamageDealtToChampions': 10702, 'trueDamageDealtToChampions': 182, 'totalHeal': 1003, 'totalUnitsHealed': 2, 'damageSelfMitigated': 3827, 'damageDealtToObjectives': 14737, 'damageDealtToTurrets': 8428, 'visionScore': 18, 'timeCCingOthers': 11, 'totalDamageTaken': 5114, 'magicalDamageTaken': 1871, 'physicalDamageTaken': 2987, 'trueDamageTaken': 254, 'goldEarned': 11419, 'goldSpent': 11425, 'turretKills': 3, 'inhibitorKills': 0, 'totalMinionsKilled': 181, 'neutralMinionsKilled': 13, 'neutralMinionsKilledTeamJungle': 5, 'neutralMinionsKilledEnemyJungle': 4, 'totalTimeCrowdControlDealt': 125, 'champLevel': 12, 'visionWardsBoughtInGame': 5, 'sightWardsBoughtInGame': 0, 'wardsPlaced': 9, 'wardsKilled': 5, 'firstBloodKill': False, 'firstBloodAssist': False, 'firstTowerKill': True, 'firstTowerAssist': False, 'combatPlayerScore': 0, 'objectivePlayerScore': 0, 'totalPlayerScore': 0, 'totalScoreRank': 0, 'playerScore0': 0, 'playerScore1': 0, 'playerScore2': 0, 'playerScore3': 0, 'playerScore4': 0, 'playerScore5': 0, 'playerScore6': 0, 'playerScore7': 0, 'playerScore8': 0, 'playerScore9': 0, 'perk0': 8010, 'perk0Var1': 32, 'perk0Var2': 0, 'perk0Var3': 0, 'perk1': 9101, 'perk1Var1': 1611, 'perk1Var2': 1468, 'perk1Var3': 0, 'perk2': 9103, 'perk2Var1': 19, 'perk2Var2': 10, 'perk2Var3': 0, 'perk3': 8014, 'perk3Var1': 294, 'perk3Var2': 0, 'perk3Var3': 0, 'perk4': 8275, 'perk4Var1': 4, 'perk4Var2': 0, 'perk4Var3': 0, 'perk5': 8236, 'perk5Var1': 14, 'perk5Var2': 0, 'perk5Var3': 0, 'perkPrimaryStyle': 8000, 'perkSubStyle': 8200, 'statPerk0': 5005, 'statPerk1': 5008, 'statPerk2': 5002}, 'timeline': {'participantId': 8, 'creepsPerMinDeltas': {'10-20': 9.2, '0-10': 8.9}, 'xpPerMinDeltas': {'10-20': 613.9000000000001, '0-10': 369.4}, 'goldPerMinDeltas': {'10-20': 742.8, '0-10': 347.3}, 'damageTakenPerMinDeltas': {'10-20': 327.79999999999995, '0-10': 183.60000000000002}, 'role': 'DUO_CARRY', 'lane': 'BOTTOM'}}, {'participantId': 9, 'teamId': 200, 'championId': 111, 'spell1Id': 4, 'spell2Id': 14, 'stats': {'participantId': 9, 'win': True, 'item0': 2055, 'item1': 3050, 'item2': 3859, 'item3': 3117, 'item4': 0, 'item5': 0, 'item6': 3364, 'kills': 0, 'deaths': 1, 'assists': 6, 'largestKillingSpree': 0, 'largestMultiKill': 0, 'killingSprees': 0, 'longestTimeSpentLiving': 574, 'doubleKills': 0, 'tripleKills': 0, 'quadraKills': 0, 'pentaKills': 0, 'unrealKills': 0, 'totalDamageDealt': 17274, 'magicDamageDealt': 5197, 'physicalDamageDealt': 4882, 'trueDamageDealt': 7194, 'largestCriticalStrike': 0, 'totalDamageDealtToChampions': 3522, 'magicDamageDealtToChampions': 2746, 'physicalDamageDealtToChampions': 522, 'trueDamageDealtToChampions': 253, 'totalHeal': 0, 'totalUnitsHealed': 0, 'damageSelfMitigated': 7403, 'damageDealtToObjectives': 2328, 'damageDealtToTurrets': 0, 'visionScore': 34, 'timeCCingOthers': 19, 'totalDamageTaken': 5965, 'magicalDamageTaken': 2141, 'physicalDamageTaken': 3138, 'trueDamageTaken': 685, 'goldEarned': 4565, 'goldSpent': 4500, 'turretKills': 0, 'inhibitorKills': 0, 'totalMinionsKilled': 29, 'neutralMinionsKilled': 0, 'neutralMinionsKilledTeamJungle': 0, 'neutralMinionsKilledEnemyJungle': 0, 'totalTimeCrowdControlDealt': 84, 'champLevel': 10, 'visionWardsBoughtInGame': 8, 'sightWardsBoughtInGame': 0, 'wardsPlaced': 18, 'wardsKilled': 9, 'firstBloodKill': False, 'firstBloodAssist': False, 'firstTowerKill': False, 'firstTowerAssist': False, 'combatPlayerScore': 0, 'objectivePlayerScore': 0, 'totalPlayerScore': 0, 'totalScoreRank': 0, 'playerScore0': 0, 'playerScore1': 0, 'playerScore2': 0, 'playerScore3': 0, 'playerScore4': 0, 'playerScore5': 0, 'playerScore6': 0, 'playerScore7': 0, 'playerScore8': 0, 'playerScore9': 0, 'perk0': 8439, 'perk0Var1': 298, 'perk0Var2': 0, 'perk0Var3': 0, 'perk1': 8401, 'perk1Var1': 72, 'perk1Var2': 0, 'perk1Var3': 0, 'perk2': 8473, 'perk2Var1': 111, 'perk2Var2': 0, 'perk2Var3': 0, 'perk3': 8242, 'perk3Var1': 7, 'perk3Var2': 0, 'perk3Var3': 0, 'perk4': 8009, 'perk4Var1': 895, 'perk4Var2': 500, 'perk4Var3': 0, 'perk5': 9105, 'perk5Var1': 0, 'perk5Var2': 0, 'perk5Var3': 0, 'perkPrimaryStyle': 8400, 'perkSubStyle': 8000, 'statPerk0': 5005, 'statPerk1': 5003, 'statPerk2': 5002}, 'timeline': {'participantId': 9, 'creepsPerMinDeltas': {'10-20': 1.6, '0-10': 1.2999999999999998}, 'xpPerMinDeltas': {'10-20': 356.2, '0-10': 257.2}, 'goldPerMinDeltas': {'10-20': 248.5, '0-10': 155.89999999999998}, 'damageTakenPerMinDeltas': {'10-20': 304.4, '0-10': 292.09999999999997}, 'role': 'DUO_SUPPORT', 'lane': 'BOTTOM'}}, {'participantId': 10, 'teamId': 200, 'championId': 60, 'spell1Id': 11, 'spell2Id': 4, 'stats': {'participantId': 10, 'win': True, 'item0': 2055, 'item1': 2031, 'item2': 1414, 'item3': 3115, 'item4': 3020, 'item5': 0, 'item6': 3364, 'kills': 3, 'deaths': 2, 'assists': 2, 'largestKillingSpree': 3, 'largestMultiKill': 2, 'killingSprees': 1, 'longestTimeSpentLiving': 526, 'doubleKills': 1, 'tripleKills': 0, 'quadraKills': 0, 'pentaKills': 0, 'unrealKills': 0, 'totalDamageDealt': 103604, 'magicDamageDealt': 61389, 'physicalDamageDealt': 32345, 'trueDamageDealt': 9869, 'largestCriticalStrike': 0, 'totalDamageDealtToChampions': 6203, 'magicDamageDealtToChampions': 5202, 'physicalDamageDealtToChampions': 595, 'trueDamageDealtToChampions': 405, 'totalHeal': 6236, 'totalUnitsHealed': 1, 'damageSelfMitigated': 4541, 'damageDealtToObjectives': 17491, 'damageDealtToTurrets': 203, 'visionScore': 35, 'timeCCingOthers': 16, 'totalDamageTaken': 11988, 'magicalDamageTaken': 3914, 'physicalDamageTaken': 7586, 'trueDamageTaken': 486, 'goldEarned': 7304, 'goldSpent': 7200, 'turretKills': 1, 'inhibitorKills': 0, 'totalMinionsKilled': 21, 'neutralMinionsKilled': 108, 'neutralMinionsKilledTeamJungle': 69, 'neutralMinionsKilledEnemyJungle': 12, 'totalTimeCrowdControlDealt': 170, 'champLevel': 11, 'visionWardsBoughtInGame': 6, 'sightWardsBoughtInGame': 0, 'wardsPlaced': 12, 'wardsKilled': 9, 'firstBloodKill': False, 'firstBloodAssist': False, 'firstTowerKill': False, 'firstTowerAssist': False, 'combatPlayerScore': 0, 'objectivePlayerScore': 0, 'totalPlayerScore': 0, 'totalScoreRank': 0, 'playerScore0': 0, 'playerScore1': 0, 'playerScore2': 0, 'playerScore3': 0, 'playerScore4': 0, 'playerScore5': 0, 'playerScore6': 0, 'playerScore7': 0, 'playerScore8': 0, 'playerScore9': 0, 'perk0': 8010, 'perk0Var1': 116, 'perk0Var2': 0, 'perk0Var3': 0, 'perk1': 9111, 'perk1Var1': 148, 'perk1Var2': 100, 'perk1Var3': 0, 'perk2': 9105, 'perk2Var1': 17, 'perk2Var2': 0, 'perk2Var3': 0, 'perk3': 8014, 'perk3Var1': 81, 'perk3Var2': 0, 'perk3Var3': 0, 'perk4': 8136, 'perk4Var1': 8, 'perk4Var2': 16, 'perk4Var3': 0, 'perk5': 8135, 'perk5Var1': 1675, 'perk5Var2': 4, 'perk5Var3': 0, 'perkPrimaryStyle': 8000, 'perkSubStyle': 8100, 'statPerk0': 5005, 'statPerk1': 5008, 'statPerk2': 5003}, 'timeline': {'participantId': 10, 'creepsPerMinDeltas': {'10-20': 1.9, '0-10': 0.2}, 'xpPerMinDeltas': {'10-20': 539.8, '0-10': 308.9}, 'goldPerMinDeltas': {'10-20': 439, '0-10': 239.5}, 'csDiffPerMinDeltas': {'10-20': -0.3999999999999999, '0-10': 0}, 'xpDiffPerMinDeltas': {'10-20': 105.1, '0-10': -27.19999999999999}, 'damageTakenPerMinDeltas': {'10-20': 689.8, '0-10': 509}, 'damageTakenDiffPerMinDeltas': {'10-20': -376.6, '0-10': -150}, 'role': 'NONE', 'lane': 'JUNGLE'}}]",KR,420.0,13.0,,
24,1583747072770.0,2224.0,4205806443.0,CLASSIC,MATCHED_GAME,10.5.311.166,11.0,"[{'participantId': 1, 'player': {'platformId': 'KR', 'accountId': '01fKKDfDTEV5v5hOuOEg6gMQw-LaZE90W0stwnGS6uRYLrE', 'summonerName': 'Gen G Ruler', 'summonerId': '55qN-1wEpKN43nR7p23_8kl-CYFLBo3rXaL259f_I8ZoJvc', 'currentPlatformId': 'KR', 'currentAccountId': '01fKKDfDTEV5v5hOuOEg6gMQw-LaZE90W0stwnGS6uRYLrE', 'matchHistoryUri': '/v1/stats/player_history/KR/206358340', 'profileIcon': 3587}}, {'participantId': 2, 'player': {'platformId': 'KR', 'accountId': '_roMPWKt5K-S153Jpo5KaHgZ_NGN7eMpRd5jjAyXkfRI63U', 'summonerName': 'ggarden', 'summonerId': '46jVCfc5wxQrctxwMVbDxS1lv_tEaj0hNtmFs0XJUiBKta0', 'currentPlatformId': 'KR', 'currentAccountId': '_roMPWKt5K-S153Jpo5KaHgZ_NGN7eMpRd5jjAyXkfRI63U', 'matchHistoryUri': '/v1/stats/player_history/KR/205735475', 'profileIcon': 4492}}, {'participantId': 3, 'player': {'platformId': 'KR', 'accountId': 'P5RCcMdSeDb3FQEHqRCEADiNxtJ4_uYgSfU9iPIhneGcUsDsJ9jquOnR', 'summonerName': 'TF Blaade', 'summonerId': 'mTHSw5H7jFxFMi8hLFjILSluUQE7gTSz4Djg-g6dxhVTCQk', 'currentPlatformId': 'KR', 'currentAccountId': 'P5RCcMdSeDb3FQEHqRCEADiNxtJ4_uYgSfU9iPIhneGcUsDsJ9jquOnR', 'matchHistoryUri': '/v1/stats/player_history/KR/2388181211221152', 'profileIcon': 4}}, {'participantId': 4, 'player': {'platformId': 'KR', 'accountId': '4alTxbRq8V64QzAM-QpuksDdwB70WS4V_IDQWBYfiNqgIGA', 'summonerName': 'Gen G Bonnie', 'summonerId': 'pDy6jb36r46Abuyg8SeUT9FKPFaG-LUCIn0ajRF3kjYPVdw', 'currentPlatformId': 'KR', 'currentAccountId': '4alTxbRq8V64QzAM-QpuksDdwB70WS4V_IDQWBYfiNqgIGA', 'matchHistoryUri': '/v1/stats/player_history/KR/209364129', 'profileIcon': 4151}}, {'participantId': 5, 'player': {'platformId': 'KR', 'accountId': 'wtZnV0z3tje2LO8BMto9XSbo6KVETAdubKKnoBPOvGfs1e4', 'summonerName': '섹시남캠 최현우', 'summonerId': 'LSewKZpM7exFcEbj1KB-EvXPy-CJR2gTUe_sTCaAGy7cxeY', 'currentPlatformId': 'KR', 'currentAccountId': 'wtZnV0z3tje2LO8BMto9XSbo6KVETAdubKKnoBPOvGfs1e4', 'matchHistoryUri': '/v1/stats/player_history/KR/200398216', 'profileIcon': 4285}}, {'participantId': 6, 'player': {'platformId': 'KR', 'accountId': 'IIWG7FRiqE8CuZaCslKkNxkglwpgnePPxDslb2tv66FKrgo', 'summonerName': 'Youtube Thal', 'summonerId': '8Cx100isJ6RMMeOmUX_-Wg0CESabVTYk-e8P8Ijj3zuIiB4', 'currentPlatformId': 'KR', 'currentAccountId': 'IIWG7FRiqE8CuZaCslKkNxkglwpgnePPxDslb2tv66FKrgo', 'matchHistoryUri': '/v1/stats/player_history/KR/201236882', 'profileIcon': 4090}}, {'participantId': 7, 'player': {'platformId': 'KR', 'accountId': 'xIHTBGJ6bfr_XXrhHp0PVdTVtLGjnF-2L5BRrt5UmxRw3Fw', 'summonerName': 'By 불비', 'summonerId': 'YZuoZ8Bfo5B8aGUKYIKrQ0gd_WBmVBWKbm51JHLif7YTRvo', 'currentPlatformId': 'KR', 'currentAccountId': 'xIHTBGJ6bfr_XXrhHp0PVdTVtLGjnF-2L5BRrt5UmxRw3Fw', 'matchHistoryUri': '/v1/stats/player_history/KR/200440551', 'profileIcon': 4451}}, {'participantId': 8, 'player': {'platformId': 'KR', 'accountId': 'U2bQNAFp67-yvZQbdvHaIHdzIES8mpaYPml1patvMfp2x0o', 'summonerName': 'Kingen', 'summonerId': '9thQTvrdO5pQ7vZ9TmcCOYLDVAjloMtOfJGm3cEpKWEdYKw', 'currentPlatformId': 'KR', 'currentAccountId': 'U2bQNAFp67-yvZQbdvHaIHdzIES8mpaYPml1patvMfp2x0o', 'matchHistoryUri': '/v1/stats/player_history/KR/209230380', 'profileIcon': 4474}}, {'participantId': 9, 'player': {'platformId': 'KR', 'accountId': 'oEEfKZhHycdHFB86x1iTmXPfa7nACGS5PzHeddpbHA5_', 'summonerName': '나는대포너는머포', 'summonerId': 'vmxz3hK9o_k2uGte_AczeXW8stno5l_HvrO1t61DM-Y5_g', 'currentPlatformId': 'KR', 'currentAccountId': 'oEEfKZhHycdHFB86x1iTmXPfa7nACGS5PzHeddpbHA5_', 'matchHistoryUri': '/v1/stats/player_history/KR/1367961', 'profileIcon': 18}}, {'participantId': 10, 'player': {'platformId': 'KR', 'accountId': 'xh_pYeUlSCptmRYffYqwmFS_o1CJwVcOsWcC6BV_SK42KS4', 'summonerName': 'Gen G HaYoon', 'summonerId': 'UUZSMax82sfqWNDYNeoP5i_KIEtAyf5IikTrL05l6XNBJz0', 'currentPlatformId': 'KR', 'currentAccountId': 'xh_pYeUlSCptmRYffYqwmFS_o1CJwVcOsWcC6BV_SK42KS4', 'matchHistoryUri': '/v1/stats/player_history/KR/206493908', 'profileIcon': 4353}}]","[{'participantId': 1, 'teamId': 100, 'championId': 81, 'spell1Id': 4, 'spell2Id': 7, 'stats': {'participantId': 1, 'win': True, 'item0': 3072, 'item1': 3153, 'item2': 3033, 'item3': 3025, 'item4': 3042, 'item5': 3158, 'item6': 3363, 'kills': 11, 'deaths': 7, 'assists': 4, 'largestKillingSpree': 3, 'largestMultiKill': 2, 'killingSprees': 2, 'longestTimeSpentLiving': 615, 'doubleKills': 1, 'tripleKills': 0, 'quadraKills': 0, 'pentaKills': 0, 'unrealKills': 0, 'totalDamageDealt': 256542, 'magicDamageDealt': 22298, 'physicalDamageDealt': 223566, 'trueDamageDealt': 10677, 'largestCriticalStrike': 0, 'totalDamageDealtToChampions': 45712, 'magicDamageDealtToChampions': 9624, 'physicalDamageDealtToChampions': 34000, 'trueDamageDealtToChampions': 2087, 'totalHeal': 4536, 'totalUnitsHealed': 5, 'damageSelfMitigated': 25191, 'damageDealtToObjectives': 21983, 'damageDealtToTurrets': 4239, 'visionScore': 28, 'timeCCingOthers': 18, 'totalDamageTaken': 26419, 'magicalDamageTaken': 7494, 'physicalDamageTaken': 18150, 'trueDamageTaken': 774, 'goldEarned': 17970, 'goldSpent': 17225, 'turretKills': 2, 'inhibitorKills': 2, 'totalMinionsKilled': 272, 'neutralMinionsKilled': 28, 'neutralMinionsKilledTeamJungle': 22, 'neutralMinionsKilledEnemyJungle': 0, 'totalTimeCrowdControlDealt': 446, 'champLevel': 18, 'visionWardsBoughtInGame': 3, 'sightWardsBoughtInGame': 0, 'wardsPlaced': 11, 'wardsKilled': 7, 'firstBloodKill': False, 'firstBloodAssist': False, 'firstTowerKill': False, 'firstTowerAssist': False, 'firstInhibitorKill': True, 'firstInhibitorAssist': False, 'combatPlayerScore': 0, 'objectivePlayerScore': 0, 'totalPlayerScore': 0, 'totalScoreRank': 0, 'playerScore0': 0, 'playerScore1': 0, 'playerScore2': 0, 'playerScore3': 0, 'playerScore4': 0, 'playerScore5': 0, 'playerScore6': 0, 'playerScore7': 1, 'playerScore8': 0, 'playerScore9': 0, 'perk0': 8010, 'perk0Var1': 684, 'perk0Var2': 0, 'perk0Var3': 0, 'perk1': 8009, 'perk1Var1': 6949, 'perk1Var2': 500, 'perk1Var3': 0, 'perk2': 9104, 'perk2Var1': 16, 'perk2Var2': 20, 'perk2Var3': 0, 'perk3': 8017, 'perk3Var1': 2466, 'perk3Var2': 0, 'perk3Var3': 0, 'perk4': 8304, 'perk4Var1': 10, 'perk4Var2': 3, 'perk4Var3': 0, 'perk5': 8345, 'perk5Var1': 3, 'perk5Var2': 0, 'perk5Var3': 0, 'perkPrimaryStyle': 8000, 'perkSubStyle': 8300, 'statPerk0': 5008, 'statPerk1': 5008, 'statPerk2': 5002}, 'timeline': {'participantId': 1, 'creepsPerMinDeltas': {'10-20': 8, '0-10': 8.7, '30-end': 6, '20-30': 6.3}, 'xpPerMinDeltas': {'10-20': 537.6, '0-10': 322.9, '30-end': 1053.4, '20-30': 406.9}, 'goldPerMinDeltas': {'10-20': 496.2, '0-10': 308.4, '30-end': 768.6, '20-30': 412.9}, 'csDiffPerMinDeltas': {'10-20': 0.14999999999999947, '0-10': 0.2999999999999994, '30-end': 1.4, '20-30': 0.49999999999999956}, 'xpDiffPerMinDeltas': {'10-20': 56.650000000000034, '0-10': -2.5999999999999943, '30-end': 310.7000000000001, '20-30': -173.00000000000009}, 'damageTakenPerMinDeltas': {'10-20': 611.3, '0-10': 210.8, '30-end': 1242.6, '20-30': 1058.5}, 'damageTakenDiffPerMinDeltas': {'10-20': -140.20000000000002, '0-10': -43.800000000000026, '30-end': 567.0999999999999, '20-30': 96.70000000000005}, 'role': 'DUO_CARRY', 'lane': 'BOTTOM'}}, {'participantId': 2, 'teamId': 100, 'championId': 111, 'spell1Id': 14, 'spell2Id': 4, 'stats': {'participantId': 2, 'win': True, 'item0': 3193, 'item1': 3109, 'item2': 3860, 'item3': 2055, 'item4': 3082, 'item5': 3117, 'item6': 3364, 'kills': 2, 'deaths': 9, 'assists': 8, 'largestKillingSpree': 2, 'largestMultiKill': 1, 'killingSprees': 1, 'longestTimeSpentLiving': 369, 'doubleKills': 0, 'tripleKills': 0, 'quadraKills': 0, 'pentaKills': 0, 'unrealKills': 0, 'totalDamageDealt': 31719, 'magicDamageDealt': 13890, 'physicalDamageDealt': 8666, 'trueDamageDealt': 9162, 'largestCriticalStrike': 0, 'totalDamageDealtToChampions': 7608, 'magicDamageDealtToChampions': 5084, 'physicalDamageDealtToChampions': 1242, 'trueDamageDealtToChampions': 1281, 'totalHeal': 2613, 'totalUnitsHealed': 5, 'damageSelfMitigated': 47442, 'damageDealtToObjectives': 581, 'damageDealtToTurrets': 130, 'visionScore': 90, 'timeCCingOthers': 53, 'totalDamageTaken': 25367, 'magicalDamageTaken': 7881, 'physicalDamageTaken': 16070, 'trueDamageTaken': 1415, 'goldEarned': 9146, 'goldSpent': 8725, 'turretKills': 0, 'inhibitorKills': 0, 'totalMinionsKilled': 47, 'neutralMinionsKilled': 0, 'neutralMinionsKilledTeamJungle': 0, 'neutralMinionsKilledEnemyJungle': 0, 'totalTimeCrowdControlDealt': 289, 'champLevel': 15, 'visionWardsBoughtInGame': 15, 'sightWardsBoughtInGame': 0, 'wardsPlaced': 42, 'wardsKilled': 15, 'firstBloodKill': False, 'firstBloodAssist': False, 'firstTowerKill': False, 'firstTowerAssist': False, 'firstInhibitorKill': False, 'firstInhibitorAssist': True, 'combatPlayerScore': 0, 'objectivePlayerScore': 0, 'totalPlayerScore': 0, 'totalScoreRank': 0, 'playerScore0': 0, 'playerScore1': 0, 'playerScore2': 0, 'playerScore3': 0, 'playerScore4': 0, 'playerScore5': 0, 'playerScore6': 0, 'playerScore7': 0, 'playerScore8': 0, 'playerScore9': 0, 'perk0': 8439, 'perk0Var1': 695, 'perk0Var2': 0, 'perk0Var3': 0, 'perk1': 8463, 'perk1Var1': 1462, 'perk1Var2': 0, 'perk1Var3': 0, 'perk2': 8473, 'perk2Var1': 785, 'perk2Var2': 0, 'perk2Var3': 0, 'perk3': 8451, 'perk3Var1': 191, 'perk3Var2': 0, 'perk3Var3': 0, 'perk4': 8316, 'perk4Var1': 782, 'perk4Var2': 0, 'perk4Var3': 0, 'perk5': 8313, 'perk5Var1': 0, 'perk5Var2': 0, 'perk5Var3': 0, 'perkPrimaryStyle': 8400, 'perkSubStyle': 8300, 'statPerk0': 5008, 'statPerk1': 5002, 'statPerk2': 5002}, 'timeline': {'participantId': 2, 'creepsPerMinDeltas': {'10-20': 1.2999999999999998, '0-10': 1.2000000000000002, '30-end': 1.2, '20-30': 1}, 'xpPerMinDeltas': {'10-20': 300, '0-10': 262.2, '30-end': 590.4, '20-30': 294.79999999999995}, 'goldPerMinDeltas': {'10-20': 251.10000000000002, '0-10': 173.4, '30-end': 240.6, '20-30': 219.8}, 'csDiffPerMinDeltas': {'10-20': 0.14999999999999947, '0-10': 0.2999999999999994, '30-end': 1.4, '20-30': 0.49999999999999956}, 'xpDiffPerMinDeltas': {'10-20': 56.650000000000034, '0-10': -2.5999999999999943, '30-end': 310.7000000000001, '20-30': -173.00000000000009}, 'damageTakenPerMinDeltas': {'10-20': 358, '0-10': 218.5, '30-end': 1087, '20-30': 972.1}, 'damageTakenDiffPerMinDeltas': {'10-20': -140.20000000000002, '0-10': -43.800000000000026, '30-end': 567.0999999999999, '20-30': 96.70000000000005}, 'role': 'DUO_SUPPORT', 'lane': 'BOTTOM'}}, {'participantId': 3, 'teamId': 100, 'championId': 24, 'spell1Id': 4, 'spell2Id': 12, 'stats': {'participantId': 3, 'win': True, 'item0': 3078, 'item1': 0, 'item2': 3053, 'item3': 3026, 'item4': 3047, 'item5': 3071, 'item6': 3340, 'kills': 4, 'deaths': 5, 'assists': 3, 'largestKillingSpree': 2, 'largestMultiKill': 1, 'killingSprees': 1, 'longestTimeSpentLiving': 939, 'doubleKills': 0, 'tripleKills': 0, 'quadraKills': 0, 'pentaKills': 0, 'unrealKills': 0, 'totalDamageDealt': 227332, 'magicDamageDealt': 48019, 'physicalDamageDealt': 160842, 'trueDamageDealt': 18470, 'largestCriticalStrike': 0, 'totalDamageDealtToChampions': 17158, 'magicDamageDealtToChampions': 4568, 'physicalDamageDealtToChampions': 12379, 'trueDamageDealtToChampions': 210, 'totalHeal': 6610, 'totalUnitsHealed': 1, 'damageSelfMitigated': 31638, 'damageDealtToObjectives': 8286, 'damageDealtToTurrets': 1565, 'visionScore': 42, 'timeCCingOthers': 18, 'totalDamageTaken': 36988, 'magicalDamageTaken': 8936, 'physicalDamageTaken': 24191, 'trueDamageTaken': 3859, 'goldEarned': 14933, 'goldSpent': 14333, 'turretKills': 2, 'inhibitorKills': 0, 'totalMinionsKilled': 266, 'neutralMinionsKilled': 20, 'neutralMinionsKilledTeamJungle': 4, 'neutralMinionsKilledEnemyJungle': 4, 'totalTimeCrowdControlDealt': 199, 'champLevel': 18, 'visionWardsBoughtInGame': 4, 'sightWardsBoughtInGame': 0, 'wardsPlaced': 16, 'wardsKilled': 7, 'firstBloodKill': False, 'firstBloodAssist': False, 'firstTowerKill': False, 'firstTowerAssist': False, 'firstInhibitorKill': False, 'firstInhibitorAssist': False, 'combatPlayerScore': 0, 'objectivePlayerScore': 0, 'totalPlayerScore': 0, 'totalScoreRank': 0, 'playerScore0': 0, 'playerScore1': 0, 'playerScore2': 0, 'playerScore3': 0, 'playerScore4': 0, 'playerScore5': 0, 'playerScore6': 0, 'playerScore7': 1, 'playerScore8': 0, 'playerScore9': 0, 'perk0': 8010, 'perk0Var1': 692, 'perk0Var2': 0, 'perk0Var3': 0, 'perk1': 9111, 'perk1Var1': 917, 'perk1Var2': 140, 'perk1Var3': 0, 'perk2': 9105, 'perk2Var1': 21, 'perk2Var2': 10, 'perk2Var3': 0, 'perk3': 8299, 'perk3Var1': 598, 'perk3Var2': 0, 'perk3Var3': 0, 'perk4': 8304, 'perk4Var1': 11, 'perk4Var2': 1, 'perk4Var3': 5, 'perk5': 8352, 'perk5Var1': 415, 'perk5Var2': 2228, 'perk5Var3': 1566, 'perkPrimaryStyle': 8000, 'perkSubStyle': 8300, 'statPerk0': 5005, 'statPerk1': 5008, 'statPerk2': 5002}, 'timeline': {'participantId': 3, 'creepsPerMinDeltas': {'10-20': 7.9, '0-10': 6.699999999999999, '30-end': 7.6, '20-30': 7.4}, 'xpPerMinDeltas': {'10-20': 507.40000000000003, '0-10': 411.5, '30-end': 652, '20-30': 564.9}, 'goldPerMinDeltas': {'10-20': 395.9, '0-10': 283.9, '30-end': 422.6, '20-30': 442.6}, 'csDiffPerMinDeltas': {'10-20': -2.8000000000000003, '0-10': -0.3000000000000007, '30-end': 4.199999999999999, '20-30': 2.3000000000000007}, 'xpDiffPerMinDeltas': {'10-20': -72.80000000000001, '0-10': -48.5, '30-end': 240, '20-30': 9.5}, 'damageTakenPerMinDeltas': {'10-20': 752.8, '0-10': 468.8, '30-end': 1465, '20-30': 1292.5}, 'damageTakenDiffPerMinDeltas': {'10-20': 318.1, '0-10': 192.6, '30-end': 74, '20-30': 49.89999999999998}, 'role': 'SOLO', 'lane': 'TOP'}}, {'participantId': 4, 'teamId': 100, 'championId': 5, 'spell1Id': 11, 'spell2Id': 4, 'stats': {'participantId': 4, 'win': True, 'item0': 1412, 'item1': 3078, 'item2': 1011, 'item3': 1031, 'item4': 3047, 'item5': 3026, 'item6': 3364, 'kills': 6, 'deaths': 4, 'assists': 7, 'largestKillingSpree': 3, 'largestMultiKill': 1, 'killingSprees': 2, 'longestTimeSpentLiving': 956, 'doubleKills': 0, 'tripleKills': 0, 'quadraKills': 0, 'pentaKills': 0, 'unrealKills': 0, 'totalDamageDealt': 207212, 'magicDamageDealt': 19989, 'physicalDamageDealt': 172170, 'trueDamageDealt': 15053, 'largestCriticalStrike': 0, 'totalDamageDealtToChampions': 12157, 'magicDamageDealtToChampions': 799, 'physicalDamageDealtToChampions': 9407, 'trueDamageDealtToChampions': 1951, 'totalHeal': 20920, 'totalUnitsHealed': 1, 'damageSelfMitigated': 27982, 'damageDealtToObjectives': 39435, 'damageDealtToTurrets': 2663, 'visionScore': 77, 'timeCCingOthers': 20, 'totalDamageTaken': 36558, 'magicalDamageTaken': 10841, 'physicalDamageTaken': 24425, 'trueDamageTaken': 1292, 'goldEarned': 13808, 'goldSpent': 12883, 'turretKills': 2, 'inhibitorKills': 0, 'totalMinionsKilled': 42, 'neutralMinionsKilled': 142, 'neutralMinionsKilledTeamJungle': 100, 'neutralMinionsKilledEnemyJungle': 2, 'totalTimeCrowdControlDealt': 484, 'champLevel': 17, 'visionWardsBoughtInGame': 9, 'sightWardsBoughtInGame': 0, 'wardsPlaced': 27, 'wardsKilled': 13, 'firstBloodKill': True, 'firstBloodAssist': False, 'firstTowerKill': False, 'firstTowerAssist': False, 'firstInhibitorKill': False, 'firstInhibitorAssist': False, 'combatPlayerScore': 0, 'objectivePlayerScore': 0, 'totalPlayerScore': 0, 'totalScoreRank': 0, 'playerScore0': 0, 'playerScore1': 0, 'playerScore2': 0, 'playerScore3': 0, 'playerScore4': 0, 'playerScore5': 0, 'playerScore6': 0, 'playerScore7': 2, 'playerScore8': 0, 'playerScore9': 0, 'perk0': 9923, 'perk0Var1': 46, 'perk0Var2': 90, 'perk0Var3': 0, 'perk1': 8126, 'perk1Var1': 598, 'perk1Var2': 0, 'perk1Var3': 0, 'perk2': 8136, 'perk2Var1': 17, 'perk2Var2': 30, 'perk2Var3': 0, 'perk3': 8105, 'perk3Var1': 15, 'perk3Var2': 5, 'perk3Var3': 0, 'perk4': 9111, 'perk4Var1': 906, 'perk4Var2': 260, 'perk4Var3': 0, 'perk5': 9105, 'perk5Var1': 14, 'perk5Var2': 50, 'perk5Var3': 0, 'perkPrimaryStyle': 8100, 'perkSubStyle': 8000, 'statPerk0': 5005, 'statPerk1': 5008, 'statPerk2': 5002}, 'timeline': {'participantId': 4, 'creepsPerMinDeltas': {'10-20': 0.9, '0-10': 0.1, '30-end': 3.8, '20-30': 0.8}, 'xpPerMinDeltas': {'10-20': 507.4, '0-10': 273.9, '30-end': 790.4, '20-30': 427.2}, 'goldPerMinDeltas': {'10-20': 363.9, '0-10': 316.20000000000005, '30-end': 425.6, '20-30': 342.5}, 'csDiffPerMinDeltas': {'10-20': 0.20000000000000007, '0-10': -0.1, '30-end': 0, '20-30': -0.8999999999999999}, 'xpDiffPerMinDeltas': {'10-20': -32.70000000000002, '0-10': -36.599999999999994, '30-end': 200.79999999999995, '20-30': -103.10000000000002}, 'damageTakenPerMinDeltas': {'10-20': 911.3, '0-10': 650.9, '30-end': 1093, '20-30': 1034}, 'damageTakenDiffPerMinDeltas': {'10-20': -316.50000000000006, '0-10': -68.80000000000001, '30-end': -284.20000000000005, '20-30': -110.30000000000001}, 'role': 'NONE', 'lane': 'JUNGLE'}}, {'participantId': 5, 'teamId': 100, 'championId': 142, 'spell1Id': 14, 'spell2Id': 4, 'stats': {'participantId': 5, 'win': True, 'item0': 1026, 'item1': 1082, 'item2': 3030, 'item3': 3089, 'item4': 3165, 'item5': 3020, 'item6': 3363, 'kills': 2, 'deaths': 4, 'assists': 8, 'largestKillingSpree': 2, 'largestMultiKill': 1, 'killingSprees': 1, 'longestTimeSpentLiving': 1638, 'doubleKills': 0, 'tripleKills': 0, 'quadraKills': 0, 'pentaKills': 0, 'unrealKills': 0, 'totalDamageDealt': 180009, 'magicDamageDealt': 146718, 'physicalDamageDealt': 18007, 'trueDamageDealt': 15283, 'largestCriticalStrike': 0, 'totalDamageDealtToChampions': 20028, 'magicDamageDealtToChampions': 16378, 'physicalDamageDealtToChampions': 1041, 'trueDamageDealtToChampions': 2608, 'totalHeal': 6629, 'totalUnitsHealed': 1, 'damageSelfMitigated': 10979, 'damageDealtToObjectives': 7420, 'damageDealtToTurrets': 4497, 'visionScore': 38, 'timeCCingOthers': 50, 'totalDamageTaken': 22009, 'magicalDamageTaken': 6468, 'physicalDamageTaken': 15282, 'trueDamageTaken': 258, 'goldEarned': 13451, 'goldSpent': 13725, 'turretKills': 2, 'inhibitorKills': 0, 'totalMinionsKilled': 222, 'neutralMinionsKilled': 24, 'neutralMinionsKilledTeamJungle': 12, 'neutralMinionsKilledEnemyJungle': 4, 'totalTimeCrowdControlDealt': 205, 'champLevel': 18, 'visionWardsBoughtInGame': 3, 'sightWardsBoughtInGame': 0, 'wardsPlaced': 15, 'wardsKilled': 4, 'firstBloodKill': False, 'firstBloodAssist': False, 'firstTowerKill': False, 'firstTowerAssist': False, 'firstInhibitorKill': False, 'firstInhibitorAssist': True, 'combatPlayerScore': 0, 'objectivePlayerScore': 0, 'totalPlayerScore': 0, 'totalScoreRank': 0, 'playerScore0': 0, 'playerScore1': 0, 'playerScore2': 0, 'playerScore3': 0, 'playerScore4': 0, 'playerScore5': 0, 'playerScore6': 0, 'playerScore7': 0, 'playerScore8': 0, 'playerScore9': 0, 'perk0': 8112, 'perk0Var1': 903, 'perk0Var2': 0, 'perk0Var3': 0, 'perk1': 8139, 'perk1Var1': 1128, 'perk1Var2': 0, 'perk1Var3': 0, 'perk2': 8120, 'perk2Var1': 1, 'perk2Var2': 8, 'perk2Var3': 3, 'perk3': 8135, 'perk3Var1': 2762, 'perk3Var2': 4, 'perk3Var3': 0, 'perk4': 8352, 'perk4Var1': 218, 'perk4Var2': 1304, 'perk4Var3': 697, 'perk5': 8345, 'perk5Var1': 3, 'perk5Var2': 0, 'perk5Var3': 0, 'perkPrimaryStyle': 8100, 'perkSubStyle': 8300, 'statPerk0': 5008, 'statPerk1': 5008, 'statPerk2': 5003}, 'timeline': {'participantId': 5, 'creepsPerMinDeltas': {'10-20': 9.6, '0-10': 7.3999999999999995, '30-end': 3.2, '20-30': 3.1}, 'xpPerMinDeltas': {'10-20': 567, '0-10': 490.2, '30-end': 697.6, '20-30': 273.8}, 'goldPerMinDeltas': {'10-20': 474.5, '0-10': 297.6, '30-end': 377.6, '20-30': 231.1}, 'csDiffPerMinDeltas': {'10-20': 1.2999999999999994, '0-10': -0.3000000000000007, '30-end': 0, '20-30': -4.1}, 'xpDiffPerMinDeltas': {'10-20': 12.899999999999949, '0-10': 28.5, '30-end': 442.40000000000003, '20-30': -366}, 'damageTakenPerMinDeltas': {'10-20': 184.6, '0-10': 260.7, '30-end': 742.4, '20-30': 1059.7}, 'damageTakenDiffPerMinDeltas': {'10-20': -117.4, '0-10': -63.00000000000002, '30-end': 724.1999999999999, '20-30': 355.5}, 'role': 'SOLO', 'lane': 'MIDDLE'}}, {'participantId': 6, 'teamId': 200, 'championId': 41, 'spell1Id': 4, 'spell2Id': 12, 'stats': {'participantId': 6, 'win': False, 'item0': 3078, 'item1': 3508, 'item2': 3047, 'item3': 2055, 'item4': 3052, 'item5': 3031, 'item6': 3363, 'kills': 6, 'deaths': 5, 'assists': 12, 'largestKillingSpree': 5, 'largestMultiKill': 2, 'killingSprees': 1, 'longestTimeSpentLiving': 919, 'doubleKills': 1, 'tripleKills': 0, 'quadraKills': 0, 'pentaKills': 0, 'unrealKills': 0, 'totalDamageDealt': 281909, 'magicDamageDealt': 17763, 'physicalDamageDealt': 247528, 'trueDamageDealt': 16617, 'largestCriticalStrike': 1117, 'totalDamageDealtToChampions': 30290, 'magicDamageDealtToChampions': 8353, 'physicalDamageDealtToChampions': 18396, 'trueDamageDealtToChampions': 3540, 'totalHeal': 10880, 'totalUnitsHealed': 1, 'damageSelfMitigated': 21245, 'damageDealtToObjectives': 15500, 'damageDealtToTurrets': 2769, 'visionScore': 36, 'timeCCingOthers': 15, 'totalDamageTaken': 29868, 'magicalDamageTaken': 6948, 'physicalDamageTaken': 21847, 'trueDamageTaken': 1073, 'goldEarned': 15720, 'goldSpent': 14248, 'turretKills': 0, 'inhibitorKills': 1, 'totalMinionsKilled': 250, 'neutralMinionsKilled': 13, 'neutralMinionsKilledTeamJungle': 10, 'neutralMinionsKilledEnemyJungle': 0, 'totalTimeCrowdControlDealt': 324, 'champLevel': 18, 'visionWardsBoughtInGame': 9, 'sightWardsBoughtInGame': 0, 'wardsPlaced': 19, 'wardsKilled': 1, 'firstBloodKill': False, 'firstBloodAssist': False, 'firstTowerKill': False, 'firstTowerAssist': False, 'firstInhibitorKill': False, 'firstInhibitorAssist': False, 'combatPlayerScore': 0, 'objectivePlayerScore': 0, 'totalPlayerScore': 0, 'totalScoreRank': 0, 'playerScore0': 0, 'playerScore1': 0, 'playerScore2': 0, 'playerScore3': 0, 'playerScore4': 0, 'playerScore5': 0, 'playerScore6': 1, 'playerScore7': 0, 'playerScore8': 0, 'playerScore9': 0, 'perk0': 8437, 'perk0Var1': 1133, 'perk0Var2': 892, 'perk0Var3': 0, 'perk1': 8446, 'perk1Var1': 1112, 'perk1Var2': 0, 'perk1Var3': 0, 'perk2': 8444, 'perk2Var1': 1008, 'perk2Var2': 0, 'perk2Var3': 0, 'perk3': 8451, 'perk3Var1': 238, 'perk3Var2': 0, 'perk3Var3': 0, 'perk4': 8139, 'perk4Var1': 1300, 'perk4Var2': 0, 'perk4Var3': 0, 'perk5': 8106, 'perk5Var1': 5, 'perk5Var2': 0, 'perk5Var3': 0, 'perkPrimaryStyle': 8400, 'perkSubStyle': 8100, 'statPerk0': 5008, 'statPerk1': 5008, 'statPerk2': 5002}, 'timeline': {'participantId': 6, 'creepsPerMinDeltas': {'10-20': 10.7, '0-10': 7, '30-end': 3.4, '20-30': 5.1}, 'xpPerMinDeltas': {'10-20': 580.2, '0-10': 460, '30-end': 412, '20-30': 555.4}, 'goldPerMinDeltas': {'10-20': 459.9, '0-10': 279.7, '30-end': 319.4, '20-30': 545.2}, 'csDiffPerMinDeltas': {'10-20': 2.8000000000000003, '0-10': 0.3000000000000007, '30-end': -4.199999999999999, '20-30': -2.3000000000000007}, 'xpDiffPerMinDeltas': {'10-20': 72.80000000000001, '0-10': 48.5, '30-end': -240, '20-30': -9.5}, 'damageTakenPerMinDeltas': {'10-20': 434.70000000000005, '0-10': 276.20000000000005, '30-end': 1391, '20-30': 1242.6}, 'damageTakenDiffPerMinDeltas': {'10-20': -318.1, '0-10': -192.6, '30-end': -74, '20-30': -49.89999999999998}, 'role': 'SOLO', 'lane': 'TOP'}}, {'participantId': 7, 'teamId': 200, 'championId': 43, 'spell1Id': 12, 'spell2Id': 4, 'stats': {'participantId': 7, 'win': False, 'item0': 3158, 'item1': 3174, 'item2': 1052, 'item3': 3089, 'item4': 3504, 'item5': 3041, 'item6': 3363, 'kills': 3, 'deaths': 2, 'assists': 11, 'largestKillingSpree': 2, 'largestMultiKill': 1, 'killingSprees': 1, 'longestTimeSpentLiving': 1182, 'doubleKills': 0, 'tripleKills': 0, 'quadraKills': 0, 'pentaKills': 0, 'unrealKills': 0, 'totalDamageDealt': 210837, 'magicDamageDealt': 186977, 'physicalDamageDealt': 20982, 'trueDamageDealt': 2876, 'largestCriticalStrike': 0, 'totalDamageDealtToChampions': 16606, 'magicDamageDealtToChampions': 15407, 'physicalDamageDealtToChampions': 817, 'trueDamageDealtToChampions': 381, 'totalHeal': 6956, 'totalUnitsHealed': 5, 'damageSelfMitigated': 16946, 'damageDealtToObjectives': 4637, 'damageDealtToTurrets': 2375, 'visionScore': 46, 'timeCCingOthers': 22, 'totalDamageTaken': 16079, 'magicalDamageTaken': 4484, 'physicalDamageTaken': 9832, 'trueDamageTaken': 1762, 'goldEarned': 13650, 'goldSpent': 13745, 'turretKills': 0, 'inhibitorKills': 0, 'totalMinionsKilled': 255, 'neutralMinionsKilled': 37, 'neutralMinionsKilledTeamJungle': 33, 'neutralMinionsKilledEnemyJungle': 0, 'totalTimeCrowdControlDealt': 511, 'champLevel': 18, 'visionWardsBoughtInGame': 8, 'sightWardsBoughtInGame': 0, 'wardsPlaced': 20, 'wardsKilled': 7, 'firstBloodKill': False, 'firstBloodAssist': False, 'firstTowerKill': False, 'firstTowerAssist': False, 'firstInhibitorKill': False, 'firstInhibitorAssist': False, 'combatPlayerScore': 0, 'objectivePlayerScore': 0, 'totalPlayerScore': 0, 'totalScoreRank': 0, 'playerScore0': 0, 'playerScore1': 0, 'playerScore2': 0, 'playerScore3': 0, 'playerScore4': 0, 'playerScore5': 0, 'playerScore6': 1, 'playerScore7': 0, 'playerScore8': 0, 'playerScore9': 0, 'perk0': 8214, 'perk0Var1': 1123, 'perk0Var2': 1668, 'perk0Var3': 0, 'perk1': 8226, 'perk1Var1': 250, 'perk1Var2': 1020, 'perk1Var3': 0, 'perk2': 8210, 'perk2Var1': 0, 'perk2Var2': 0, 'perk2Var3': 0, 'perk3': 8237, 'perk3Var1': 448, 'perk3Var2': 0, 'perk3Var3': 0, 'perk4': 8316, 'perk4Var1': 8169, 'perk4Var2': 0, 'perk4Var3': 0, 'perk5': 8347, 'perk5Var1': 0, 'perk5Var2': 0, 'perk5Var3': 0, 'perkPrimaryStyle': 8200, 'perkSubStyle': 8300, 'statPerk0': 5008, 'statPerk1': 5008, 'statPerk2': 5003}, 'timeline': {'participantId': 7, 'creepsPerMinDeltas': {'10-20': 8.3, '0-10': 7.7, '30-end': 3.2, '20-30': 7.2}, 'xpPerMinDeltas': {'10-20': 554.1, '0-10': 461.7, '30-end': 255.2, '20-30': 639.8}, 'goldPerMinDeltas': {'10-20': 377.9, '0-10': 270.2, '30-end': 239.8, '20-30': 469.5}, 'csDiffPerMinDeltas': {'10-20': -1.2999999999999994, '0-10': 0.3000000000000007, '30-end': 0, '20-30': 4.1}, 'xpDiffPerMinDeltas': {'10-20': -12.899999999999949, '0-10': -28.5, '30-end': -442.40000000000003, '20-30': 366}, 'damageTakenPerMinDeltas': {'10-20': 302, '0-10': 323.70000000000005, '30-end': 18.2, '20-30': 704.2}, 'damageTakenDiffPerMinDeltas': {'10-20': 117.4, '0-10': 63.00000000000002, '30-end': -724.1999999999999, '20-30': -355.5}, 'role': 'SOLO', 'lane': 'MIDDLE'}}, {'participantId': 8, 'teamId': 200, 'championId': 203, 'spell1Id': 11, 'spell2Id': 4, 'stats': {'participantId': 8, 'win': False, 'item0': 1412, 'item1': 3094, 'item2': 1033, 'item3': 3071, 'item4': 3031, 'item5': 3006, 'item6': 3364, 'kills': 10, 'deaths': 10, 'assists': 13, 'largestKillingSpree': 3, 'largestMultiKill': 1, 'killingSprees': 3, 'longestTimeSpentLiving': 631, 'doubleKills': 0, 'tripleKills': 0, 'quadraKills': 0, 'pentaKills': 0, 'unrealKills': 0, 'totalDamageDealt': 215672, 'magicDamageDealt': 42853, 'physicalDamageDealt': 164935, 'trueDamageDealt': 7882, 'largestCriticalStrike': 762, 'totalDamageDealtToChampions': 35031, 'magicDamageDealtToChampions': 8299, 'physicalDamageDealtToChampions': 25137, 'trueDamageDealtToChampions': 1594, 'totalHeal': 18893, 'totalUnitsHealed': 11, 'damageSelfMitigated': 22717, 'damageDealtToObjectives': 27357, 'damageDealtToTurrets': 1868, 'visionScore': 34, 'timeCCingOthers': 9, 'totalDamageTaken': 40534, 'magicalDamageTaken': 12603, 'physicalDamageTaken': 26093, 'trueDamageTaken': 1837, 'goldEarned': 14544, 'goldSpent': 14155, 'turretKills': 1, 'inhibitorKills': 0, 'totalMinionsKilled': 45, 'neutralMinionsKilled': 145, 'neutralMinionsKilledTeamJungle': 92, 'neutralMinionsKilledEnemyJungle': 16, 'totalTimeCrowdControlDealt': 198, 'champLevel': 17, 'visionWardsBoughtInGame': 4, 'sightWardsBoughtInGame': 0, 'wardsPlaced': 3, 'wardsKilled': 13, 'firstBloodKill': False, 'firstBloodAssist': False, 'firstTowerKill': True, 'firstTowerAssist': False, 'firstInhibitorKill': False, 'firstInhibitorAssist': False, 'combatPlayerScore': 0, 'objectivePlayerScore': 0, 'totalPlayerScore': 0, 'totalScoreRank': 0, 'playerScore0': 0, 'playerScore1': 0, 'playerScore2': 0, 'playerScore3': 0, 'playerScore4': 0, 'playerScore5': 0, 'playerScore6': 1, 'playerScore7': 0, 'playerScore8': 0, 'playerScore9': 0, 'perk0': 8010, 'perk0Var1': 919, 'perk0Var2': 0, 'perk0Var3': 0, 'perk1': 9111, 'perk1Var1': 1292, 'perk1Var2': 460, 'perk1Var3': 0, 'perk2': 9104, 'perk2Var1': 11, 'perk2Var2': 30, 'perk2Var3': 0, 'perk3': 8014, 'perk3Var1': 921, 'perk3Var2': 0, 'perk3Var3': 0, 'perk4': 8143, 'perk4Var1': 985, 'perk4Var2': 0, 'perk4Var3': 0, 'perk5': 8105, 'perk5Var1': 16, 'perk5Var2': 5, 'perk5Var3': 0, 'perkPrimaryStyle': 8000, 'perkSubStyle': 8100, 'statPerk0': 5005, 'statPerk1': 5008, 'statPerk2': 5002}, 'timeline': {'participantId': 8, 'creepsPerMinDeltas': {'10-20': 0.7, '0-10': 0.2, '30-end': 3.8, '20-30': 1.7}, 'xpPerMinDeltas': {'10-20': 540.1, '0-10': 310.5, '30-end': 589.6, '20-30': 530.3}, 'goldPerMinDeltas': {'10-20': 448.1, '0-10': 303.6, '30-end': 433.4, '20-30': 410.79999999999995}, 'csDiffPerMinDeltas': {'10-20': -0.20000000000000007, '0-10': 0.1, '30-end': 0, '20-30': 0.8999999999999999}, 'xpDiffPerMinDeltas': {'10-20': 32.70000000000002, '0-10': 36.599999999999994, '30-end': -200.79999999999995, '20-30': 103.10000000000002}, 'damageTakenPerMinDeltas': {'10-20': 1227.8000000000002, '0-10': 719.7, '30-end': 1377.2, '20-30': 1144.3000000000002}, 'damageTakenDiffPerMinDeltas': {'10-20': 316.50000000000006, '0-10': 68.80000000000001, '30-end': 284.20000000000005, '20-30': 110.30000000000001}, 'role': 'NONE', 'lane': 'JUNGLE'}}, {'participantId': 9, 'teamId': 200, 'championId': 119, 'spell1Id': 4, 'spell2Id': 7, 'stats': {'participantId': 9, 'win': False, 'item0': 1038, 'item1': 3026, 'item2': 3033, 'item3': 3006, 'item4': 3094, 'item5': 3031, 'item6': 3363, 'kills': 8, 'deaths': 6, 'assists': 9, 'largestKillingSpree': 4, 'largestMultiKill': 2, 'killingSprees': 2, 'longestTimeSpentLiving': 590, 'doubleKills': 1, 'tripleKills': 0, 'quadraKills': 0, 'pentaKills': 0, 'unrealKills': 0, 'totalDamageDealt': 236832, 'magicDamageDealt': 7766, 'physicalDamageDealt': 225031, 'trueDamageDealt': 4034, 'largestCriticalStrike': 1486, 'totalDamageDealtToChampions': 24014, 'magicDamageDealtToChampions': 1317, 'physicalDamageDealtToChampions': 22175, 'trueDamageDealtToChampions': 522, 'totalHeal': 3942, 'totalUnitsHealed': 4, 'damageSelfMitigated': 17318, 'damageDealtToObjectives': 23338, 'damageDealtToTurrets': 7350, 'visionScore': 43, 'timeCCingOthers': 13, 'totalDamageTaken': 26529, 'magicalDamageTaken': 8306, 'physicalDamageTaken': 16750, 'trueDamageTaken': 1472, 'goldEarned': 16758, 'goldSpent': 15650, 'turretKills': 2, 'inhibitorKills': 0, 'totalMinionsKilled': 240, 'neutralMinionsKilled': 32, 'neutralMinionsKilledTeamJungle': 22, 'neutralMinionsKilledEnemyJungle': 1, 'totalTimeCrowdControlDealt': 93, 'champLevel': 16, 'visionWardsBoughtInGame': 2, 'sightWardsBoughtInGame': 0, 'wardsPlaced': 13, 'wardsKilled': 13, 'firstBloodKill': False, 'firstBloodAssist': False, 'firstTowerKill': False, 'firstTowerAssist': True, 'firstInhibitorKill': False, 'firstInhibitorAssist': False, 'combatPlayerScore': 0, 'objectivePlayerScore': 0, 'totalPlayerScore': 0, 'totalScoreRank': 0, 'playerScore0': 0, 'playerScore1': 0, 'playerScore2': 0, 'playerScore3': 0, 'playerScore4': 0, 'playerScore5': 0, 'playerScore6': 2, 'playerScore7': 0, 'playerScore8': 0, 'playerScore9': 0, 'perk0': 8010, 'perk0Var1': 45, 'perk0Var2': 0, 'perk0Var3': 0, 'perk1': 8009, 'perk1Var1': 2808, 'perk1Var2': 500, 'perk1Var3': 0, 'perk2': 9103, 'perk2Var1': 27, 'perk2Var2': 0, 'perk2Var3': 0, 'perk3': 8017, 'perk3Var1': 1125, 'perk3Var2': 0, 'perk3Var3': 0, 'perk4': 8275, 'perk4Var1': 9, 'perk4Var2': 0, 'perk4Var3': 0, 'perk5': 8236, 'perk5Var1': 28, 'perk5Var2': 0, 'perk5Var3': 0, 'perkPrimaryStyle': 8000, 'perkSubStyle': 8200, 'statPerk0': 5005, 'statPerk1': 5008, 'statPerk2': 5002}, 'timeline': {'participantId': 9, 'creepsPerMinDeltas': {'10-20': 7.7, '0-10': 7.800000000000001, '30-end': 4.2, '20-30': 6.1}, 'xpPerMinDeltas': {'10-20': 389.9, '0-10': 311.7, '30-end': 525, '20-30': 516.7}, 'goldPerMinDeltas': {'10-20': 378.4, '0-10': 398.6, '30-end': 572.2, '20-30': 432.79999999999995}, 'csDiffPerMinDeltas': {'10-20': -0.14999999999999947, '0-10': -0.2999999999999994, '30-end': -1.4, '20-30': -0.49999999999999956}, 'xpDiffPerMinDeltas': {'10-20': -56.650000000000034, '0-10': 2.5999999999999943, '30-end': -310.7000000000001, '20-30': 173.00000000000009}, 'damageTakenPerMinDeltas': {'10-20': 793.1, '0-10': 309.5, '30-end': 548.4, '20-30': 1026}, 'damageTakenDiffPerMinDeltas': {'10-20': 140.20000000000002, '0-10': 43.800000000000026, '30-end': -567.0999999999999, '20-30': -96.70000000000005}, 'role': 'DUO_CARRY', 'lane': 'BOTTOM'}}, {'participantId': 10, 'teamId': 200, 'championId': 412, 'spell1Id': 14, 'spell2Id': 4, 'stats': {'participantId': 10, 'win': False, 'item0': 3117, 'item1': 3857, 'item2': 3050, 'item3': 2055, 'item4': 3193, 'item5': 3067, 'item6': 3364, 'kills': 2, 'deaths': 2, 'assists': 20, 'largestKillingSpree': 0, 'largestMultiKill': 1, 'killingSprees': 0, 'longestTimeSpentLiving': 883, 'doubleKills': 0, 'tripleKills': 0, 'quadraKills': 0, 'pentaKills': 0, 'unrealKills': 0, 'totalDamageDealt': 32769, 'magicDamageDealt': 17651, 'physicalDamageDealt': 10735, 'trueDamageDealt': 4382, 'largestCriticalStrike': 0, 'totalDamageDealtToChampions': 6763, 'magicDamageDealtToChampions': 4560, 'physicalDamageDealtToChampions': 955, 'trueDamageDealtToChampions': 1248, 'totalHeal': 4217, 'totalUnitsHealed': 1, 'damageSelfMitigated': 35943, 'damageDealtToObjectives': 5367, 'damageDealtToTurrets': 2664, 'visionScore': 86, 'timeCCingOthers': 28, 'totalDamageTaken': 22203, 'magicalDamageTaken': 7667, 'physicalDamageTaken': 12858, 'trueDamageTaken': 1677, 'goldEarned': 9364, 'goldSpent': 9075, 'turretKills': 2, 'inhibitorKills': 0, 'totalMinionsKilled': 31, 'neutralMinionsKilled': 0, 'neutralMinionsKilledTeamJungle': 0, 'neutralMinionsKilledEnemyJungle': 0, 'totalTimeCrowdControlDealt': 121, 'champLevel': 16, 'visionWardsBoughtInGame': 19, 'sightWardsBoughtInGame': 0, 'wardsPlaced': 58, 'wardsKilled': 7, 'firstBloodKill': False, 'firstBloodAssist': False, 'firstTowerKill': False, 'firstTowerAssist': True, 'firstInhibitorKill': False, 'firstInhibitorAssist': False, 'combatPlayerScore': 0, 'objectivePlayerScore': 0, 'totalPlayerScore': 0, 'totalScoreRank': 0, 'playerScore0': 0, 'playerScore1': 0, 'playerScore2': 0, 'playerScore3': 0, 'playerScore4': 0, 'playerScore5': 0, 'playerScore6': 1, 'playerScore7': 0, 'playerScore8': 0, 'playerScore9': 0, 'perk0': 8439, 'perk0Var1': 712, 'perk0Var2': 0, 'perk0Var3': 0, 'perk1': 8446, 'perk1Var1': 1380, 'perk1Var2': 0, 'perk1Var3': 0, 'perk2': 8473, 'perk2Var1': 721, 'perk2Var2': 0, 'perk2Var3': 0, 'perk3': 8242, 'perk3Var1': 12, 'perk3Var2': 0, 'perk3Var3': 0, 'perk4': 8313, 'perk4Var1': 0, 'perk4Var2': 0, 'perk4Var3': 0, 'perk5': 8345, 'perk5Var1': 3, 'perk5Var2': 0, 'perk5Var3': 0, 'perkPrimaryStyle': 8400, 'perkSubStyle': 8300, 'statPerk0': 5005, 'statPerk1': 5002, 'statPerk2': 5003}, 'timeline': {'participantId': 10, 'creepsPerMinDeltas': {'10-20': 1.3, '0-10': 1.5, '30-end': 0.2, '20-30': 0.2}, 'xpPerMinDeltas': {'10-20': 334.4, '0-10': 278.6, '30-end': 497.4, '20-30': 531}, 'goldPerMinDeltas': {'10-20': 278.6, '0-10': 175, '30-end': 199.6, '20-30': 284.7}, 'csDiffPerMinDeltas': {'10-20': -0.14999999999999947, '0-10': -0.2999999999999994, '30-end': -1.4, '20-30': -0.49999999999999956}, 'xpDiffPerMinDeltas': {'10-20': -56.650000000000034, '0-10': 2.5999999999999943, '30-end': -310.7000000000001, '20-30': 173.00000000000009}, 'damageTakenPerMinDeltas': {'10-20': 456.6, '0-10': 207.4, '30-end': 647, '20-30': 811.2}, 'damageTakenDiffPerMinDeltas': {'10-20': 140.20000000000002, '0-10': 43.800000000000026, '30-end': -567.0999999999999, '20-30': -96.70000000000005}, 'role': 'DUO_SUPPORT', 'lane': 'BOTTOM'}}]",KR,420.0,13.0,,
25,1583744801401.0,984.0,4205778093.0,CLASSIC,MATCHED_GAME,10.5.311.166,11.0,"[{'participantId': 1, 'player': {'platformId': 'KR', 'accountId': 'C0dtu3kldUbAXxDd6cwe43YpdQ9jNMFCGV_XUVmkM9gWR4rqBW7FKlxd', 'summonerName': '싫은일 퓨즈', 'summonerId': 'Lj4PpBkMVCyv7PfOPEGrj66FLmL3H4wxJeBCiSPdeBGHoBY', 'currentPlatformId': 'KR', 'currentAccountId': 'C0dtu3kldUbAXxDd6cwe43YpdQ9jNMFCGV_XUVmkM9gWR4rqBW7FKlxd', 'matchHistoryUri': '/v1/stats/player_history/KR/2383284316892864', 'profileIcon': 29}}, {'participantId': 2, 'player': {'platformId': 'KR', 'accountId': 'G-67Z2aeFt8eQZN-FrDNSYL-kr5AovLI50kw70GOnpzJh8qT0K9IDCIZ', 'summonerName': 'AlphaGo test 03', 'summonerId': 'YjHHyR1GtE9KsuRWvPkjKBtDZ8O8uuUDRKEiqt9Npx1TlZs', 'currentPlatformId': 'KR', 'currentAccountId': 'G-67Z2aeFt8eQZN-FrDNSYL-kr5AovLI50kw70GOnpzJh8qT0K9IDCIZ', 'matchHistoryUri': '/v1/stats/player_history/KR/2227705121460192', 'profileIcon': 19}}, {'participantId': 3, 'player': {'platformId': 'KR', 'accountId': 'IIWG7FRiqE8CuZaCslKkNxkglwpgnePPxDslb2tv66FKrgo', 'summonerName': 'Youtube Thal', 'summonerId': '8Cx100isJ6RMMeOmUX_-Wg0CESabVTYk-e8P8Ijj3zuIiB4', 'currentPlatformId': 'KR', 'currentAccountId': 'IIWG7FRiqE8CuZaCslKkNxkglwpgnePPxDslb2tv66FKrgo', 'matchHistoryUri': '/v1/stats/player_history/KR/201236882', 'profileIcon': 4090}}, {'participantId': 4, 'player': {'platformId': 'KR', 'accountId': '01fKKDfDTEV5v5hOuOEg6gMQw-LaZE90W0stwnGS6uRYLrE', 'summonerName': 'Gen G Ruler', 'summonerId': '55qN-1wEpKN43nR7p23_8kl-CYFLBo3rXaL259f_I8ZoJvc', 'currentPlatformId': 'KR', 'currentAccountId': '01fKKDfDTEV5v5hOuOEg6gMQw-LaZE90W0stwnGS6uRYLrE', 'matchHistoryUri': '/v1/stats/player_history/KR/206358340', 'profileIcon': 3587}}, {'participantId': 5, 'player': {'platformId': 'KR', 'accountId': 'E_FpclpYoQnKSq8qWmc1l2Ef5NPaCoOebB6cmALGzlCDh8k', 'summonerName': 'Co24', 'summonerId': '-um3GEN_gqLxGQ5k57ouFqeU78KDg0JlNQ6Z-QBFoFQGtgc', 'currentPlatformId': 'KR', 'currentAccountId': 'E_FpclpYoQnKSq8qWmc1l2Ef5NPaCoOebB6cmALGzlCDh8k', 'matchHistoryUri': '/v1/stats/player_history/KR/205852558', 'profileIcon': 1301}}, {'participantId': 6, 'player': {'platformId': 'KR', 'accountId': 'k9fNBRC8yXeqIJg2X3Tq3Ko2YuxFUd4fRfFSqC0Glyyk3Ds', 'summonerName': 'GIDE0N', 'summonerId': 'VRJ3UE5P3xbH7fAWhVv8teJ3vEDmYmTv9TCq59iZRrxdld0', 'currentPlatformId': 'KR', 'currentAccountId': 'k9fNBRC8yXeqIJg2X3Tq3Ko2YuxFUd4fRfFSqC0Glyyk3Ds', 'matchHistoryUri': '/v1/stats/player_history/KR/210316631', 'profileIcon': 25}}, {'participantId': 7, 'player': {'platformId': 'KR', 'accountId': '0Q7379Ty2e9XGPEDxj8kNyY7dkypmRZoTtqyyK9obUT0d6nMV05_g1UE', 'summonerName': 'T1 Canna', 'summonerId': 'B-Gr3-KbM2AXGZsyhCDmf6oU03Nhf-ZkARqtIB4Eu_UQRdc', 'currentPlatformId': 'KR', 'currentAccountId': '0Q7379Ty2e9XGPEDxj8kNyY7dkypmRZoTtqyyK9obUT0d6nMV05_g1UE', 'matchHistoryUri': '/v1/stats/player_history/KR/1953643177176192', 'profileIcon': 4418}}, {'participantId': 8, 'player': {'platformId': 'KR', 'accountId': 'oEEfKZhHycdHFB86x1iTmXPfa7nACGS5PzHeddpbHA5_', 'summonerName': '나는대포너는머포', 'summonerId': 'vmxz3hK9o_k2uGte_AczeXW8stno5l_HvrO1t61DM-Y5_g', 'currentPlatformId': 'KR', 'currentAccountId': 'oEEfKZhHycdHFB86x1iTmXPfa7nACGS5PzHeddpbHA5_', 'matchHistoryUri': '/v1/stats/player_history/KR/1367961', 'profileIcon': 18}}, {'participantId': 9, 'player': {'platformId': 'KR', 'accountId': 'xh_pYeUlSCptmRYffYqwmFS_o1CJwVcOsWcC6BV_SK42KS4', 'summonerName': 'Gen G HaYoon', 'summonerId': 'UUZSMax82sfqWNDYNeoP5i_KIEtAyf5IikTrL05l6XNBJz0', 'currentPlatformId': 'KR', 'currentAccountId': 'xh_pYeUlSCptmRYffYqwmFS_o1CJwVcOsWcC6BV_SK42KS4', 'matchHistoryUri': '/v1/stats/player_history/KR/206493908', 'profileIcon': 4353}}, {'participantId': 10, 'player': {'platformId': 'KR', 'accountId': 'wtZnV0z3tje2LO8BMto9XSbo6KVETAdubKKnoBPOvGfs1e4', 'summonerName': '섹시남캠 최현우', 'summonerId': 'LSewKZpM7exFcEbj1KB-EvXPy-CJR2gTUe_sTCaAGy7cxeY', 'currentPlatformId': 'KR', 'currentAccountId': 'wtZnV0z3tje2LO8BMto9XSbo6KVETAdubKKnoBPOvGfs1e4', 'matchHistoryUri': '/v1/stats/player_history/KR/200398216', 'profileIcon': 4285}}]","[{'participantId': 1, 'teamId': 100, 'championId': 7, 'spell1Id': 14, 'spell2Id': 4, 'stats': {'participantId': 1, 'win': True, 'item0': 2033, 'item1': 3041, 'item2': 3285, 'item3': 1052, 'item4': 3020, 'item5': 2055, 'item6': 3364, 'kills': 11, 'deaths': 0, 'assists': 5, 'largestKillingSpree': 11, 'largestMultiKill': 1, 'killingSprees': 1, 'longestTimeSpentLiving': 0, 'doubleKills': 0, 'tripleKills': 0, 'quadraKills': 0, 'pentaKills': 0, 'unrealKills': 0, 'totalDamageDealt': 64272, 'magicDamageDealt': 48482, 'physicalDamageDealt': 9484, 'trueDamageDealt': 6305, 'largestCriticalStrike': 0, 'totalDamageDealtToChampions': 15968, 'magicDamageDealtToChampions': 13148, 'physicalDamageDealtToChampions': 2259, 'trueDamageDealtToChampions': 560, 'totalHeal': 4182, 'totalUnitsHealed': 1, 'damageSelfMitigated': 4042, 'damageDealtToObjectives': 1545, 'damageDealtToTurrets': 1545, 'visionScore': 13, 'timeCCingOthers': 12, 'totalDamageTaken': 9669, 'magicalDamageTaken': 5233, 'physicalDamageTaken': 4330, 'trueDamageTaken': 106, 'goldEarned': 7827, 'goldSpent': 6860, 'turretKills': 0, 'inhibitorKills': 0, 'totalMinionsKilled': 108, 'neutralMinionsKilled': 8, 'neutralMinionsKilledTeamJungle': 4, 'neutralMinionsKilledEnemyJungle': 4, 'totalTimeCrowdControlDealt': 14, 'champLevel': 11, 'visionWardsBoughtInGame': 3, 'sightWardsBoughtInGame': 0, 'wardsPlaced': 6, 'wardsKilled': 1, 'firstBloodKill': False, 'firstBloodAssist': False, 'firstTowerKill': False, 'firstTowerAssist': False, 'combatPlayerScore': 0, 'objectivePlayerScore': 0, 'totalPlayerScore': 0, 'totalScoreRank': 0, 'playerScore0': 0, 'playerScore1': 0, 'playerScore2': 0, 'playerScore3': 0, 'playerScore4': 0, 'playerScore5': 0, 'playerScore6': 0, 'playerScore7': 0, 'playerScore8': 0, 'playerScore9': 0, 'perk0': 8112, 'perk0Var1': 1091, 'perk0Var2': 0, 'perk0Var3': 0, 'perk1': 8139, 'perk1Var1': 654, 'perk1Var2': 0, 'perk1Var3': 0, 'perk2': 8120, 'perk2Var1': 1, 'perk2Var2': 10, 'perk2Var3': 4, 'perk3': 8135, 'perk3Var1': 1506, 'perk3Var2': 5, 'perk3Var3': 0, 'perk4': 8345, 'perk4Var1': 3, 'perk4Var2': 0, 'perk4Var3': 0, 'perk5': 8352, 'perk5Var1': 229, 'perk5Var2': 1432, 'perk5Var3': 982, 'perkPrimaryStyle': 8100, 'perkSubStyle': 8300, 'statPerk0': 5008, 'statPerk1': 5008, 'statPerk2': 5003}, 'timeline': {'participantId': 1, 'creepsPerMinDeltas': {'0-10': 7}, 'xpPerMinDeltas': {'0-10': 475.3}, 'goldPerMinDeltas': {'0-10': 366.7}, 'csDiffPerMinDeltas': {'0-10': 0.9800000000000002}, 'xpDiffPerMinDeltas': {'0-10': 91.66}, 'damageTakenPerMinDeltas': {'0-10': 374.79999999999995}, 'damageTakenDiffPerMinDeltas': {'0-10': -130.48000000000005}, 'role': 'DUO_SUPPORT', 'lane': 'NONE'}}, {'participantId': 2, 'teamId': 100, 'championId': 432, 'spell1Id': 14, 'spell2Id': 4, 'stats': {'participantId': 2, 'win': True, 'item0': 3117, 'item1': 0, 'item2': 3107, 'item3': 3859, 'item4': 0, 'item5': 0, 'item6': 3364, 'kills': 2, 'deaths': 0, 'assists': 11, 'largestKillingSpree': 2, 'largestMultiKill': 1, 'killingSprees': 1, 'longestTimeSpentLiving': 0, 'doubleKills': 0, 'tripleKills': 0, 'quadraKills': 0, 'pentaKills': 0, 'unrealKills': 0, 'totalDamageDealt': 13612, 'magicDamageDealt': 6978, 'physicalDamageDealt': 3194, 'trueDamageDealt': 3438, 'largestCriticalStrike': 0, 'totalDamageDealtToChampions': 5127, 'magicDamageDealtToChampions': 3330, 'physicalDamageDealtToChampions': 1468, 'trueDamageDealtToChampions': 328, 'totalHeal': 2581, 'totalUnitsHealed': 5, 'damageSelfMitigated': 2612, 'damageDealtToObjectives': 0, 'damageDealtToTurrets': 0, 'visionScore': 34, 'timeCCingOthers': 20, 'totalDamageTaken': 3754, 'magicalDamageTaken': 1405, 'physicalDamageTaken': 2349, 'trueDamageTaken': 0, 'goldEarned': 4863, 'goldSpent': 3975, 'turretKills': 0, 'inhibitorKills': 0, 'totalMinionsKilled': 20, 'neutralMinionsKilled': 0, 'neutralMinionsKilledTeamJungle': 0, 'neutralMinionsKilledEnemyJungle': 0, 'totalTimeCrowdControlDealt': 97, 'champLevel': 10, 'visionWardsBoughtInGame': 5, 'sightWardsBoughtInGame': 0, 'wardsPlaced': 23, 'wardsKilled': 3, 'firstBloodKill': False, 'firstBloodAssist': False, 'firstTowerKill': False, 'firstTowerAssist': False, 'combatPlayerScore': 0, 'objectivePlayerScore': 0, 'totalPlayerScore': 0, 'totalScoreRank': 0, 'playerScore0': 0, 'playerScore1': 0, 'playerScore2': 0, 'playerScore3': 0, 'playerScore4': 0, 'playerScore5': 0, 'playerScore6': 0, 'playerScore7': 0, 'playerScore8': 0, 'playerScore9': 0, 'perk0': 8465, 'perk0Var1': 815, 'perk0Var2': 0, 'perk0Var3': 0, 'perk1': 8463, 'perk1Var1': 689, 'perk1Var2': 0, 'perk1Var3': 0, 'perk2': 8473, 'perk2Var1': 342, 'perk2Var2': 0, 'perk2Var3': 0, 'perk3': 8453, 'perk3Var1': 239, 'perk3Var2': 111, 'perk3Var3': 0, 'perk4': 8136, 'perk4Var1': 7, 'perk4Var2': 14, 'perk4Var3': 0, 'perk5': 8105, 'perk5Var1': 13, 'perk5Var2': 4, 'perk5Var3': 0, 'perkPrimaryStyle': 8400, 'perkSubStyle': 8100, 'statPerk0': 5008, 'statPerk1': 5008, 'statPerk2': 5002}, 'timeline': {'participantId': 2, 'creepsPerMinDeltas': {'0-10': 1.2}, 'xpPerMinDeltas': {'0-10': 347.6}, 'goldPerMinDeltas': {'0-10': 221.2}, 'csDiffPerMinDeltas': {'0-10': 0.9800000000000002}, 'xpDiffPerMinDeltas': {'0-10': 91.66}, 'damageTakenPerMinDeltas': {'0-10': 152.4}, 'damageTakenDiffPerMinDeltas': {'0-10': -130.48000000000005}, 'role': 'DUO_SUPPORT', 'lane': 'NONE'}}, {'participantId': 3, 'teamId': 100, 'championId': 236, 'spell1Id': 4, 'spell2Id': 12, 'stats': {'participantId': 3, 'win': True, 'item0': 3153, 'item1': 2033, 'item2': 2010, 'item3': 2055, 'item4': 3006, 'item5': 3071, 'item6': 3363, 'kills': 6, 'deaths': 1, 'assists': 4, 'largestKillingSpree': 4, 'largestMultiKill': 1, 'killingSprees': 2, 'longestTimeSpentLiving': 555, 'doubleKills': 0, 'tripleKills': 0, 'quadraKills': 0, 'pentaKills': 0, 'unrealKills': 0, 'totalDamageDealt': 77878, 'magicDamageDealt': 3334, 'physicalDamageDealt': 70088, 'trueDamageDealt': 4456, 'largestCriticalStrike': 0, 'totalDamageDealtToChampions': 11943, 'magicDamageDealtToChampions': 694, 'physicalDamageDealtToChampions': 10961, 'trueDamageDealtToChampions': 288, 'totalHeal': 1260, 'totalUnitsHealed': 1, 'damageSelfMitigated': 2766, 'damageDealtToObjectives': 3026, 'damageDealtToTurrets': 3026, 'visionScore': 16, 'timeCCingOthers': 3, 'totalDamageTaken': 6516, 'magicalDamageTaken': 3186, 'physicalDamageTaken': 3329, 'trueDamageTaken': 0, 'goldEarned': 8634, 'goldSpent': 8275, 'turretKills': 1, 'inhibitorKills': 0, 'totalMinionsKilled': 122, 'neutralMinionsKilled': 18, 'neutralMinionsKilledTeamJungle': 8, 'neutralMinionsKilledEnemyJungle': 10, 'totalTimeCrowdControlDealt': 56, 'champLevel': 12, 'visionWardsBoughtInGame': 5, 'sightWardsBoughtInGame': 0, 'wardsPlaced': 8, 'wardsKilled': 1, 'firstBloodKill': False, 'firstBloodAssist': False, 'firstTowerKill': False, 'firstTowerAssist': True, 'combatPlayerScore': 0, 'objectivePlayerScore': 0, 'totalPlayerScore': 0, 'totalScoreRank': 0, 'playerScore0': 0, 'playerScore1': 0, 'playerScore2': 0, 'playerScore3': 0, 'playerScore4': 0, 'playerScore5': 0, 'playerScore6': 0, 'playerScore7': 0, 'playerScore8': 0, 'playerScore9': 0, 'perk0': 8005, 'perk0Var1': 1195, 'perk0Var2': 796, 'perk0Var3': 398, 'perk1': 8009, 'perk1Var1': 1868, 'perk1Var2': 500, 'perk1Var3': 0, 'perk2': 9104, 'perk2Var1': 12, 'perk2Var2': 30, 'perk2Var3': 0, 'perk3': 8014, 'perk3Var1': 354, 'perk3Var2': 0, 'perk3Var3': 0, 'perk4': 8345, 'perk4Var1': 3, 'perk4Var2': 0, 'perk4Var3': 0, 'perk5': 8352, 'perk5Var1': 123, 'perk5Var2': 682, 'perk5Var3': 416, 'perkPrimaryStyle': 8000, 'perkSubStyle': 8300, 'statPerk0': 5005, 'statPerk1': 5008, 'statPerk2': 5003}, 'timeline': {'participantId': 3, 'creepsPerMinDeltas': {'0-10': 7.699999999999999}, 'xpPerMinDeltas': {'0-10': 464.5}, 'goldPerMinDeltas': {'0-10': 352.5}, 'csDiffPerMinDeltas': {'0-10': 0.9800000000000002}, 'xpDiffPerMinDeltas': {'0-10': 91.66}, 'damageTakenPerMinDeltas': {'0-10': 273.7}, 'damageTakenDiffPerMinDeltas': {'0-10': -130.48000000000005}, 'role': 'DUO_SUPPORT', 'lane': 'NONE'}}, {'participantId': 4, 'teamId': 100, 'championId': 145, 'spell1Id': 4, 'spell2Id': 7, 'stats': {'participantId': 4, 'win': True, 'item0': 2031, 'item1': 3004, 'item2': 3006, 'item3': 1037, 'item4': 1083, 'item5': 1055, 'item6': 3340, 'kills': 3, 'deaths': 2, 'assists': 4, 'largestKillingSpree': 2, 'largestMultiKill': 1, 'killingSprees': 1, 'longestTimeSpentLiving': 355, 'doubleKills': 0, 'tripleKills': 0, 'quadraKills': 0, 'pentaKills': 0, 'unrealKills': 0, 'totalDamageDealt': 62059, 'magicDamageDealt': 4646, 'physicalDamageDealt': 56849, 'trueDamageDealt': 564, 'largestCriticalStrike': 0, 'totalDamageDealtToChampions': 5552, 'magicDamageDealtToChampions': 1369, 'physicalDamageDealtToChampions': 4060, 'trueDamageDealtToChampions': 122, 'totalHeal': 1553, 'totalUnitsHealed': 2, 'damageSelfMitigated': 3659, 'damageDealtToObjectives': 5767, 'damageDealtToTurrets': 5445, 'visionScore': 16, 'timeCCingOthers': 1, 'totalDamageTaken': 7650, 'magicalDamageTaken': 2659, 'physicalDamageTaken': 4853, 'trueDamageTaken': 137, 'goldEarned': 7901, 'goldSpent': 5550, 'turretKills': 2, 'inhibitorKills': 0, 'totalMinionsKilled': 138, 'neutralMinionsKilled': 5, 'neutralMinionsKilledTeamJungle': 0, 'neutralMinionsKilledEnemyJungle': 4, 'totalTimeCrowdControlDealt': 34, 'champLevel': 10, 'visionWardsBoughtInGame': 1, 'sightWardsBoughtInGame': 0, 'wardsPlaced': 6, 'wardsKilled': 3, 'firstBloodKill': False, 'firstBloodAssist': False, 'firstTowerKill': False, 'firstTowerAssist': False, 'combatPlayerScore': 0, 'objectivePlayerScore': 0, 'totalPlayerScore': 0, 'totalScoreRank': 0, 'playerScore0': 0, 'playerScore1': 0, 'playerScore2': 0, 'playerScore3': 0, 'playerScore4': 0, 'playerScore5': 0, 'playerScore6': 0, 'playerScore7': 0, 'playerScore8': 0, 'playerScore9': 0, 'perk0': 8005, 'perk0Var1': 343, 'perk0Var2': 277, 'perk0Var3': 66, 'perk1': 9111, 'perk1Var1': 260, 'perk1Var2': 140, 'perk1Var3': 0, 'perk2': 9103, 'perk2Var1': 0, 'perk2Var2': 0, 'perk2Var3': 0, 'perk3': 8017, 'perk3Var1': 95, 'perk3Var2': 0, 'perk3Var3': 0, 'perk4': 8236, 'perk4Var1': 4, 'perk4Var2': 0, 'perk4Var3': 0, 'perk5': 8275, 'perk5Var1': 5, 'perk5Var2': 0, 'perk5Var3': 0, 'perkPrimaryStyle': 8000, 'perkSubStyle': 8200, 'statPerk0': 5005, 'statPerk1': 5008, 'statPerk2': 5002}, 'timeline': {'participantId': 4, 'creepsPerMinDeltas': {'0-10': 7.4}, 'xpPerMinDeltas': {'0-10': 350.29999999999995}, 'goldPerMinDeltas': {'0-10': 358.6}, 'csDiffPerMinDeltas': {'0-10': 0.9800000000000002}, 'xpDiffPerMinDeltas': {'0-10': 91.66}, 'damageTakenPerMinDeltas': {'0-10': 303.1}, 'damageTakenDiffPerMinDeltas': {'0-10': -130.48000000000005}, 'role': 'DUO_SUPPORT', 'lane': 'NONE'}}, {'participantId': 5, 'teamId': 100, 'championId': 64, 'spell1Id': 4, 'spell2Id': 11, 'stats': {'participantId': 5, 'win': True, 'item0': 1400, 'item1': 2031, 'item2': 0, 'item3': 3111, 'item4': 3044, 'item5': 1028, 'item6': 3340, 'kills': 4, 'deaths': 0, 'assists': 10, 'largestKillingSpree': 4, 'largestMultiKill': 1, 'killingSprees': 1, 'longestTimeSpentLiving': 0, 'doubleKills': 0, 'tripleKills': 0, 'quadraKills': 0, 'pentaKills': 0, 'unrealKills': 0, 'totalDamageDealt': 83702, 'magicDamageDealt': 14027, 'physicalDamageDealt': 62584, 'trueDamageDealt': 7090, 'largestCriticalStrike': 0, 'totalDamageDealtToChampions': 7182, 'magicDamageDealtToChampions': 995, 'physicalDamageDealtToChampions': 5337, 'trueDamageDealtToChampions': 850, 'totalHeal': 4517, 'totalUnitsHealed': 1, 'damageSelfMitigated': 10641, 'damageDealtToObjectives': 20965, 'damageDealtToTurrets': 1007, 'visionScore': 18, 'timeCCingOthers': 12, 'totalDamageTaken': 11920, 'magicalDamageTaken': 2397, 'physicalDamageTaken': 9447, 'trueDamageTaken': 75, 'goldEarned': 7320, 'goldSpent': 6050, 'turretKills': 2, 'inhibitorKills': 0, 'totalMinionsKilled': 14, 'neutralMinionsKilled': 71, 'neutralMinionsKilledTeamJungle': 34, 'neutralMinionsKilledEnemyJungle': 10, 'totalTimeCrowdControlDealt': 380, 'champLevel': 10, 'visionWardsBoughtInGame': 7, 'sightWardsBoughtInGame': 0, 'wardsPlaced': 12, 'wardsKilled': 1, 'firstBloodKill': True, 'firstBloodAssist': False, 'firstTowerKill': True, 'firstTowerAssist': False, 'combatPlayerScore': 0, 'objectivePlayerScore': 0, 'totalPlayerScore': 0, 'totalScoreRank': 0, 'playerScore0': 0, 'playerScore1': 0, 'playerScore2': 0, 'playerScore3': 0, 'playerScore4': 0, 'playerScore5': 0, 'playerScore6': 0, 'playerScore7': 0, 'playerScore8': 0, 'playerScore9': 0, 'perk0': 8010, 'perk0Var1': 165, 'perk0Var2': 0, 'perk0Var3': 0, 'perk1': 9111, 'perk1Var1': 489, 'perk1Var2': 280, 'perk1Var3': 0, 'perk2': 9104, 'perk2Var1': 8, 'perk2Var2': 40, 'perk2Var3': 0, 'perk3': 8014, 'perk3Var1': 138, 'perk3Var2': 0, 'perk3Var3': 0, 'perk4': 8347, 'perk4Var1': 0, 'perk4Var2': 0, 'perk4Var3': 0, 'perk5': 8313, 'perk5Var1': 0, 'perk5Var2': 0, 'perk5Var3': 0, 'perkPrimaryStyle': 8000, 'perkSubStyle': 8300, 'statPerk0': 5005, 'statPerk1': 5008, 'statPerk2': 5002}, 'timeline': {'participantId': 5, 'creepsPerMinDeltas': {'0-10': 0.3}, 'xpPerMinDeltas': {'0-10': 363.5}, 'goldPerMinDeltas': {'0-10': 373.2}, 'csDiffPerMinDeltas': {'0-10': 0.9800000000000002}, 'xpDiffPerMinDeltas': {'0-10': 91.66}, 'damageTakenPerMinDeltas': {'0-10': 612.2}, 'damageTakenDiffPerMinDeltas': {'0-10': -130.48000000000005}, 'role': 'DUO_SUPPORT', 'lane': 'NONE'}}, {'participantId': 6, 'teamId': 200, 'championId': 59, 'spell1Id': 11, 'spell2Id': 4, 'stats': {'participantId': 6, 'win': False, 'item0': 1413, 'item1': 2031, 'item2': 1029, 'item3': 2424, 'item4': 3047, 'item5': 0, 'item6': 3364, 'kills': 0, 'deaths': 5, 'assists': 2, 'largestKillingSpree': 0, 'largestMultiKill': 0, 'killingSprees': 0, 'longestTimeSpentLiving': 288, 'doubleKills': 0, 'tripleKills': 0, 'quadraKills': 0, 'pentaKills': 0, 'unrealKills': 0, 'totalDamageDealt': 45797, 'magicDamageDealt': 11637, 'physicalDamageDealt': 31068, 'trueDamageDealt': 3091, 'largestCriticalStrike': 0, 'totalDamageDealtToChampions': 3241, 'magicDamageDealtToChampions': 314, 'physicalDamageDealtToChampions': 2607, 'trueDamageDealtToChampions': 318, 'totalHeal': 2257, 'totalUnitsHealed': 1, 'damageSelfMitigated': 6201, 'damageDealtToObjectives': 1298, 'damageDealtToTurrets': 416, 'visionScore': 16, 'timeCCingOthers': 7, 'totalDamageTaken': 10790, 'magicalDamageTaken': 4827, 'physicalDamageTaken': 5770, 'trueDamageTaken': 192, 'goldEarned': 4166, 'goldSpent': 4125, 'turretKills': 0, 'inhibitorKills': 0, 'totalMinionsKilled': 21, 'neutralMinionsKilled': 51, 'neutralMinionsKilledTeamJungle': 40, 'neutralMinionsKilledEnemyJungle': 0, 'totalTimeCrowdControlDealt': 209, 'champLevel': 8, 'visionWardsBoughtInGame': 1, 'sightWardsBoughtInGame': 0, 'wardsPlaced': 2, 'wardsKilled': 5, 'firstBloodKill': False, 'firstBloodAssist': False, 'firstTowerKill': False, 'firstTowerAssist': False, 'combatPlayerScore': 0, 'objectivePlayerScore': 0, 'totalPlayerScore': 0, 'totalScoreRank': 0, 'playerScore0': 0, 'playerScore1': 0, 'playerScore2': 0, 'playerScore3': 0, 'playerScore4': 0, 'playerScore5': 0, 'playerScore6': 0, 'playerScore7': 0, 'playerScore8': 0, 'playerScore9': 0, 'perk0': 8010, 'perk0Var1': 82, 'perk0Var2': 0, 'perk0Var3': 0, 'perk1': 9111, 'perk1Var1': 33, 'perk1Var2': 40, 'perk1Var3': 0, 'perk2': 9104, 'perk2Var1': 0, 'perk2Var2': 0, 'perk2Var3': 0, 'perk3': 8014, 'perk3Var1': 44, 'perk3Var2': 0, 'perk3Var3': 0, 'perk4': 8313, 'perk4Var1': 0, 'perk4Var2': 0, 'perk4Var3': 0, 'perk5': 8347, 'perk5Var1': 0, 'perk5Var2': 0, 'perk5Var3': 0, 'perkPrimaryStyle': 8000, 'perkSubStyle': 8300, 'statPerk0': 5005, 'statPerk1': 5008, 'statPerk2': 5002}, 'timeline': {'participantId': 6, 'creepsPerMinDeltas': {'0-10': 0.7999999999999999}, 'xpPerMinDeltas': {'0-10': 328.3}, 'goldPerMinDeltas': {'0-10': 224.6}, 'csDiffPerMinDeltas': {'0-10': -0.9800000000000002}, 'xpDiffPerMinDeltas': {'0-10': -91.66}, 'damageTakenPerMinDeltas': {'0-10': 564.5}, 'damageTakenDiffPerMinDeltas': {'0-10': 130.48000000000005}, 'role': 'DUO_SUPPORT', 'lane': 'NONE'}}, {'participantId': 7, 'teamId': 200, 'championId': 69, 'spell1Id': 12, 'spell2Id': 4, 'stats': {'participantId': 7, 'win': False, 'item0': 1056, 'item1': 3802, 'item2': 1056, 'item3': 0, 'item4': 3070, 'item5': 0, 'item6': 3340, 'kills': 0, 'deaths': 8, 'assists': 0, 'largestKillingSpree': 0, 'largestMultiKill': 0, 'killingSprees': 0, 'longestTimeSpentLiving': 200, 'doubleKills': 0, 'tripleKills': 0, 'quadraKills': 0, 'pentaKills': 0, 'unrealKills': 0, 'totalDamageDealt': 21520, 'magicDamageDealt': 16531, 'physicalDamageDealt': 4989, 'trueDamageDealt': 0, 'largestCriticalStrike': 0, 'totalDamageDealtToChampions': 5026, 'magicDamageDealtToChampions': 4581, 'physicalDamageDealtToChampions': 444, 'trueDamageDealtToChampions': 0, 'totalHeal': 837, 'totalUnitsHealed': 1, 'damageSelfMitigated': 3283, 'damageDealtToObjectives': 114, 'damageDealtToTurrets': 0, 'visionScore': 13, 'timeCCingOthers': 6, 'totalDamageTaken': 11955, 'magicalDamageTaken': 6091, 'physicalDamageTaken': 5450, 'trueDamageTaken': 414, 'goldEarned': 3686, 'goldSpent': 3350, 'turretKills': 0, 'inhibitorKills': 0, 'totalMinionsKilled': 68, 'neutralMinionsKilled': 0, 'neutralMinionsKilledTeamJungle': 0, 'neutralMinionsKilledEnemyJungle': 0, 'totalTimeCrowdControlDealt': 119, 'champLevel': 8, 'visionWardsBoughtInGame': 2, 'sightWardsBoughtInGame': 0, 'wardsPlaced': 7, 'wardsKilled': 0, 'firstBloodKill': False, 'firstBloodAssist': False, 'firstTowerKill': False, 'firstTowerAssist': False, 'combatPlayerScore': 0, 'objectivePlayerScore': 0, 'totalPlayerScore': 0, 'totalScoreRank': 0, 'playerScore0': 0, 'playerScore1': 0, 'playerScore2': 0, 'playerScore3': 0, 'playerScore4': 0, 'playerScore5': 0, 'playerScore6': 0, 'playerScore7': 0, 'playerScore8': 0, 'playerScore9': 0, 'perk0': 8010, 'perk0Var1': 82, 'perk0Var2': 0, 'perk0Var3': 0, 'perk1': 8009, 'perk1Var1': 0, 'perk1Var2': 0, 'perk1Var3': 0, 'perk2': 9105, 'perk2Var1': 0, 'perk2Var2': 0, 'perk2Var3': 0, 'perk3': 8014, 'perk3Var1': 31, 'perk3Var2': 0, 'perk3Var3': 0, 'perk4': 8139, 'perk4Var1': 546, 'perk4Var2': 0, 'perk4Var3': 0, 'perk5': 8135, 'perk5Var1': 161, 'perk5Var2': 0, 'perk5Var3': 0, 'perkPrimaryStyle': 8000, 'perkSubStyle': 8100, 'statPerk0': 5008, 'statPerk1': 5008, 'statPerk2': 5002}, 'timeline': {'participantId': 7, 'creepsPerMinDeltas': {'0-10': 3.8}, 'xpPerMinDeltas': {'0-10': 272.5}, 'goldPerMinDeltas': {'0-10': 185.9}, 'csDiffPerMinDeltas': {'0-10': -0.9800000000000002}, 'xpDiffPerMinDeltas': {'0-10': -91.66}, 'damageTakenPerMinDeltas': {'0-10': 602.1}, 'damageTakenDiffPerMinDeltas': {'0-10': 130.48000000000005}, 'role': 'DUO_SUPPORT', 'lane': 'NONE'}}, {'participantId': 8, 'teamId': 200, 'championId': 429, 'spell1Id': 4, 'spell2Id': 21, 'stats': {'participantId': 8, 'win': False, 'item0': 3006, 'item1': 2031, 'item2': 3144, 'item3': 1054, 'item4': 1043, 'item5': 0, 'item6': 3340, 'kills': 1, 'deaths': 4, 'assists': 1, 'largestKillingSpree': 0, 'largestMultiKill': 1, 'killingSprees': 0, 'longestTimeSpentLiving': 338, 'doubleKills': 0, 'tripleKills': 0, 'quadraKills': 0, 'pentaKills': 0, 'unrealKills': 0, 'totalDamageDealt': 42303, 'magicDamageDealt': 138, 'physicalDamageDealt': 40525, 'trueDamageDealt': 1640, 'largestCriticalStrike': 0, 'totalDamageDealtToChampions': 6283, 'magicDamageDealtToChampions': 138, 'physicalDamageDealtToChampions': 6145, 'trueDamageDealtToChampions': 0, 'totalHeal': 0, 'totalUnitsHealed': 0, 'damageSelfMitigated': 6110, 'damageDealtToObjectives': 1161, 'damageDealtToTurrets': 1161, 'visionScore': 8, 'timeCCingOthers': 7, 'totalDamageTaken': 9629, 'magicalDamageTaken': 2448, 'physicalDamageTaken': 6660, 'trueDamageTaken': 520, 'goldEarned': 5366, 'goldSpent': 4425, 'turretKills': 0, 'inhibitorKills': 0, 'totalMinionsKilled': 119, 'neutralMinionsKilled': 0, 'neutralMinionsKilledTeamJungle': 0, 'neutralMinionsKilledEnemyJungle': 0, 'totalTimeCrowdControlDealt': 105, 'champLevel': 8, 'visionWardsBoughtInGame': 1, 'sightWardsBoughtInGame': 0, 'wardsPlaced': 5, 'wardsKilled': 1, 'firstBloodKill': False, 'firstBloodAssist': False, 'firstTowerKill': False, 'firstTowerAssist': False, 'combatPlayerScore': 0, 'objectivePlayerScore': 0, 'totalPlayerScore': 0, 'totalScoreRank': 0, 'playerScore0': 0, 'playerScore1': 0, 'playerScore2': 0, 'playerScore3': 0, 'playerScore4': 0, 'playerScore5': 0, 'playerScore6': 0, 'playerScore7': 0, 'playerScore8': 0, 'playerScore9': 0, 'perk0': 8008, 'perk0Var1': 1, 'perk0Var2': 10, 'perk0Var3': 0, 'perk1': 9101, 'perk1Var1': 435, 'perk1Var2': 481, 'perk1Var3': 0, 'perk2': 9104, 'perk2Var1': 0, 'perk2Var2': 0, 'perk2Var3': 0, 'perk3': 8017, 'perk3Var1': 185, 'perk3Var2': 0, 'perk3Var3': 0, 'perk4': 8275, 'perk4Var1': 6, 'perk4Var2': 0, 'perk4Var3': 0, 'perk5': 8236, 'perk5Var1': 4, 'perk5Var2': 0, 'perk5Var3': 0, 'perkPrimaryStyle': 8000, 'perkSubStyle': 8200, 'statPerk0': 5005, 'statPerk1': 5008, 'statPerk2': 5002}, 'timeline': {'participantId': 8, 'creepsPerMinDeltas': {'0-10': 8}, 'xpPerMinDeltas': {'0-10': 276.1}, 'goldPerMinDeltas': {'0-10': 304.29999999999995}, 'csDiffPerMinDeltas': {'0-10': -0.9800000000000002}, 'xpDiffPerMinDeltas': {'0-10': -91.66}, 'damageTakenPerMinDeltas': {'0-10': 360.3}, 'damageTakenDiffPerMinDeltas': {'0-10': 130.48000000000005}, 'role': 'DUO', 'lane': 'NONE'}}, {'participantId': 9, 'teamId': 200, 'championId': 44, 'spell1Id': 7, 'spell2Id': 4, 'stats': {'participantId': 9, 'win': False, 'item0': 3158, 'item1': 3859, 'item2': 3114, 'item3': 2055, 'item4': 3801, 'item5': 0, 'item6': 3364, 'kills': 0, 'deaths': 5, 'assists': 2, 'largestKillingSpree': 0, 'largestMultiKill': 0, 'killingSprees': 0, 'longestTimeSpentLiving': 291, 'doubleKills': 0, 'tripleKills': 0, 'quadraKills': 0, 'pentaKills': 0, 'unrealKills': 0, 'totalDamageDealt': 12130, 'magicDamageDealt': 4439, 'physicalDamageDealt': 4103, 'trueDamageDealt': 3587, 'largestCriticalStrike': 0, 'totalDamageDealtToChampions': 2881, 'magicDamageDealtToChampions': 1533, 'physicalDamageDealtToChampions': 1347, 'trueDamageDealtToChampions': 0, 'totalHeal': 3668, 'totalUnitsHealed': 4, 'damageSelfMitigated': 5624, 'damageDealtToObjectives': 512, 'damageDealtToTurrets': 512, 'visionScore': 22, 'timeCCingOthers': 9, 'totalDamageTaken': 8783, 'magicalDamageTaken': 3058, 'physicalDamageTaken': 5444, 'trueDamageTaken': 280, 'goldEarned': 3653, 'goldSpent': 3225, 'turretKills': 0, 'inhibitorKills': 0, 'totalMinionsKilled': 25, 'neutralMinionsKilled': 0, 'neutralMinionsKilledTeamJungle': 0, 'neutralMinionsKilledEnemyJungle': 0, 'totalTimeCrowdControlDealt': 28, 'champLevel': 7, 'visionWardsBoughtInGame': 5, 'sightWardsBoughtInGame': 0, 'wardsPlaced': 12, 'wardsKilled': 5, 'firstBloodKill': False, 'firstBloodAssist': False, 'firstTowerKill': False, 'firstTowerAssist': False, 'combatPlayerScore': 0, 'objectivePlayerScore': 0, 'totalPlayerScore': 0, 'totalScoreRank': 0, 'playerScore0': 0, 'playerScore1': 0, 'playerScore2': 0, 'playerScore3': 0, 'playerScore4': 0, 'playerScore5': 0, 'playerScore6': 0, 'playerScore7': 0, 'playerScore8': 0, 'playerScore9': 0, 'perk0': 8465, 'perk0Var1': 1006, 'perk0Var2': 0, 'perk0Var3': 0, 'perk1': 8463, 'perk1Var1': 30, 'perk1Var2': 0, 'perk1Var3': 0, 'perk2': 8444, 'perk2Var1': 283, 'perk2Var2': 0, 'perk2Var3': 0, 'perk3': 8453, 'perk3Var1': 332, 'perk3Var2': 262, 'perk3Var3': 0, 'perk4': 8009, 'perk4Var1': 205, 'perk4Var2': 200, 'perk4Var3': 0, 'perk5': 9105, 'perk5Var1': 0, 'perk5Var2': 0, 'perk5Var3': 0, 'perkPrimaryStyle': 8400, 'perkSubStyle': 8000, 'statPerk0': 5005, 'statPerk1': 5002, 'statPerk2': 5003}, 'timeline': {'participantId': 9, 'creepsPerMinDeltas': {'0-10': 1.4}, 'xpPerMinDeltas': {'0-10': 244.8}, 'goldPerMinDeltas': {'0-10': 162.2}, 'csDiffPerMinDeltas': {'0-10': -0.9800000000000002}, 'xpDiffPerMinDeltas': {'0-10': -91.66}, 'damageTakenPerMinDeltas': {'0-10': 321.7}, 'damageTakenDiffPerMinDeltas': {'0-10': 130.48000000000005}, 'role': 'DUO_SUPPORT', 'lane': 'NONE'}}, {'participantId': 10, 'teamId': 200, 'championId': 517, 'spell1Id': 12, 'spell2Id': 4, 'stats': {'participantId': 10, 'win': False, 'item0': 0, 'item1': 2033, 'item2': 3152, 'item3': 1056, 'item4': 1082, 'item5': 1001, 'item6': 3340, 'kills': 2, 'deaths': 4, 'assists': 0, 'largestKillingSpree': 2, 'largestMultiKill': 1, 'killingSprees': 1, 'longestTimeSpentLiving': 399, 'doubleKills': 0, 'tripleKills': 0, 'quadraKills': 0, 'pentaKills': 0, 'unrealKills': 0, 'totalDamageDealt': 26976, 'magicDamageDealt': 22862, 'physicalDamageDealt': 4114, 'trueDamageDealt': 0, 'largestCriticalStrike': 0, 'totalDamageDealtToChampions': 7576, 'magicDamageDealtToChampions': 7014, 'physicalDamageDealtToChampions': 562, 'trueDamageDealtToChampions': 0, 'totalHeal': 3737, 'totalUnitsHealed': 1, 'damageSelfMitigated': 5327, 'damageDealtToObjectives': 0, 'damageDealtToTurrets': 0, 'visionScore': 10, 'timeCCingOthers': 13, 'totalDamageTaken': 12650, 'magicalDamageTaken': 3944, 'physicalDamageTaken': 7964, 'trueDamageTaken': 742, 'goldEarned': 4573, 'goldSpent': 4200, 'turretKills': 0, 'inhibitorKills': 0, 'totalMinionsKilled': 71, 'neutralMinionsKilled': 0, 'neutralMinionsKilledTeamJungle': 0, 'neutralMinionsKilledEnemyJungle': 0, 'totalTimeCrowdControlDealt': 118, 'champLevel': 10, 'visionWardsBoughtInGame': 2, 'sightWardsBoughtInGame': 0, 'wardsPlaced': 7, 'wardsKilled': 0, 'firstBloodKill': False, 'firstBloodAssist': False, 'firstTowerKill': False, 'firstTowerAssist': False, 'combatPlayerScore': 0, 'objectivePlayerScore': 0, 'totalPlayerScore': 0, 'totalScoreRank': 0, 'playerScore0': 0, 'playerScore1': 0, 'playerScore2': 0, 'playerScore3': 0, 'playerScore4': 0, 'playerScore5': 0, 'playerScore6': 0, 'playerScore7': 0, 'playerScore8': 0, 'playerScore9': 0, 'perk0': 8010, 'perk0Var1': 207, 'perk0Var2': 0, 'perk0Var3': 0, 'perk1': 9111, 'perk1Var1': 25, 'perk1Var2': 40, 'perk1Var3': 0, 'perk2': 9105, 'perk2Var1': 0, 'perk2Var2': 0, 'perk2Var3': 0, 'perk3': 8299, 'perk3Var1': 278, 'perk3Var2': 0, 'perk3Var3': 0, 'perk4': 8352, 'perk4Var1': 187, 'perk4Var2': 1331, 'perk4Var3': 677, 'perk5': 8345, 'perk5Var1': 3, 'perk5Var2': 0, 'perk5Var3': 0, 'perkPrimaryStyle': 8000, 'perkSubStyle': 8300, 'statPerk0': 5008, 'statPerk1': 5008, 'statPerk2': 5003}, 'timeline': {'participantId': 10, 'creepsPerMinDeltas': {'0-10': 4.699999999999999}, 'xpPerMinDeltas': {'0-10': 421.2}, 'goldPerMinDeltas': {'0-10': 231.60000000000002}, 'csDiffPerMinDeltas': {'0-10': -0.9800000000000002}, 'xpDiffPerMinDeltas': {'0-10': -91.66}, 'damageTakenPerMinDeltas': {'0-10': 520}, 'damageTakenDiffPerMinDeltas': {'0-10': 130.48000000000005}, 'role': 'DUO_SUPPORT', 'lane': 'NONE'}}]",KR,420.0,13.0,,
26,1583741979148.0,1222.0,4205718397.0,CLASSIC,MATCHED_GAME,10.5.311.166,11.0,"[{'participantId': 1, 'player': {'platformId': 'KR', 'accountId': '_roMPWKt5K-S153Jpo5KaHgZ_NGN7eMpRd5jjAyXkfRI63U', 'summonerName': 'ggarden', 'summonerId': '46jVCfc5wxQrctxwMVbDxS1lv_tEaj0hNtmFs0XJUiBKta0', 'currentPlatformId': 'KR', 'currentAccountId': '_roMPWKt5K-S153Jpo5KaHgZ_NGN7eMpRd5jjAyXkfRI63U', 'matchHistoryUri': '/v1/stats/player_history/KR/205735475', 'profileIcon': 4492}}, {'participantId': 2, 'player': {'platformId': 'kr', 'accountId': 'U_sKd-f4TVu630p5RDH0YHnmHsNxUnQX4m95EzJIZWe7pAg', 'summonerName': 'T1 Wooje', 'summonerId': 's-_k1zrJR6po0LkbwcetRhYeIwVmag54i7cRMJwJwxgY4ac', 'currentPlatformId': 'KR', 'currentAccountId': 'U_sKd-f4TVu630p5RDH0YHnmHsNxUnQX4m95EzJIZWe7pAg', 'matchHistoryUri': '/v1/stats/player_history/kr/210470444', 'profileIcon': 683}}, {'participantId': 3, 'player': {'platformId': 'KR', 'accountId': 'IIWG7FRiqE8CuZaCslKkNxkglwpgnePPxDslb2tv66FKrgo', 'summonerName': 'Youtube Thal', 'summonerId': '8Cx100isJ6RMMeOmUX_-Wg0CESabVTYk-e8P8Ijj3zuIiB4', 'currentPlatformId': 'KR', 'currentAccountId': 'IIWG7FRiqE8CuZaCslKkNxkglwpgnePPxDslb2tv66FKrgo', 'matchHistoryUri': '/v1/stats/player_history/KR/201236882', 'profileIcon': 4090}}, {'participantId': 4, 'player': {'platformId': 'KR', 'accountId': '4alTxbRq8V64QzAM-QpuksDdwB70WS4V_IDQWBYfiNqgIGA', 'summonerName': 'Gen G Bonnie', 'summonerId': 'pDy6jb36r46Abuyg8SeUT9FKPFaG-LUCIn0ajRF3kjYPVdw', 'currentPlatformId': 'KR', 'currentAccountId': '4alTxbRq8V64QzAM-QpuksDdwB70WS4V_IDQWBYfiNqgIGA', 'matchHistoryUri': '/v1/stats/player_history/KR/209364129', 'profileIcon': 4151}}, {'participantId': 5, 'player': {'platformId': 'KR', 'accountId': 'GEHFzTKf2BAEXRAQZxNK-drBIM_pbIYCtYoeaRaYZamA3Us', 'summonerName': '리그오브래전드ll', 'summonerId': 'c0i6BTzMXeLc6sVDASDkveeFSboH9z1jH-koxOv5Q4mpCzw', 'currentPlatformId': 'KR', 'currentAccountId': 'GEHFzTKf2BAEXRAQZxNK-drBIM_pbIYCtYoeaRaYZamA3Us', 'matchHistoryUri': '/v1/stats/player_history/KR/203776386', 'profileIcon': 23}}, {'participantId': 6, 'player': {'platformId': 'KR', 'accountId': 'oEEfKZhHycdHFB86x1iTmXPfa7nACGS5PzHeddpbHA5_', 'summonerName': '나는대포너는머포', 'summonerId': 'vmxz3hK9o_k2uGte_AczeXW8stno5l_HvrO1t61DM-Y5_g', 'currentPlatformId': 'KR', 'currentAccountId': 'oEEfKZhHycdHFB86x1iTmXPfa7nACGS5PzHeddpbHA5_', 'matchHistoryUri': '/v1/stats/player_history/KR/1367961', 'profileIcon': 18}}, {'participantId': 7, 'player': {'platformId': 'KR', 'accountId': 'xh_pYeUlSCptmRYffYqwmFS_o1CJwVcOsWcC6BV_SK42KS4', 'summonerName': 'Gen G HaYoon', 'summonerId': 'UUZSMax82sfqWNDYNeoP5i_KIEtAyf5IikTrL05l6XNBJz0', 'currentPlatformId': 'KR', 'currentAccountId': 'xh_pYeUlSCptmRYffYqwmFS_o1CJwVcOsWcC6BV_SK42KS4', 'matchHistoryUri': '/v1/stats/player_history/KR/206493908', 'profileIcon': 4353}}, {'participantId': 8, 'player': {'platformId': 'KR', 'accountId': 'ZHCA283ZhVjiz8tf4w_WhjhQfzi0g8RwhVLS54anQMS1r_s', 'summonerName': '가루눈 OwO', 'summonerId': 'suMzXj9OBNQ-401wdglMs-Q8aGP6K4ZcSmy9Pwe7ZN_v4YI', 'currentPlatformId': 'KR', 'currentAccountId': 'ZHCA283ZhVjiz8tf4w_WhjhQfzi0g8RwhVLS54anQMS1r_s', 'matchHistoryUri': '/v1/stats/player_history/KR/210384279', 'profileIcon': 4418}}, {'participantId': 9, 'player': {'platformId': 'KR', 'accountId': 'M016KHsup8GynQ8zx3GkfCjh1q2bQgSA1rAzUOzPQr_CuyI', 'summonerName': '적산폐청', 'summonerId': 'zI0MhrTDzoZlqsLVRHfFsozLQ9StyCoC2b8rocDA1HpQekQ', 'currentPlatformId': 'KR', 'currentAccountId': 'M016KHsup8GynQ8zx3GkfCjh1q2bQgSA1rAzUOzPQr_CuyI', 'matchHistoryUri': '/v1/stats/player_history/KR/205923395', 'profileIcon': 1439}}, {'participantId': 10, 'player': {'platformId': 'KR', 'accountId': 'k9fNBRC8yXeqIJg2X3Tq3Ko2YuxFUd4fRfFSqC0Glyyk3Ds', 'summonerName': 'GIDE0N', 'summonerId': 'VRJ3UE5P3xbH7fAWhVv8teJ3vEDmYmTv9TCq59iZRrxdld0', 'currentPlatformId': 'KR', 'currentAccountId': 'k9fNBRC8yXeqIJg2X3Tq3Ko2YuxFUd4fRfFSqC0Glyyk3Ds', 'matchHistoryUri': '/v1/stats/player_history/KR/210316631', 'profileIcon': 25}}]","[{'participantId': 1, 'teamId': 100, 'championId': 81, 'spell1Id': 7, 'spell2Id': 4, 'stats': {'participantId': 1, 'win': True, 'item0': 1055, 'item1': 3078, 'item2': 1036, 'item3': 3158, 'item4': 0, 'item5': 3042, 'item6': 3363, 'kills': 6, 'deaths': 3, 'assists': 8, 'largestKillingSpree': 3, 'largestMultiKill': 2, 'killingSprees': 2, 'longestTimeSpentLiving': 812, 'doubleKills': 2, 'tripleKills': 0, 'quadraKills': 0, 'pentaKills': 0, 'unrealKills': 0, 'totalDamageDealt': 82779, 'magicDamageDealt': 8197, 'physicalDamageDealt': 73940, 'trueDamageDealt': 642, 'largestCriticalStrike': 0, 'totalDamageDealtToChampions': 13729, 'magicDamageDealtToChampions': 3742, 'physicalDamageDealtToChampions': 9935, 'trueDamageDealtToChampions': 52, 'totalHeal': 602, 'totalUnitsHealed': 3, 'damageSelfMitigated': 4767, 'damageDealtToObjectives': 6593, 'damageDealtToTurrets': 4999, 'visionScore': 10, 'timeCCingOthers': 0, 'totalDamageTaken': 10837, 'magicalDamageTaken': 3636, 'physicalDamageTaken': 6881, 'trueDamageTaken': 320, 'goldEarned': 9424, 'goldSpent': 8008, 'turretKills': 1, 'inhibitorKills': 0, 'totalMinionsKilled': 151, 'neutralMinionsKilled': 4, 'neutralMinionsKilledTeamJungle': 0, 'neutralMinionsKilledEnemyJungle': 4, 'totalTimeCrowdControlDealt': 24, 'champLevel': 12, 'visionWardsBoughtInGame': 1, 'sightWardsBoughtInGame': 0, 'wardsPlaced': 7, 'wardsKilled': 0, 'firstBloodKill': False, 'firstBloodAssist': False, 'firstTowerKill': False, 'firstTowerAssist': False, 'firstInhibitorKill': False, 'firstInhibitorAssist': False, 'combatPlayerScore': 0, 'objectivePlayerScore': 0, 'totalPlayerScore': 0, 'totalScoreRank': 0, 'playerScore0': 0, 'playerScore1': 0, 'playerScore2': 0, 'playerScore3': 0, 'playerScore4': 0, 'playerScore5': 0, 'playerScore6': 0, 'playerScore7': 0, 'playerScore8': 0, 'playerScore9': 0, 'perk0': 8008, 'perk0Var1': 1, 'perk0Var2': 40, 'perk0Var3': 0, 'perk1': 8009, 'perk1Var1': 2951, 'perk1Var2': 500, 'perk1Var3': 0, 'perk2': 9103, 'perk2Var1': 19, 'perk2Var2': 30, 'perk2Var3': 0, 'perk3': 8014, 'perk3Var1': 229, 'perk3Var2': 0, 'perk3Var3': 0, 'perk4': 8347, 'perk4Var1': 0, 'perk4Var2': 0, 'perk4Var3': 0, 'perk5': 8345, 'perk5Var1': 3, 'perk5Var2': 0, 'perk5Var3': 0, 'perkPrimaryStyle': 8000, 'perkSubStyle': 8300, 'statPerk0': 5008, 'statPerk1': 5008, 'statPerk2': 5002}, 'timeline': {'participantId': 1, 'creepsPerMinDeltas': {'10-20': 6.3, '0-10': 8.8}, 'xpPerMinDeltas': {'10-20': 499.1, '0-10': 385}, 'goldPerMinDeltas': {'10-20': 509.9, '0-10': 373}, 'damageTakenPerMinDeltas': {'10-20': 844.5, '0-10': 239.2}, 'role': 'DUO', 'lane': 'MIDDLE'}}, {'participantId': 2, 'teamId': 100, 'championId': 517, 'spell1Id': 12, 'spell2Id': 4, 'stats': {'participantId': 2, 'win': True, 'item0': 3191, 'item1': 3152, 'item2': 2033, 'item3': 0, 'item4': 1001, 'item5': 3802, 'item6': 3340, 'kills': 6, 'deaths': 2, 'assists': 7, 'largestKillingSpree': 5, 'largestMultiKill': 2, 'killingSprees': 1, 'longestTimeSpentLiving': 420, 'doubleKills': 1, 'tripleKills': 0, 'quadraKills': 0, 'pentaKills': 0, 'unrealKills': 0, 'totalDamageDealt': 73446, 'magicDamageDealt': 64188, 'physicalDamageDealt': 6881, 'trueDamageDealt': 2376, 'largestCriticalStrike': 0, 'totalDamageDealtToChampions': 15503, 'magicDamageDealtToChampions': 15051, 'physicalDamageDealtToChampions': 392, 'trueDamageDealtToChampions': 60, 'totalHeal': 6095, 'totalUnitsHealed': 1, 'damageSelfMitigated': 14648, 'damageDealtToObjectives': 3643, 'damageDealtToTurrets': 778, 'visionScore': 19, 'timeCCingOthers': 14, 'totalDamageTaken': 18415, 'magicalDamageTaken': 5243, 'physicalDamageTaken': 12676, 'trueDamageTaken': 495, 'goldEarned': 7671, 'goldSpent': 5925, 'turretKills': 1, 'inhibitorKills': 0, 'totalMinionsKilled': 119, 'neutralMinionsKilled': 4, 'neutralMinionsKilledTeamJungle': 1, 'neutralMinionsKilledEnemyJungle': 0, 'totalTimeCrowdControlDealt': 249, 'champLevel': 12, 'visionWardsBoughtInGame': 3, 'sightWardsBoughtInGame': 0, 'wardsPlaced': 9, 'wardsKilled': 1, 'firstBloodKill': False, 'firstBloodAssist': False, 'firstTowerKill': False, 'firstTowerAssist': False, 'firstInhibitorKill': False, 'firstInhibitorAssist': True, 'combatPlayerScore': 0, 'objectivePlayerScore': 0, 'totalPlayerScore': 0, 'totalScoreRank': 0, 'playerScore0': 0, 'playerScore1': 0, 'playerScore2': 0, 'playerScore3': 0, 'playerScore4': 0, 'playerScore5': 0, 'playerScore6': 0, 'playerScore7': 0, 'playerScore8': 0, 'playerScore9': 0, 'perk0': 8010, 'perk0Var1': 1005, 'perk0Var2': 0, 'perk0Var3': 0, 'perk1': 8009, 'perk1Var1': 2773, 'perk1Var2': 500, 'perk1Var3': 0, 'perk2': 9105, 'perk2Var1': 14, 'perk2Var2': 0, 'perk2Var3': 0, 'perk3': 8299, 'perk3Var1': 455, 'perk3Var2': 0, 'perk3Var3': 0, 'perk4': 8345, 'perk4Var1': 3, 'perk4Var2': 0, 'perk4Var3': 0, 'perk5': 8352, 'perk5Var1': 269, 'perk5Var2': 1709, 'perk5Var3': 1023, 'perkPrimaryStyle': 8000, 'perkSubStyle': 8300, 'statPerk0': 5008, 'statPerk1': 5008, 'statPerk2': 5002}, 'timeline': {'participantId': 2, 'creepsPerMinDeltas': {'10-20': 6.300000000000001, '0-10': 5.4}, 'xpPerMinDeltas': {'10-20': 562.9, '0-10': 400}, 'goldPerMinDeltas': {'10-20': 475, '0-10': 229.8}, 'csDiffPerMinDeltas': {'10-20': -1.4, '0-10': -2.5}, 'xpDiffPerMinDeltas': {'10-20': 112.89999999999998, '0-10': -92.40000000000003}, 'damageTakenPerMinDeltas': {'10-20': 1184.9, '0-10': 571.4000000000001}, 'damageTakenDiffPerMinDeltas': {'10-20': 74.69999999999993, '0-10': -26.299999999999983}, 'role': 'SOLO', 'lane': 'TOP'}}, {'participantId': 3, 'teamId': 100, 'championId': 61, 'spell1Id': 4, 'spell2Id': 1, 'stats': {'participantId': 3, 'win': True, 'item0': 3030, 'item1': 2033, 'item2': 3916, 'item3': 1026, 'item4': 1082, 'item5': 3020, 'item6': 3340, 'kills': 4, 'deaths': 2, 'assists': 5, 'largestKillingSpree': 4, 'largestMultiKill': 1, 'killingSprees': 1, 'longestTimeSpentLiving': 231, 'doubleKills': 0, 'tripleKills': 0, 'quadraKills': 0, 'pentaKills': 0, 'unrealKills': 0, 'totalDamageDealt': 115373, 'magicDamageDealt': 100253, 'physicalDamageDealt': 9905, 'trueDamageDealt': 5215, 'largestCriticalStrike': 0, 'totalDamageDealtToChampions': 9309, 'magicDamageDealtToChampions': 9097, 'physicalDamageDealtToChampions': 211, 'trueDamageDealtToChampions': 0, 'totalHeal': 1679, 'totalUnitsHealed': 1, 'damageSelfMitigated': 6282, 'damageDealtToObjectives': 6331, 'damageDealtToTurrets': 6331, 'visionScore': 11, 'timeCCingOthers': 15, 'totalDamageTaken': 8338, 'magicalDamageTaken': 5288, 'physicalDamageTaken': 2965, 'trueDamageTaken': 84, 'goldEarned': 8997, 'goldSpent': 7350, 'turretKills': 2, 'inhibitorKills': 0, 'totalMinionsKilled': 175, 'neutralMinionsKilled': 17, 'neutralMinionsKilledTeamJungle': 17, 'neutralMinionsKilledEnemyJungle': 0, 'totalTimeCrowdControlDealt': 206, 'champLevel': 14, 'visionWardsBoughtInGame': 2, 'sightWardsBoughtInGame': 0, 'wardsPlaced': 8, 'wardsKilled': 1, 'firstBloodKill': False, 'firstBloodAssist': False, 'firstTowerKill': False, 'firstTowerAssist': False, 'firstInhibitorKill': False, 'firstInhibitorAssist': False, 'combatPlayerScore': 0, 'objectivePlayerScore': 0, 'totalPlayerScore': 0, 'totalScoreRank': 0, 'playerScore0': 0, 'playerScore1': 0, 'playerScore2': 0, 'playerScore3': 0, 'playerScore4': 0, 'playerScore5': 0, 'playerScore6': 0, 'playerScore7': 0, 'playerScore8': 0, 'playerScore9': 0, 'perk0': 8230, 'perk0Var1': 11, 'perk0Var2': 0, 'perk0Var3': 0, 'perk1': 8226, 'perk1Var1': 250, 'perk1Var2': 1041, 'perk1Var3': 0, 'perk2': 8233, 'perk2Var1': 15, 'perk2Var2': 0, 'perk2Var3': 0, 'perk3': 8237, 'perk3Var1': 358, 'perk3Var2': 0, 'perk3Var3': 0, 'perk4': 8352, 'perk4Var1': 221, 'perk4Var2': 1463, 'perk4Var3': 762, 'perk5': 8345, 'perk5Var1': 3, 'perk5Var2': 0, 'perk5Var3': 0, 'perkPrimaryStyle': 8200, 'perkSubStyle': 8300, 'statPerk0': 5008, 'statPerk1': 5008, 'statPerk2': 5003}, 'timeline': {'participantId': 3, 'creepsPerMinDeltas': {'10-20': 8.899999999999999, '0-10': 8}, 'xpPerMinDeltas': {'10-20': 682.2, '0-10': 516}, 'goldPerMinDeltas': {'10-20': 499.7, '0-10': 305}, 'damageTakenPerMinDeltas': {'10-20': 443.9, '0-10': 381.5}, 'role': 'DUO', 'lane': 'MIDDLE'}}, {'participantId': 4, 'teamId': 100, 'championId': 875, 'spell1Id': 11, 'spell2Id': 4, 'stats': {'participantId': 4, 'win': True, 'item0': 1401, 'item1': 3044, 'item2': 2423, 'item3': 1042, 'item4': 3047, 'item5': 1042, 'item6': 3364, 'kills': 4, 'deaths': 1, 'assists': 5, 'largestKillingSpree': 3, 'largestMultiKill': 1, 'killingSprees': 1, 'longestTimeSpentLiving': 661, 'doubleKills': 0, 'tripleKills': 0, 'quadraKills': 0, 'pentaKills': 0, 'unrealKills': 0, 'totalDamageDealt': 112814, 'magicDamageDealt': 25642, 'physicalDamageDealt': 68787, 'trueDamageDealt': 18383, 'largestCriticalStrike': 0, 'totalDamageDealtToChampions': 6579, 'magicDamageDealtToChampions': 495, 'physicalDamageDealtToChampions': 4245, 'trueDamageDealtToChampions': 1837, 'totalHeal': 5983, 'totalUnitsHealed': 1, 'damageSelfMitigated': 15059, 'damageDealtToObjectives': 26207, 'damageDealtToTurrets': 1092, 'visionScore': 22, 'timeCCingOthers': 11, 'totalDamageTaken': 16797, 'magicalDamageTaken': 2355, 'physicalDamageTaken': 14441, 'trueDamageTaken': 0, 'goldEarned': 7359, 'goldSpent': 5825, 'turretKills': 1, 'inhibitorKills': 1, 'totalMinionsKilled': 19, 'neutralMinionsKilled': 95, 'neutralMinionsKilledTeamJungle': 57, 'neutralMinionsKilledEnemyJungle': 4, 'totalTimeCrowdControlDealt': 181, 'champLevel': 12, 'visionWardsBoughtInGame': 3, 'sightWardsBoughtInGame': 0, 'wardsPlaced': 2, 'wardsKilled': 4, 'firstBloodKill': False, 'firstBloodAssist': False, 'firstTowerKill': False, 'firstTowerAssist': False, 'firstInhibitorKill': True, 'firstInhibitorAssist': False, 'combatPlayerScore': 0, 'objectivePlayerScore': 0, 'totalPlayerScore': 0, 'totalScoreRank': 0, 'playerScore0': 0, 'playerScore1': 0, 'playerScore2': 0, 'playerScore3': 0, 'playerScore4': 0, 'playerScore5': 0, 'playerScore6': 0, 'playerScore7': 0, 'playerScore8': 0, 'playerScore9': 0, 'perk0': 8010, 'perk0Var1': 49, 'perk0Var2': 0, 'perk0Var3': 0, 'perk1': 9111, 'perk1Var1': 695, 'perk1Var2': 180, 'perk1Var3': 0, 'perk2': 9105, 'perk2Var1': 14, 'perk2Var2': 0, 'perk2Var3': 0, 'perk3': 8014, 'perk3Var1': 80, 'perk3Var2': 0, 'perk3Var3': 0, 'perk4': 8347, 'perk4Var1': 0, 'perk4Var2': 0, 'perk4Var3': 0, 'perk5': 8313, 'perk5Var1': 0, 'perk5Var2': 0, 'perk5Var3': 0, 'perkPrimaryStyle': 8000, 'perkSubStyle': 8300, 'statPerk0': 5005, 'statPerk1': 5008, 'statPerk2': 5002}, 'timeline': {'participantId': 4, 'creepsPerMinDeltas': {'10-20': 1.5, '0-10': 0.2}, 'xpPerMinDeltas': {'10-20': 532.8, '0-10': 323}, 'goldPerMinDeltas': {'10-20': 397.8, '0-10': 269.4}, 'csDiffPerMinDeltas': {'10-20': 0.7, '0-10': -0.09999999999999998}, 'xpDiffPerMinDeltas': {'10-20': 148.6, '0-10': -1.5}, 'damageTakenPerMinDeltas': {'10-20': 1030.9, '0-10': 606.8}, 'damageTakenDiffPerMinDeltas': {'10-20': -82.2999999999999, '0-10': 67.10000000000002}, 'role': 'NONE', 'lane': 'JUNGLE'}}, {'participantId': 5, 'teamId': 100, 'championId': 432, 'spell1Id': 4, 'spell2Id': 14, 'stats': {'participantId': 5, 'win': True, 'item0': 3853, 'item1': 2065, 'item2': 0, 'item3': 3024, 'item4': 3117, 'item5': 3082, 'item6': 3364, 'kills': 3, 'deaths': 1, 'assists': 12, 'largestKillingSpree': 3, 'largestMultiKill': 1, 'killingSprees': 1, 'longestTimeSpentLiving': 1007, 'doubleKills': 0, 'tripleKills': 0, 'quadraKills': 0, 'pentaKills': 0, 'unrealKills': 0, 'totalDamageDealt': 14126, 'magicDamageDealt': 9734, 'physicalDamageDealt': 3937, 'trueDamageDealt': 455, 'largestCriticalStrike': 0, 'totalDamageDealtToChampions': 6415, 'magicDamageDealtToChampions': 4040, 'physicalDamageDealtToChampions': 1920, 'trueDamageDealtToChampions': 455, 'totalHeal': 3798, 'totalUnitsHealed': 5, 'damageSelfMitigated': 3139, 'damageDealtToObjectives': 1147, 'damageDealtToTurrets': 1147, 'visionScore': 52, 'timeCCingOthers': 14, 'totalDamageTaken': 5621, 'magicalDamageTaken': 1663, 'physicalDamageTaken': 3807, 'trueDamageTaken': 150, 'goldEarned': 6748, 'goldSpent': 5825, 'turretKills': 1, 'inhibitorKills': 0, 'totalMinionsKilled': 11, 'neutralMinionsKilled': 0, 'neutralMinionsKilledTeamJungle': 0, 'neutralMinionsKilledEnemyJungle': 0, 'totalTimeCrowdControlDealt': 103, 'champLevel': 11, 'visionWardsBoughtInGame': 3, 'sightWardsBoughtInGame': 0, 'wardsPlaced': 27, 'wardsKilled': 6, 'firstBloodKill': False, 'firstBloodAssist': False, 'firstTowerKill': False, 'firstTowerAssist': False, 'firstInhibitorKill': False, 'firstInhibitorAssist': True, 'combatPlayerScore': 0, 'objectivePlayerScore': 0, 'totalPlayerScore': 0, 'totalScoreRank': 0, 'playerScore0': 0, 'playerScore1': 0, 'playerScore2': 0, 'playerScore3': 0, 'playerScore4': 0, 'playerScore5': 0, 'playerScore6': 0, 'playerScore7': 0, 'playerScore8': 0, 'playerScore9': 0, 'perk0': 8112, 'perk0Var1': 497, 'perk0Var2': 0, 'perk0Var3': 0, 'perk1': 8126, 'perk1Var1': 199, 'perk1Var2': 0, 'perk1Var3': 0, 'perk2': 8136, 'perk2Var1': 10, 'perk2Var2': 30, 'perk2Var3': 0, 'perk3': 8105, 'perk3Var1': 16, 'perk3Var2': 5, 'perk3Var3': 0, 'perk4': 8234, 'perk4Var1': 10099, 'perk4Var2': 0, 'perk4Var3': 0, 'perk5': 8232, 'perk5Var1': 1, 'perk5Var2': 50, 'perk5Var3': 0, 'perkPrimaryStyle': 8100, 'perkSubStyle': 8200, 'statPerk0': 5007, 'statPerk1': 5008, 'statPerk2': 5001}, 'timeline': {'participantId': 5, 'creepsPerMinDeltas': {'10-20': 0.8, '0-10': 0.2}, 'xpPerMinDeltas': {'10-20': 479.79999999999995, '0-10': 309.7}, 'goldPerMinDeltas': {'10-20': 391, '0-10': 221.6}, 'damageTakenPerMinDeltas': {'10-20': 320.1, '0-10': 230.9}, 'role': 'SOLO', 'lane': 'BOTTOM'}}, {'participantId': 6, 'teamId': 200, 'championId': 145, 'spell1Id': 4, 'spell2Id': 7, 'stats': {'participantId': 6, 'win': False, 'item0': 3004, 'item1': 2031, 'item2': 1037, 'item3': 1055, 'item4': 1083, 'item5': 3006, 'item6': 3363, 'kills': 1, 'deaths': 2, 'assists': 3, 'largestKillingSpree': 0, 'largestMultiKill': 1, 'killingSprees': 0, 'longestTimeSpentLiving': 633, 'doubleKills': 0, 'tripleKills': 0, 'quadraKills': 0, 'pentaKills': 0, 'unrealKills': 0, 'totalDamageDealt': 57442, 'magicDamageDealt': 3706, 'physicalDamageDealt': 49601, 'trueDamageDealt': 4135, 'largestCriticalStrike': 0, 'totalDamageDealtToChampions': 4932, 'magicDamageDealtToChampions': 533, 'physicalDamageDealtToChampions': 4398, 'trueDamageDealtToChampions': 0, 'totalHeal': 1439, 'totalUnitsHealed': 3, 'damageSelfMitigated': 2741, 'damageDealtToObjectives': 0, 'damageDealtToTurrets': 0, 'visionScore': 16, 'timeCCingOthers': 0, 'totalDamageTaken': 7044, 'magicalDamageTaken': 3522, 'physicalDamageTaken': 3443, 'trueDamageTaken': 78, 'goldEarned': 6619, 'goldSpent': 5550, 'turretKills': 0, 'inhibitorKills': 0, 'totalMinionsKilled': 146, 'neutralMinionsKilled': 0, 'neutralMinionsKilledTeamJungle': 0, 'neutralMinionsKilledEnemyJungle': 0, 'totalTimeCrowdControlDealt': 0, 'champLevel': 10, 'visionWardsBoughtInGame': 1, 'sightWardsBoughtInGame': 0, 'wardsPlaced': 7, 'wardsKilled': 4, 'firstBloodKill': False, 'firstBloodAssist': False, 'firstTowerKill': False, 'firstTowerAssist': False, 'firstInhibitorKill': False, 'firstInhibitorAssist': False, 'combatPlayerScore': 0, 'objectivePlayerScore': 0, 'totalPlayerScore': 0, 'totalScoreRank': 0, 'playerScore0': 0, 'playerScore1': 0, 'playerScore2': 0, 'playerScore3': 0, 'playerScore4': 0, 'playerScore5': 0, 'playerScore6': 0, 'playerScore7': 0, 'playerScore8': 0, 'playerScore9': 0, 'perk0': 8005, 'perk0Var1': 58, 'perk0Var2': 52, 'perk0Var3': 5, 'perk1': 8009, 'perk1Var1': 606, 'perk1Var2': 400, 'perk1Var3': 0, 'perk2': 9103, 'perk2Var1': 0, 'perk2Var2': 0, 'perk2Var3': 0, 'perk3': 8017, 'perk3Var1': 239, 'perk3Var2': 0, 'perk3Var3': 0, 'perk4': 8275, 'perk4Var1': 6, 'perk4Var2': 0, 'perk4Var3': 0, 'perk5': 8236, 'perk5Var1': 14, 'perk5Var2': 0, 'perk5Var3': 0, 'perkPrimaryStyle': 8000, 'perkSubStyle': 8200, 'statPerk0': 5005, 'statPerk1': 5008, 'statPerk2': 5002}, 'timeline': {'participantId': 6, 'creepsPerMinDeltas': {'10-20': 6.5, '0-10': 7.8}, 'xpPerMinDeltas': {'10-20': 425.70000000000005, '0-10': 280.8}, 'goldPerMinDeltas': {'10-20': 344.6, '0-10': 256.2}, 'damageTakenPerMinDeltas': {'10-20': 414.5, '0-10': 227.6}, 'role': 'DUO_CARRY', 'lane': 'BOTTOM'}}, {'participantId': 7, 'teamId': 200, 'championId': 9, 'spell1Id': 14, 'spell2Id': 4, 'stats': {'participantId': 7, 'win': False, 'item0': 3117, 'item1': 3859, 'item2': 3108, 'item3': 2055, 'item4': 2421, 'item5': 0, 'item6': 3364, 'kills': 0, 'deaths': 7, 'assists': 1, 'largestKillingSpree': 0, 'largestMultiKill': 0, 'killingSprees': 0, 'longestTimeSpentLiving': 428, 'doubleKills': 0, 'tripleKills': 0, 'quadraKills': 0, 'pentaKills': 0, 'unrealKills': 0, 'totalDamageDealt': 16263, 'magicDamageDealt': 9499, 'physicalDamageDealt': 2398, 'trueDamageDealt': 4365, 'largestCriticalStrike': 0, 'totalDamageDealtToChampions': 4869, 'magicDamageDealtToChampions': 4000, 'physicalDamageDealtToChampions': 379, 'trueDamageDealtToChampions': 490, 'totalHeal': 252, 'totalUnitsHealed': 1, 'damageSelfMitigated': 4762, 'damageDealtToObjectives': 202, 'damageDealtToTurrets': 49, 'visionScore': 31, 'timeCCingOthers': 41, 'totalDamageTaken': 9696, 'magicalDamageTaken': 3450, 'physicalDamageTaken': 5382, 'trueDamageTaken': 864, 'goldEarned': 3953, 'goldSpent': 3725, 'turretKills': 0, 'inhibitorKills': 0, 'totalMinionsKilled': 24, 'neutralMinionsKilled': 0, 'neutralMinionsKilledTeamJungle': 0, 'neutralMinionsKilledEnemyJungle': 0, 'totalTimeCrowdControlDealt': 133, 'champLevel': 9, 'visionWardsBoughtInGame': 7, 'sightWardsBoughtInGame': 0, 'wardsPlaced': 19, 'wardsKilled': 1, 'firstBloodKill': False, 'firstBloodAssist': False, 'firstTowerKill': False, 'firstTowerAssist': False, 'firstInhibitorKill': False, 'firstInhibitorAssist': False, 'combatPlayerScore': 0, 'objectivePlayerScore': 0, 'totalPlayerScore': 0, 'totalScoreRank': 0, 'playerScore0': 0, 'playerScore1': 0, 'playerScore2': 0, 'playerScore3': 0, 'playerScore4': 0, 'playerScore5': 0, 'playerScore6': 0, 'playerScore7': 0, 'playerScore8': 0, 'playerScore9': 0, 'perk0': 8439, 'perk0Var1': 168, 'perk0Var2': 0, 'perk0Var3': 0, 'perk1': 8446, 'perk1Var1': 0, 'perk1Var2': 0, 'perk1Var3': 0, 'perk2': 8473, 'perk2Var1': 359, 'perk2Var2': 0, 'perk2Var3': 0, 'perk3': 8242, 'perk3Var1': 6, 'perk3Var2': 0, 'perk3Var3': 0, 'perk4': 8306, 'perk4Var1': 2, 'perk4Var2': 0, 'perk4Var3': 0, 'perk5': 8345, 'perk5Var1': 3, 'perk5Var2': 0, 'perk5Var3': 0, 'perkPrimaryStyle': 8400, 'perkSubStyle': 8300, 'statPerk0': 5008, 'statPerk1': 5008, 'statPerk2': 5002}, 'timeline': {'participantId': 7, 'creepsPerMinDeltas': {'10-20': 1.3, '0-10': 1.1}, 'xpPerMinDeltas': {'10-20': 286.9, '0-10': 226.5}, 'goldPerMinDeltas': {'10-20': 186.3, '0-10': 153.8}, 'damageTakenPerMinDeltas': {'10-20': 664, '0-10': 305.6}, 'role': 'DUO_SUPPORT', 'lane': 'BOTTOM'}}, {'participantId': 8, 'teamId': 200, 'championId': 58, 'spell1Id': 12, 'spell2Id': 4, 'stats': {'participantId': 8, 'win': False, 'item0': 3077, 'item1': 3111, 'item2': 3071, 'item3': 1055, 'item4': 3052, 'item5': 3123, 'item6': 3364, 'kills': 4, 'deaths': 4, 'assists': 1, 'largestKillingSpree': 2, 'largestMultiKill': 1, 'killingSprees': 2, 'longestTimeSpentLiving': 394, 'doubleKills': 0, 'tripleKills': 0, 'quadraKills': 0, 'pentaKills': 0, 'unrealKills': 0, 'totalDamageDealt': 97612, 'magicDamageDealt': 4331, 'physicalDamageDealt': 93065, 'trueDamageDealt': 216, 'largestCriticalStrike': 0, 'totalDamageDealtToChampions': 11965, 'magicDamageDealtToChampions': 717, 'physicalDamageDealtToChampions': 11135, 'trueDamageDealtToChampions': 112, 'totalHeal': 4476, 'totalUnitsHealed': 1, 'damageSelfMitigated': 10831, 'damageDealtToObjectives': 2821, 'damageDealtToTurrets': 2821, 'visionScore': 14, 'timeCCingOthers': 18, 'totalDamageTaken': 18137, 'magicalDamageTaken': 10084, 'physicalDamageTaken': 7298, 'trueDamageTaken': 755, 'goldEarned': 8662, 'goldSpent': 8225, 'turretKills': 0, 'inhibitorKills': 0, 'totalMinionsKilled': 157, 'neutralMinionsKilled': 8, 'neutralMinionsKilledTeamJungle': 4, 'neutralMinionsKilledEnemyJungle': 0, 'totalTimeCrowdControlDealt': 44, 'champLevel': 12, 'visionWardsBoughtInGame': 0, 'sightWardsBoughtInGame': 0, 'wardsPlaced': 4, 'wardsKilled': 5, 'firstBloodKill': False, 'firstBloodAssist': False, 'firstTowerKill': False, 'firstTowerAssist': False, 'firstInhibitorKill': False, 'firstInhibitorAssist': False, 'combatPlayerScore': 0, 'objectivePlayerScore': 0, 'totalPlayerScore': 0, 'totalScoreRank': 0, 'playerScore0': 0, 'playerScore1': 0, 'playerScore2': 0, 'playerScore3': 0, 'playerScore4': 0, 'playerScore5': 0, 'playerScore6': 0, 'playerScore7': 0, 'playerScore8': 0, 'playerScore9': 0, 'perk0': 8010, 'perk0Var1': 674, 'perk0Var2': 0, 'perk0Var3': 0, 'perk1': 9111, 'perk1Var1': 395, 'perk1Var2': 100, 'perk1Var3': 0, 'perk2': 9104, 'perk2Var1': 17, 'perk2Var2': 40, 'perk2Var3': 0, 'perk3': 8299, 'perk3Var1': 505, 'perk3Var2': 0, 'perk3Var3': 0, 'perk4': 8446, 'perk4Var1': 1326, 'perk4Var2': 0, 'perk4Var3': 0, 'perk5': 8473, 'perk5Var1': 634, 'perk5Var2': 0, 'perk5Var3': 0, 'perkPrimaryStyle': 8000, 'perkSubStyle': 8400, 'statPerk0': 5008, 'statPerk1': 5008, 'statPerk2': 5002}, 'timeline': {'participantId': 8, 'creepsPerMinDeltas': {'10-20': 7.7, '0-10': 7.9}, 'xpPerMinDeltas': {'10-20': 450, '0-10': 492.40000000000003}, 'goldPerMinDeltas': {'10-20': 486, '0-10': 324.3}, 'csDiffPerMinDeltas': {'10-20': 1.4, '0-10': 2.5}, 'xpDiffPerMinDeltas': {'10-20': -112.89999999999998, '0-10': 92.40000000000003}, 'damageTakenPerMinDeltas': {'10-20': 1110.2, '0-10': 597.7}, 'damageTakenDiffPerMinDeltas': {'10-20': -74.69999999999993, '0-10': 26.299999999999983}, 'role': 'SOLO', 'lane': 'TOP'}}, {'participantId': 9, 'teamId': 200, 'championId': 69, 'spell1Id': 12, 'spell2Id': 4, 'stats': {'participantId': 9, 'win': False, 'item0': 2033, 'item1': 3040, 'item2': 3151, 'item3': 0, 'item4': 0, 'item5': 0, 'item6': 3340, 'kills': 2, 'deaths': 6, 'assists': 3, 'largestKillingSpree': 0, 'largestMultiKill': 1, 'killingSprees': 0, 'longestTimeSpentLiving': 437, 'doubleKills': 0, 'tripleKills': 0, 'quadraKills': 0, 'pentaKills': 0, 'unrealKills': 0, 'totalDamageDealt': 67021, 'magicDamageDealt': 58536, 'physicalDamageDealt': 6101, 'trueDamageDealt': 2385, 'largestCriticalStrike': 0, 'totalDamageDealtToChampions': 11148, 'magicDamageDealtToChampions': 10862, 'physicalDamageDealtToChampions': 286, 'trueDamageDealtToChampions': 0, 'totalHeal': 1876, 'totalUnitsHealed': 1, 'damageSelfMitigated': 4875, 'damageDealtToObjectives': 643, 'damageDealtToTurrets': 0, 'visionScore': 23, 'timeCCingOthers': 11, 'totalDamageTaken': 14141, 'magicalDamageTaken': 11275, 'physicalDamageTaken': 2836, 'trueDamageTaken': 28, 'goldEarned': 7247, 'goldSpent': 7100, 'turretKills': 0, 'inhibitorKills': 0, 'totalMinionsKilled': 140, 'neutralMinionsKilled': 12, 'neutralMinionsKilledTeamJungle': 4, 'neutralMinionsKilledEnemyJungle': 0, 'totalTimeCrowdControlDealt': 319, 'champLevel': 12, 'visionWardsBoughtInGame': 4, 'sightWardsBoughtInGame': 0, 'wardsPlaced': 10, 'wardsKilled': 4, 'firstBloodKill': False, 'firstBloodAssist': False, 'firstTowerKill': False, 'firstTowerAssist': False, 'firstInhibitorKill': False, 'firstInhibitorAssist': False, 'combatPlayerScore': 0, 'objectivePlayerScore': 0, 'totalPlayerScore': 0, 'totalScoreRank': 0, 'playerScore0': 0, 'playerScore1': 0, 'playerScore2': 0, 'playerScore3': 0, 'playerScore4': 0, 'playerScore5': 0, 'playerScore6': 0, 'playerScore7': 0, 'playerScore8': 0, 'playerScore9': 0, 'perk0': 8230, 'perk0Var1': 11, 'perk0Var2': 0, 'perk0Var3': 0, 'perk1': 8226, 'perk1Var1': 250, 'perk1Var2': 782, 'perk1Var3': 0, 'perk2': 8210, 'perk2Var1': 0, 'perk2Var2': 0, 'perk2Var3': 0, 'perk3': 8237, 'perk3Var1': 428, 'perk3Var2': 0, 'perk3Var3': 0, 'perk4': 8352, 'perk4Var1': 184, 'perk4Var2': 1223, 'perk4Var3': 769, 'perk5': 8345, 'perk5Var1': 3, 'perk5Var2': 0, 'perk5Var3': 0, 'perkPrimaryStyle': 8200, 'perkSubStyle': 8300, 'statPerk0': 5007, 'statPerk1': 5008, 'statPerk2': 5003}, 'timeline': {'participantId': 9, 'creepsPerMinDeltas': {'10-20': 6.1, '0-10': 7.9}, 'xpPerMinDeltas': {'10-20': 415.4, '0-10': 480.4}, 'goldPerMinDeltas': {'10-20': 349.6, '0-10': 320.6}, 'damageTakenPerMinDeltas': {'10-20': 942.3, '0-10': 471.8}, 'role': 'SOLO', 'lane': 'MIDDLE'}}, {'participantId': 10, 'teamId': 200, 'championId': 64, 'spell1Id': 11, 'spell2Id': 4, 'stats': {'participantId': 10, 'win': False, 'item0': 1412, 'item1': 2031, 'item2': 3071, 'item3': 3111, 'item4': 0, 'item5': 0, 'item6': 3340, 'kills': 2, 'deaths': 4, 'assists': 3, 'largestKillingSpree': 0, 'largestMultiKill': 1, 'killingSprees': 0, 'longestTimeSpentLiving': 562, 'doubleKills': 0, 'tripleKills': 0, 'quadraKills': 0, 'pentaKills': 0, 'unrealKills': 0, 'totalDamageDealt': 95758, 'magicDamageDealt': 17327, 'physicalDamageDealt': 67604, 'trueDamageDealt': 10825, 'largestCriticalStrike': 0, 'totalDamageDealtToChampions': 6583, 'magicDamageDealtToChampions': 802, 'physicalDamageDealtToChampions': 5334, 'trueDamageDealtToChampions': 447, 'totalHeal': 4681, 'totalUnitsHealed': 1, 'damageSelfMitigated': 13252, 'damageDealtToObjectives': 13114, 'damageDealtToTurrets': 339, 'visionScore': 15, 'timeCCingOthers': 13, 'totalDamageTaken': 17061, 'magicalDamageTaken': 4369, 'physicalDamageTaken': 12012, 'trueDamageTaken': 679, 'goldEarned': 6936, 'goldSpent': 6800, 'turretKills': 1, 'inhibitorKills': 0, 'totalMinionsKilled': 11, 'neutralMinionsKilled': 87, 'neutralMinionsKilledTeamJungle': 61, 'neutralMinionsKilledEnemyJungle': 3, 'totalTimeCrowdControlDealt': 301, 'champLevel': 10, 'visionWardsBoughtInGame': 3, 'sightWardsBoughtInGame': 0, 'wardsPlaced': 9, 'wardsKilled': 2, 'firstBloodKill': True, 'firstBloodAssist': False, 'firstTowerKill': True, 'firstTowerAssist': False, 'firstInhibitorKill': False, 'firstInhibitorAssist': False, 'combatPlayerScore': 0, 'objectivePlayerScore': 0, 'totalPlayerScore': 0, 'totalScoreRank': 0, 'playerScore0': 0, 'playerScore1': 0, 'playerScore2': 0, 'playerScore3': 0, 'playerScore4': 0, 'playerScore5': 0, 'playerScore6': 0, 'playerScore7': 0, 'playerScore8': 0, 'playerScore9': 0, 'perk0': 8010, 'perk0Var1': 125, 'perk0Var2': 0, 'perk0Var3': 0, 'perk1': 9111, 'perk1Var1': 247, 'perk1Var2': 100, 'perk1Var3': 0, 'perk2': 9105, 'perk2Var1': 16, 'perk2Var2': 50, 'perk2Var3': 0, 'perk3': 8299, 'perk3Var1': 39, 'perk3Var2': 0, 'perk3Var3': 0, 'perk4': 8304, 'perk4Var1': 10, 'perk4Var2': 3, 'perk4Var3': 0, 'perk5': 8347, 'perk5Var1': 0, 'perk5Var2': 0, 'perk5Var3': 0, 'perkPrimaryStyle': 8000, 'perkSubStyle': 8300, 'statPerk0': 5005, 'statPerk1': 5008, 'statPerk2': 5003}, 'timeline': {'participantId': 10, 'creepsPerMinDeltas': {'10-20': 0.8, '0-10': 0.3}, 'xpPerMinDeltas': {'10-20': 384.2, '0-10': 324.5}, 'goldPerMinDeltas': {'10-20': 332, '0-10': 307.1}, 'csDiffPerMinDeltas': {'10-20': -0.7, '0-10': 0.09999999999999998}, 'xpDiffPerMinDeltas': {'10-20': -148.6, '0-10': 1.5}, 'damageTakenPerMinDeltas': {'10-20': 1113.1999999999998, '0-10': 539.7}, 'damageTakenDiffPerMinDeltas': {'10-20': 82.2999999999999, '0-10': -67.10000000000002}, 'role': 'NONE', 'lane': 'JUNGLE'}}]",KR,420.0,13.0,,
27,1583738997999.0,1835.0,4205609024.0,CLASSIC,MATCHED_GAME,10.5.311.166,11.0,"[{'participantId': 1, 'player': {'platformId': 'KR', 'accountId': 'G61f14trrpaAYfbljg6mdLe37jvchXWQ72SH5ZteGJNM4i0', 'summonerName': '으댜다', 'summonerId': 'Lc5fIIX4sqg1gr93VKyMxHtUAyCjXyN59JwoX6U7CCSNsrc', 'currentPlatformId': 'KR', 'currentAccountId': 'G61f14trrpaAYfbljg6mdLe37jvchXWQ72SH5ZteGJNM4i0', 'matchHistoryUri': '/v1/stats/player_history/KR/204438721', 'profileIcon': 23}}, {'participantId': 2, 'player': {'platformId': 'KR', 'accountId': '7zc3XkwwPB56wJh-_QMiD89KR5P5YzNHiCEbE5rjX6I', 'summonerName': 'real gankster', 'summonerId': 'W-oonEJQJut_lhIEDwZzLynlZb812479KMS06uuDlz59AQ', 'currentPlatformId': 'KR', 'currentAccountId': '7zc3XkwwPB56wJh-_QMiD89KR5P5YzNHiCEbE5rjX6I', 'matchHistoryUri': '/v1/stats/player_history/KR/266599', 'profileIcon': 986}}, {'participantId': 3, 'player': {'platformId': 'KR', 'accountId': 'IIWG7FRiqE8CuZaCslKkNxkglwpgnePPxDslb2tv66FKrgo', 'summonerName': 'Youtube Thal', 'summonerId': '8Cx100isJ6RMMeOmUX_-Wg0CESabVTYk-e8P8Ijj3zuIiB4', 'currentPlatformId': 'KR', 'currentAccountId': 'IIWG7FRiqE8CuZaCslKkNxkglwpgnePPxDslb2tv66FKrgo', 'matchHistoryUri': '/v1/stats/player_history/KR/201236882', 'profileIcon': 4090}}, {'participantId': 4, 'player': {'platformId': 'KR', 'accountId': 'FnXvbU3nEtBRYKCwin9VuN_qXy_mcPPbw3zR10JcoH15zk1PKkfBGMP_', 'summonerName': 'Gen G Wize', 'summonerId': '6vikKLSxcMPtiUvkigANxJleePkqe4UWE80gpDuxMwBdtHc', 'currentPlatformId': 'KR', 'currentAccountId': 'FnXvbU3nEtBRYKCwin9VuN_qXy_mcPPbw3zR10JcoH15zk1PKkfBGMP_', 'matchHistoryUri': '/v1/stats/player_history/KR/2035774531464608', 'profileIcon': 23}}, {'participantId': 5, 'player': {'platformId': 'KR', 'accountId': 'W5fgAOoXiOMXahutBMxaydw1bjQ_e8jg9PNBMZvyzk4ZjtU', 'summonerName': 'Zenit', 'summonerId': '1bIlf_KBahHmDlJZKIFmnYSZ9fccDORuO5T9Q58Vwaabc7o', 'currentPlatformId': 'KR', 'currentAccountId': 'W5fgAOoXiOMXahutBMxaydw1bjQ_e8jg9PNBMZvyzk4ZjtU', 'matchHistoryUri': '/v1/stats/player_history/KR/206500876', 'profileIcon': 4242}}, {'participantId': 6, 'player': {'platformId': 'KR', 'accountId': 'oEEfKZhHycdHFB86x1iTmXPfa7nACGS5PzHeddpbHA5_', 'summonerName': '나는대포너는머포', 'summonerId': 'vmxz3hK9o_k2uGte_AczeXW8stno5l_HvrO1t61DM-Y5_g', 'currentPlatformId': 'KR', 'currentAccountId': 'oEEfKZhHycdHFB86x1iTmXPfa7nACGS5PzHeddpbHA5_', 'matchHistoryUri': '/v1/stats/player_history/KR/1367961', 'profileIcon': 18}}, {'participantId': 7, 'player': {'platformId': 'KR', 'accountId': 'xh_pYeUlSCptmRYffYqwmFS_o1CJwVcOsWcC6BV_SK42KS4', 'summonerName': 'Gen G HaYoon', 'summonerId': 'UUZSMax82sfqWNDYNeoP5i_KIEtAyf5IikTrL05l6XNBJz0', 'currentPlatformId': 'KR', 'currentAccountId': 'xh_pYeUlSCptmRYffYqwmFS_o1CJwVcOsWcC6BV_SK42KS4', 'matchHistoryUri': '/v1/stats/player_history/KR/206493908', 'profileIcon': 4353}}, {'participantId': 8, 'player': {'platformId': 'KR', 'accountId': 'PoqXUGvIFqAQo19H5q-ohTjnTfPr6IkwyT4Iykk89q2J8uc', 'summonerName': '망밍맹먕몽', 'summonerId': '15npUMvwMOCP8DRd21V1YmAV0JXchwCdloccXuaxLLydrqM', 'currentPlatformId': 'KR', 'currentAccountId': 'PoqXUGvIFqAQo19H5q-ohTjnTfPr6IkwyT4Iykk89q2J8uc', 'matchHistoryUri': '/v1/stats/player_history/KR/201749262', 'profileIcon': 4368}}, {'participantId': 9, 'player': {'platformId': 'KR', 'accountId': '4alTxbRq8V64QzAM-QpuksDdwB70WS4V_IDQWBYfiNqgIGA', 'summonerName': 'Gen G Bonnie', 'summonerId': 'pDy6jb36r46Abuyg8SeUT9FKPFaG-LUCIn0ajRF3kjYPVdw', 'currentPlatformId': 'KR', 'currentAccountId': '4alTxbRq8V64QzAM-QpuksDdwB70WS4V_IDQWBYfiNqgIGA', 'matchHistoryUri': '/v1/stats/player_history/KR/209364129', 'profileIcon': 4151}}, {'participantId': 10, 'player': {'platformId': 'KR', 'accountId': 'xGk6hmYH1xpSIg8dPG7yIx82He4dL_GLkHFN1kVl6MCmjWA', 'summonerName': 'SANDBOX Natalie', 'summonerId': '9OXFlX_ickISgaXZpFabTA_d6K9wyrwZ3C4uCDuazac-et4', 'currentPlatformId': 'KR', 'currentAccountId': 'xGk6hmYH1xpSIg8dPG7yIx82He4dL_GLkHFN1kVl6MCmjWA', 'matchHistoryUri': '/v1/stats/player_history/KR/208917246', 'profileIcon': 3788}}]","[{'participantId': 1, 'teamId': 100, 'championId': 202, 'spell1Id': 7, 'spell2Id': 4, 'stats': {'participantId': 1, 'win': True, 'item0': 2055, 'item1': 3094, 'item2': 2421, 'item3': 3095, 'item4': 3009, 'item5': 3031, 'item6': 3363, 'kills': 11, 'deaths': 3, 'assists': 8, 'largestKillingSpree': 7, 'largestMultiKill': 2, 'killingSprees': 2, 'longestTimeSpentLiving': 860, 'doubleKills': 2, 'tripleKills': 0, 'quadraKills': 0, 'pentaKills': 0, 'unrealKills': 0, 'totalDamageDealt': 194626, 'magicDamageDealt': 11879, 'physicalDamageDealt': 178452, 'trueDamageDealt': 4294, 'largestCriticalStrike': 1959, 'totalDamageDealtToChampions': 21217, 'magicDamageDealtToChampions': 1246, 'physicalDamageDealtToChampions': 18763, 'trueDamageDealtToChampions': 1207, 'totalHeal': 3480, 'totalUnitsHealed': 3, 'damageSelfMitigated': 7028, 'damageDealtToObjectives': 22283, 'damageDealtToTurrets': 4908, 'visionScore': 29, 'timeCCingOthers': 32, 'totalDamageTaken': 15874, 'magicalDamageTaken': 4976, 'physicalDamageTaken': 10667, 'trueDamageTaken': 231, 'goldEarned': 15147, 'goldSpent': 11950, 'turretKills': 2, 'inhibitorKills': 1, 'totalMinionsKilled': 217, 'neutralMinionsKilled': 12, 'neutralMinionsKilledTeamJungle': 8, 'neutralMinionsKilledEnemyJungle': 4, 'totalTimeCrowdControlDealt': 165, 'champLevel': 16, 'visionWardsBoughtInGame': 3, 'sightWardsBoughtInGame': 0, 'wardsPlaced': 10, 'wardsKilled': 10, 'firstBloodKill': False, 'firstBloodAssist': False, 'firstTowerKill': False, 'firstTowerAssist': False, 'firstInhibitorKill': True, 'firstInhibitorAssist': False, 'combatPlayerScore': 0, 'objectivePlayerScore': 0, 'totalPlayerScore': 0, 'totalScoreRank': 0, 'playerScore0': 0, 'playerScore1': 0, 'playerScore2': 0, 'playerScore3': 0, 'playerScore4': 0, 'playerScore5': 0, 'playerScore6': 0, 'playerScore7': 0, 'playerScore8': 0, 'playerScore9': 0, 'perk0': 8021, 'perk0Var1': 1752, 'perk0Var2': 0, 'perk0Var3': 0, 'perk1': 8009, 'perk1Var1': 3302, 'perk1Var2': 500, 'perk1Var3': 0, 'perk2': 9103, 'perk2Var1': 25, 'perk2Var2': 40, 'perk2Var3': 0, 'perk3': 8014, 'perk3Var1': 476, 'perk3Var2': 0, 'perk3Var3': 0, 'perk4': 8275, 'perk4Var1': 8, 'perk4Var2': 0, 'perk4Var3': 0, 'perk5': 8233, 'perk5Var1': 18, 'perk5Var2': 30, 'perk5Var3': 0, 'perkPrimaryStyle': 8000, 'perkSubStyle': 8200, 'statPerk0': 5008, 'statPerk1': 5008, 'statPerk2': 5002}, 'timeline': {'participantId': 1, 'creepsPerMinDeltas': {'10-20': 6.2, '0-10': 6.8999999999999995, '20-30': 7.9}, 'xpPerMinDeltas': {'10-20': 406.79999999999995, '0-10': 285.4, '20-30': 783.1}, 'goldPerMinDeltas': {'10-20': 412.3, '0-10': 278.9, '20-30': 669}, 'csDiffPerMinDeltas': {'10-20': -0.3999999999999999, '0-10': 0.24999999999999956, '20-30': -0.09999999999999987}, 'xpDiffPerMinDeltas': {'10-20': -27.05000000000001, '0-10': -17.000000000000014, '20-30': 396.4000000000001}, 'damageTakenPerMinDeltas': {'10-20': 797.7, '0-10': 309.5, '20-30': 399.3}, 'damageTakenDiffPerMinDeltas': {'10-20': 255.90000000000003, '0-10': 35.75, '20-30': -137.09999999999997}, 'role': 'DUO_CARRY', 'lane': 'BOTTOM'}}, {'participantId': 2, 'teamId': 100, 'championId': 113, 'spell1Id': 11, 'spell2Id': 4, 'stats': {'participantId': 2, 'win': True, 'item0': 0, 'item1': 3083, 'item2': 3193, 'item3': 3111, 'item4': 0, 'item5': 1401, 'item6': 3364, 'kills': 4, 'deaths': 2, 'assists': 9, 'largestKillingSpree': 2, 'largestMultiKill': 1, 'killingSprees': 2, 'longestTimeSpentLiving': 854, 'doubleKills': 0, 'tripleKills': 0, 'quadraKills': 0, 'pentaKills': 0, 'unrealKills': 0, 'totalDamageDealt': 156339, 'magicDamageDealt': 75596, 'physicalDamageDealt': 66032, 'trueDamageDealt': 14711, 'largestCriticalStrike': 0, 'totalDamageDealtToChampions': 11460, 'magicDamageDealtToChampions': 3932, 'physicalDamageDealtToChampions': 5857, 'trueDamageDealtToChampions': 1670, 'totalHeal': 7923, 'totalUnitsHealed': 1, 'damageSelfMitigated': 32187, 'damageDealtToObjectives': 31614, 'damageDealtToTurrets': 1913, 'visionScore': 35, 'timeCCingOthers': 32, 'totalDamageTaken': 28374, 'magicalDamageTaken': 7161, 'physicalDamageTaken': 20758, 'trueDamageTaken': 455, 'goldEarned': 11985, 'goldSpent': 9850, 'turretKills': 2, 'inhibitorKills': 0, 'totalMinionsKilled': 46, 'neutralMinionsKilled': 116, 'neutralMinionsKilledTeamJungle': 70, 'neutralMinionsKilledEnemyJungle': 9, 'totalTimeCrowdControlDealt': 342, 'champLevel': 15, 'visionWardsBoughtInGame': 10, 'sightWardsBoughtInGame': 0, 'wardsPlaced': 12, 'wardsKilled': 10, 'firstBloodKill': False, 'firstBloodAssist': False, 'firstTowerKill': False, 'firstTowerAssist': False, 'firstInhibitorKill': False, 'firstInhibitorAssist': True, 'combatPlayerScore': 0, 'objectivePlayerScore': 0, 'totalPlayerScore': 0, 'totalScoreRank': 0, 'playerScore0': 0, 'playerScore1': 0, 'playerScore2': 0, 'playerScore3': 0, 'playerScore4': 0, 'playerScore5': 0, 'playerScore6': 0, 'playerScore7': 0, 'playerScore8': 0, 'playerScore9': 0, 'perk0': 8439, 'perk0Var1': 291, 'perk0Var2': 0, 'perk0Var3': 0, 'perk1': 8446, 'perk1Var1': 932, 'perk1Var2': 0, 'perk1Var3': 0, 'perk2': 8429, 'perk2Var1': 67, 'perk2Var2': 17, 'perk2Var3': 15, 'perk3': 8451, 'perk3Var1': 200, 'perk3Var2': 0, 'perk3Var3': 0, 'perk4': 9111, 'perk4Var1': 1591, 'perk4Var2': 260, 'perk4Var3': 0, 'perk5': 9105, 'perk5Var1': 13, 'perk5Var2': 20, 'perk5Var3': 0, 'perkPrimaryStyle': 8400, 'perkSubStyle': 8000, 'statPerk0': 5005, 'statPerk1': 5003, 'statPerk2': 5002}, 'timeline': {'participantId': 2, 'creepsPerMinDeltas': {'10-20': 2.6, '0-10': 0.6, '20-30': 1.4}, 'xpPerMinDeltas': {'10-20': 407.5, '0-10': 274.7, '20-30': 618}, 'goldPerMinDeltas': {'10-20': 366.8, '0-10': 292.7, '20-30': 462.1}, 'csDiffPerMinDeltas': {'10-20': 1.7000000000000002, '0-10': -0.29999999999999993, '20-30': 0}, 'xpDiffPerMinDeltas': {'10-20': -117.4, '0-10': -40.70000000000002, '20-30': 298.7}, 'damageTakenPerMinDeltas': {'10-20': 993.6, '0-10': 568.4, '20-30': 1066.1}, 'damageTakenDiffPerMinDeltas': {'10-20': -463.4, '0-10': -241.20000000000005, '20-30': -550.3}, 'role': 'NONE', 'lane': 'JUNGLE'}}, {'participantId': 3, 'teamId': 100, 'championId': 164, 'spell1Id': 4, 'spell2Id': 12, 'stats': {'participantId': 3, 'win': True, 'item0': 2033, 'item1': 2421, 'item2': 3074, 'item3': 3078, 'item4': 3123, 'item5': 3047, 'item6': 3364, 'kills': 3, 'deaths': 2, 'assists': 7, 'largestKillingSpree': 2, 'largestMultiKill': 1, 'killingSprees': 1, 'longestTimeSpentLiving': 922, 'doubleKills': 0, 'tripleKills': 0, 'quadraKills': 0, 'pentaKills': 0, 'unrealKills': 0, 'totalDamageDealt': 135608, 'magicDamageDealt': 1147, 'physicalDamageDealt': 109126, 'trueDamageDealt': 25334, 'largestCriticalStrike': 0, 'totalDamageDealtToChampions': 14285, 'magicDamageDealtToChampions': 1147, 'physicalDamageDealtToChampions': 8841, 'trueDamageDealtToChampions': 4297, 'totalHeal': 5005, 'totalUnitsHealed': 1, 'damageSelfMitigated': 20186, 'damageDealtToObjectives': 10727, 'damageDealtToTurrets': 6273, 'visionScore': 27, 'timeCCingOthers': 13, 'totalDamageTaken': 23669, 'magicalDamageTaken': 7504, 'physicalDamageTaken': 15846, 'trueDamageTaken': 318, 'goldEarned': 11881, 'goldSpent': 10433, 'turretKills': 2, 'inhibitorKills': 0, 'totalMinionsKilled': 194, 'neutralMinionsKilled': 25, 'neutralMinionsKilledTeamJungle': 13, 'neutralMinionsKilledEnemyJungle': 0, 'totalTimeCrowdControlDealt': 183, 'champLevel': 17, 'visionWardsBoughtInGame': 2, 'sightWardsBoughtInGame': 0, 'wardsPlaced': 8, 'wardsKilled': 7, 'firstBloodKill': False, 'firstBloodAssist': False, 'firstTowerKill': False, 'firstTowerAssist': False, 'firstInhibitorKill': False, 'firstInhibitorAssist': False, 'combatPlayerScore': 0, 'objectivePlayerScore': 0, 'totalPlayerScore': 0, 'totalScoreRank': 0, 'playerScore0': 0, 'playerScore1': 0, 'playerScore2': 0, 'playerScore3': 0, 'playerScore4': 0, 'playerScore5': 0, 'playerScore6': 0, 'playerScore7': 0, 'playerScore8': 0, 'playerScore9': 0, 'perk0': 8437, 'perk0Var1': 604, 'perk0Var2': 481, 'perk0Var3': 0, 'perk1': 8401, 'perk1Var1': 394, 'perk1Var2': 0, 'perk1Var3': 0, 'perk2': 8444, 'perk2Var1': 1266, 'perk2Var2': 0, 'perk2Var3': 0, 'perk3': 8453, 'perk3Var1': 861, 'perk3Var2': 296, 'perk3Var3': 0, 'perk4': 8345, 'perk4Var1': 3, 'perk4Var2': 0, 'perk4Var3': 0, 'perk5': 8352, 'perk5Var1': 359, 'perk5Var2': 2186, 'perk5Var3': 1154, 'perkPrimaryStyle': 8400, 'perkSubStyle': 8300, 'statPerk0': 5005, 'statPerk1': 5008, 'statPerk2': 5002}, 'timeline': {'participantId': 3, 'creepsPerMinDeltas': {'10-20': 5.4, '0-10': 7.800000000000001, '20-30': 6}, 'xpPerMinDeltas': {'10-20': 429.3, '0-10': 451.2, '20-30': 722.4}, 'goldPerMinDeltas': {'10-20': 291.3, '0-10': 264.9, '20-30': 526.0999999999999}, 'csDiffPerMinDeltas': {'10-20': -2.7, '0-10': -0.5, '20-30': -0.8999999999999999}, 'xpDiffPerMinDeltas': {'10-20': -213.79999999999995, '0-10': -44.599999999999994, '20-30': 304.9}, 'damageTakenPerMinDeltas': {'10-20': 777.4000000000001, '0-10': 285.3, '20-30': 1081.8}, 'damageTakenDiffPerMinDeltas': {'10-20': 47.70000000000002, '0-10': 90.00000000000001, '20-30': -284.90000000000003}, 'role': 'SOLO', 'lane': 'TOP'}}, {'participantId': 4, 'teamId': 100, 'championId': 223, 'spell1Id': 3, 'spell2Id': 4, 'stats': {'participantId': 4, 'win': True, 'item0': 3050, 'item1': 3107, 'item2': 3860, 'item3': 0, 'item4': 3009, 'item5': 3105, 'item6': 3364, 'kills': 1, 'deaths': 3, 'assists': 17, 'largestKillingSpree': 0, 'largestMultiKill': 1, 'killingSprees': 0, 'longestTimeSpentLiving': 496, 'doubleKills': 0, 'tripleKills': 0, 'quadraKills': 0, 'pentaKills': 0, 'unrealKills': 0, 'totalDamageDealt': 33492, 'magicDamageDealt': 19235, 'physicalDamageDealt': 7746, 'trueDamageDealt': 6510, 'largestCriticalStrike': 0, 'totalDamageDealtToChampions': 9627, 'magicDamageDealtToChampions': 7391, 'physicalDamageDealtToChampions': 1799, 'trueDamageDealtToChampions': 436, 'totalHeal': 8372, 'totalUnitsHealed': 9, 'damageSelfMitigated': 22896, 'damageDealtToObjectives': 6070, 'damageDealtToTurrets': 1702, 'visionScore': 82, 'timeCCingOthers': 24, 'totalDamageTaken': 20734, 'magicalDamageTaken': 7676, 'physicalDamageTaken': 12906, 'trueDamageTaken': 152, 'goldEarned': 9244, 'goldSpent': 7925, 'turretKills': 1, 'inhibitorKills': 0, 'totalMinionsKilled': 39, 'neutralMinionsKilled': 0, 'neutralMinionsKilledTeamJungle': 0, 'neutralMinionsKilledEnemyJungle': 0, 'totalTimeCrowdControlDealt': 157, 'champLevel': 15, 'visionWardsBoughtInGame': 11, 'sightWardsBoughtInGame': 0, 'wardsPlaced': 51, 'wardsKilled': 9, 'firstBloodKill': False, 'firstBloodAssist': False, 'firstTowerKill': False, 'firstTowerAssist': True, 'firstInhibitorKill': False, 'firstInhibitorAssist': True, 'combatPlayerScore': 0, 'objectivePlayerScore': 0, 'totalPlayerScore': 0, 'totalScoreRank': 0, 'playerScore0': 0, 'playerScore1': 0, 'playerScore2': 0, 'playerScore3': 0, 'playerScore4': 0, 'playerScore5': 0, 'playerScore6': 0, 'playerScore7': 0, 'playerScore8': 0, 'playerScore9': 0, 'perk0': 8465, 'perk0Var1': 1721, 'perk0Var2': 0, 'perk0Var3': 0, 'perk1': 8463, 'perk1Var1': 1157, 'perk1Var2': 0, 'perk1Var3': 0, 'perk2': 8444, 'perk2Var1': 1509, 'perk2Var2': 0, 'perk2Var3': 0, 'perk3': 8451, 'perk3Var1': 187, 'perk3Var2': 0, 'perk3Var3': 0, 'perk4': 8316, 'perk4Var1': 594, 'perk4Var2': 0, 'perk4Var3': 0, 'perk5': 8410, 'perk5Var1': 136, 'perk5Var2': 0, 'perk5Var3': 0, 'perkPrimaryStyle': 8400, 'perkSubStyle': 8300, 'statPerk0': 5005, 'statPerk1': 5002, 'statPerk2': 5003}, 'timeline': {'participantId': 4, 'creepsPerMinDeltas': {'10-20': 2, '0-10': 1.2, '20-30': 0.6}, 'xpPerMinDeltas': {'10-20': 358.4, '0-10': 268.4, '20-30': 598.9000000000001}, 'goldPerMinDeltas': {'10-20': 335.7, '0-10': 187.2, '20-30': 315.2}, 'csDiffPerMinDeltas': {'10-20': -0.3999999999999999, '0-10': 0.24999999999999956, '20-30': -0.09999999999999987}, 'xpDiffPerMinDeltas': {'10-20': -27.05000000000001, '0-10': -17.000000000000014, '20-30': 396.4000000000001}, 'damageTakenPerMinDeltas': {'10-20': 947.8, '0-10': 377.6, '20-30': 648.2}, 'damageTakenDiffPerMinDeltas': {'10-20': 255.90000000000003, '0-10': 35.75, '20-30': -137.09999999999997}, 'role': 'DUO_SUPPORT', 'lane': 'BOTTOM'}}, {'participantId': 5, 'teamId': 100, 'championId': 245, 'spell1Id': 12, 'spell2Id': 4, 'stats': {'participantId': 5, 'win': True, 'item0': 3152, 'item1': 2421, 'item2': 1082, 'item3': 3089, 'item4': 3111, 'item5': 3100, 'item6': 3364, 'kills': 7, 'deaths': 3, 'assists': 9, 'largestKillingSpree': 3, 'largestMultiKill': 1, 'killingSprees': 2, 'longestTimeSpentLiving': 488, 'doubleKills': 0, 'tripleKills': 0, 'quadraKills': 0, 'pentaKills': 0, 'unrealKills': 0, 'totalDamageDealt': 170907, 'magicDamageDealt': 153067, 'physicalDamageDealt': 17593, 'trueDamageDealt': 247, 'largestCriticalStrike': 0, 'totalDamageDealtToChampions': 24486, 'magicDamageDealtToChampions': 21166, 'physicalDamageDealtToChampions': 3072, 'trueDamageDealtToChampions': 247, 'totalHeal': 12711, 'totalUnitsHealed': 1, 'damageSelfMitigated': 18742, 'damageDealtToObjectives': 8832, 'damageDealtToTurrets': 5977, 'visionScore': 20, 'timeCCingOthers': 13, 'totalDamageTaken': 25873, 'magicalDamageTaken': 11916, 'physicalDamageTaken': 13163, 'trueDamageTaken': 793, 'goldEarned': 13810, 'goldSpent': 12500, 'turretKills': 3, 'inhibitorKills': 1, 'totalMinionsKilled': 234, 'neutralMinionsKilled': 9, 'neutralMinionsKilledTeamJungle': 8, 'neutralMinionsKilledEnemyJungle': 1, 'totalTimeCrowdControlDealt': 303, 'champLevel': 17, 'visionWardsBoughtInGame': 2, 'sightWardsBoughtInGame': 0, 'wardsPlaced': 4, 'wardsKilled': 6, 'firstBloodKill': False, 'firstBloodAssist': False, 'firstTowerKill': False, 'firstTowerAssist': False, 'firstInhibitorKill': False, 'firstInhibitorAssist': False, 'combatPlayerScore': 0, 'objectivePlayerScore': 0, 'totalPlayerScore': 0, 'totalScoreRank': 0, 'playerScore0': 0, 'playerScore1': 0, 'playerScore2': 0, 'playerScore3': 0, 'playerScore4': 0, 'playerScore5': 0, 'playerScore6': 0, 'playerScore7': 0, 'playerScore8': 0, 'playerScore9': 0, 'perk0': 8112, 'perk0Var1': 1517, 'perk0Var2': 0, 'perk0Var3': 0, 'perk1': 8139, 'perk1Var1': 1055, 'perk1Var2': 0, 'perk1Var3': 0, 'perk2': 8138, 'perk2Var1': 30, 'perk2Var2': 0, 'perk2Var3': 0, 'perk3': 8135, 'perk3Var1': 4279, 'perk3Var2': 5, 'perk3Var3': 0, 'perk4': 8233, 'perk4Var1': 19, 'perk4Var2': 30, 'perk4Var3': 0, 'perk5': 8236, 'perk5Var1': 48, 'perk5Var2': 0, 'perk5Var3': 0, 'perkPrimaryStyle': 8100, 'perkSubStyle': 8200, 'statPerk0': 5008, 'statPerk1': 5008, 'statPerk2': 5003}, 'timeline': {'participantId': 5, 'creepsPerMinDeltas': {'10-20': 7.3999999999999995, '0-10': 7.9, '20-30': 8}, 'xpPerMinDeltas': {'10-20': 478.6, '0-10': 460.7, '20-30': 784.1}, 'goldPerMinDeltas': {'10-20': 437.29999999999995, '0-10': 314.29999999999995, '20-30': 539.9000000000001}, 'csDiffPerMinDeltas': {'10-20': 0.7999999999999998, '0-10': 2.0000000000000004, '20-30': 3.7}, 'xpDiffPerMinDeltas': {'10-20': 10.900000000000034, '0-10': 74.29999999999998, '20-30': 509.3}, 'damageTakenPerMinDeltas': {'10-20': 852.9, '0-10': 444, '20-30': 1026.4}, 'damageTakenDiffPerMinDeltas': {'10-20': 291.79999999999995, '0-10': 292.6, '20-30': 460.20000000000005}, 'role': 'SOLO', 'lane': 'MIDDLE'}}, {'participantId': 6, 'teamId': 200, 'championId': 81, 'spell1Id': 4, 'spell2Id': 7, 'stats': {'participantId': 6, 'win': False, 'item0': 3042, 'item1': 0, 'item2': 3153, 'item3': 1055, 'item4': 3078, 'item5': 3158, 'item6': 3363, 'kills': 4, 'deaths': 6, 'assists': 3, 'largestKillingSpree': 4, 'largestMultiKill': 1, 'killingSprees': 1, 'longestTimeSpentLiving': 506, 'doubleKills': 0, 'tripleKills': 0, 'quadraKills': 0, 'pentaKills': 0, 'unrealKills': 0, 'totalDamageDealt': 147138, 'magicDamageDealt': 13552, 'physicalDamageDealt': 126691, 'trueDamageDealt': 6893, 'largestCriticalStrike': 0, 'totalDamageDealtToChampions': 21334, 'magicDamageDealtToChampions': 6267, 'physicalDamageDealtToChampions': 14661, 'trueDamageDealtToChampions': 406, 'totalHeal': 3712, 'totalUnitsHealed': 4, 'damageSelfMitigated': 10378, 'damageDealtToObjectives': 5430, 'damageDealtToTurrets': 265, 'visionScore': 25, 'timeCCingOthers': 5, 'totalDamageTaken': 21783, 'magicalDamageTaken': 7150, 'physicalDamageTaken': 14407, 'trueDamageTaken': 226, 'goldEarned': 11303, 'goldSpent': 11493, 'turretKills': 0, 'inhibitorKills': 0, 'totalMinionsKilled': 220, 'neutralMinionsKilled': 12, 'neutralMinionsKilledTeamJungle': 8, 'neutralMinionsKilledEnemyJungle': 0, 'totalTimeCrowdControlDealt': 113, 'champLevel': 13, 'visionWardsBoughtInGame': 0, 'sightWardsBoughtInGame': 0, 'wardsPlaced': 9, 'wardsKilled': 8, 'firstBloodKill': False, 'firstBloodAssist': False, 'firstTowerKill': False, 'firstTowerAssist': False, 'firstInhibitorKill': False, 'firstInhibitorAssist': False, 'combatPlayerScore': 0, 'objectivePlayerScore': 0, 'totalPlayerScore': 0, 'totalScoreRank': 0, 'playerScore0': 0, 'playerScore1': 0, 'playerScore2': 0, 'playerScore3': 0, 'playerScore4': 0, 'playerScore5': 0, 'playerScore6': 0, 'playerScore7': 0, 'playerScore8': 0, 'playerScore9': 0, 'perk0': 8010, 'perk0Var1': 167, 'perk0Var2': 0, 'perk0Var3': 0, 'perk1': 8009, 'perk1Var1': 2322, 'perk1Var2': 500, 'perk1Var3': 0, 'perk2': 9104, 'perk2Var1': 15, 'perk2Var2': 40, 'perk2Var3': 0, 'perk3': 8017, 'perk3Var1': 1394, 'perk3Var2': 0, 'perk3Var3': 0, 'perk4': 8345, 'perk4Var1': 3, 'perk4Var2': 0, 'perk4Var3': 0, 'perk5': 8347, 'perk5Var1': 0, 'perk5Var2': 0, 'perk5Var3': 0, 'perkPrimaryStyle': 8000, 'perkSubStyle': 8300, 'statPerk0': 5005, 'statPerk1': 5008, 'statPerk2': 5002}, 'timeline': {'participantId': 6, 'creepsPerMinDeltas': {'10-20': 7.5, '0-10': 7.6000000000000005, '20-30': 6.9}, 'xpPerMinDeltas': {'10-20': 407.1, '0-10': 332, '20-30': 368.9}, 'goldPerMinDeltas': {'10-20': 458.5, '0-10': 276.4, '20-30': 338.29999999999995}, 'csDiffPerMinDeltas': {'10-20': 0.3999999999999999, '0-10': -0.24999999999999956, '20-30': 0.09999999999999987}, 'xpDiffPerMinDeltas': {'10-20': 27.05000000000001, '0-10': 17.000000000000014, '20-30': -396.4000000000001}, 'damageTakenPerMinDeltas': {'10-20': 754.3, '0-10': 326.9, '20-30': 884.4}, 'damageTakenDiffPerMinDeltas': {'10-20': -255.90000000000003, '0-10': -35.75, '20-30': 137.09999999999997}, 'role': 'DUO_CARRY', 'lane': 'BOTTOM'}}, {'participantId': 7, 'teamId': 200, 'championId': 235, 'spell1Id': 21, 'spell2Id': 4, 'stats': {'participantId': 7, 'win': False, 'item0': 3009, 'item1': 3864, 'item2': 3179, 'item3': 2055, 'item4': 3814, 'item5': 0, 'item6': 3364, 'kills': 0, 'deaths': 6, 'assists': 8, 'largestKillingSpree': 0, 'largestMultiKill': 0, 'killingSprees': 0, 'longestTimeSpentLiving': 502, 'doubleKills': 0, 'tripleKills': 0, 'quadraKills': 0, 'pentaKills': 0, 'unrealKills': 0, 'totalDamageDealt': 56825, 'magicDamageDealt': 0, 'physicalDamageDealt': 56793, 'trueDamageDealt': 32, 'largestCriticalStrike': 409, 'totalDamageDealtToChampions': 18765, 'magicDamageDealtToChampions': 0, 'physicalDamageDealtToChampions': 18765, 'trueDamageDealtToChampions': 0, 'totalHeal': 9339, 'totalUnitsHealed': 5, 'damageSelfMitigated': 8917, 'damageDealtToObjectives': 5196, 'damageDealtToTurrets': 1964, 'visionScore': 73, 'timeCCingOthers': 45, 'totalDamageTaken': 14606, 'magicalDamageTaken': 5068, 'physicalDamageTaken': 9316, 'trueDamageTaken': 222, 'goldEarned': 7326, 'goldSpent': 7150, 'turretKills': 0, 'inhibitorKills': 0, 'totalMinionsKilled': 33, 'neutralMinionsKilled': 0, 'neutralMinionsKilledTeamJungle': 0, 'neutralMinionsKilledEnemyJungle': 0, 'totalTimeCrowdControlDealt': 160, 'champLevel': 12, 'visionWardsBoughtInGame': 7, 'sightWardsBoughtInGame': 0, 'wardsPlaced': 32, 'wardsKilled': 13, 'firstBloodKill': False, 'firstBloodAssist': False, 'firstTowerKill': False, 'firstTowerAssist': False, 'firstInhibitorKill': False, 'firstInhibitorAssist': False, 'combatPlayerScore': 0, 'objectivePlayerScore': 0, 'totalPlayerScore': 0, 'totalScoreRank': 0, 'playerScore0': 0, 'playerScore1': 0, 'playerScore2': 0, 'playerScore3': 0, 'playerScore4': 0, 'playerScore5': 0, 'playerScore6': 0, 'playerScore7': 0, 'playerScore8': 0, 'playerScore9': 0, 'perk0': 8351, 'perk0Var1': 70, 'perk0Var2': 0, 'perk0Var3': 0, 'perk1': 8313, 'perk1Var1': 0, 'perk1Var2': 0, 'perk1Var3': 0, 'perk2': 8345, 'perk2Var1': 3, 'perk2Var2': 0, 'perk2Var3': 0, 'perk3': 8410, 'perk3Var1': 123, 'perk3Var2': 0, 'perk3Var3': 0, 'perk4': 8009, 'perk4Var1': 1490, 'perk4Var2': 500, 'perk4Var3': 0, 'perk5': 9104, 'perk5Var1': 20, 'perk5Var2': 30, 'perk5Var3': 0, 'perkPrimaryStyle': 8300, 'perkSubStyle': 8000, 'statPerk0': 5008, 'statPerk1': 5008, 'statPerk2': 5002}, 'timeline': {'participantId': 7, 'creepsPerMinDeltas': {'10-20': 1.5, '0-10': 0, '20-30': 1.8}, 'xpPerMinDeltas': {'10-20': 412.20000000000005, '0-10': 255.8, '20-30': 220.3}, 'goldPerMinDeltas': {'10-20': 279.4, '0-10': 196.7, '20-30': 198.3}, 'csDiffPerMinDeltas': {'10-20': 0.3999999999999999, '0-10': -0.24999999999999956, '20-30': 0.09999999999999987}, 'xpDiffPerMinDeltas': {'10-20': 27.05000000000001, '0-10': 17.000000000000014, '20-30': -396.4000000000001}, 'damageTakenPerMinDeltas': {'10-20': 479.4, '0-10': 288.7, '20-30': 437.3}, 'damageTakenDiffPerMinDeltas': {'10-20': -255.90000000000003, '0-10': -35.75, '20-30': 137.09999999999997}, 'role': 'DUO_SUPPORT', 'lane': 'BOTTOM'}}, {'participantId': 8, 'teamId': 200, 'championId': 266, 'spell1Id': 12, 'spell2Id': 4, 'stats': {'participantId': 8, 'win': False, 'item0': 3047, 'item1': 3812, 'item2': 0, 'item3': 3067, 'item4': 3071, 'item5': 3211, 'item6': 3364, 'kills': 1, 'deaths': 3, 'assists': 5, 'largestKillingSpree': 0, 'largestMultiKill': 1, 'killingSprees': 0, 'longestTimeSpentLiving': 649, 'doubleKills': 0, 'tripleKills': 0, 'quadraKills': 0, 'pentaKills': 0, 'unrealKills': 0, 'totalDamageDealt': 154862, 'magicDamageDealt': 0, 'physicalDamageDealt': 154862, 'trueDamageDealt': 0, 'largestCriticalStrike': 0, 'totalDamageDealtToChampions': 13136, 'magicDamageDealtToChampions': 0, 'physicalDamageDealtToChampions': 13136, 'trueDamageDealtToChampions': 0, 'totalHeal': 9168, 'totalUnitsHealed': 1, 'damageSelfMitigated': 21585, 'damageDealtToObjectives': 4577, 'damageDealtToTurrets': 1485, 'visionScore': 22, 'timeCCingOthers': 13, 'totalDamageTaken': 22917, 'magicalDamageTaken': 5315, 'physicalDamageTaken': 11516, 'trueDamageTaken': 6086, 'goldEarned': 11123, 'goldSpent': 10975, 'turretKills': 0, 'inhibitorKills': 0, 'totalMinionsKilled': 233, 'neutralMinionsKilled': 16, 'neutralMinionsKilledTeamJungle': 9, 'neutralMinionsKilledEnemyJungle': 0, 'totalTimeCrowdControlDealt': 160, 'champLevel': 16, 'visionWardsBoughtInGame': 5, 'sightWardsBoughtInGame': 0, 'wardsPlaced': 11, 'wardsKilled': 3, 'firstBloodKill': False, 'firstBloodAssist': False, 'firstTowerKill': False, 'firstTowerAssist': False, 'firstInhibitorKill': False, 'firstInhibitorAssist': False, 'combatPlayerScore': 0, 'objectivePlayerScore': 0, 'totalPlayerScore': 0, 'totalScoreRank': 0, 'playerScore0': 0, 'playerScore1': 0, 'playerScore2': 0, 'playerScore3': 0, 'playerScore4': 0, 'playerScore5': 0, 'playerScore6': 0, 'playerScore7': 0, 'playerScore8': 0, 'playerScore9': 0, 'perk0': 8010, 'perk0Var1': 362, 'perk0Var2': 0, 'perk0Var3': 0, 'perk1': 9111, 'perk1Var1': 448, 'perk1Var2': 120, 'perk1Var3': 0, 'perk2': 9105, 'perk2Var1': 18, 'perk2Var2': 10, 'perk2Var3': 0, 'perk3': 8299, 'perk3Var1': 515, 'perk3Var2': 0, 'perk3Var3': 0, 'perk4': 8473, 'perk4Var1': 760, 'perk4Var2': 0, 'perk4Var3': 0, 'perk5': 8453, 'perk5Var1': 1039, 'perk5Var2': 70, 'perk5Var3': 0, 'perkPrimaryStyle': 8000, 'perkSubStyle': 8400, 'statPerk0': 5008, 'statPerk1': 5008, 'statPerk2': 5002}, 'timeline': {'participantId': 8, 'creepsPerMinDeltas': {'10-20': 8.1, '0-10': 8.3, '20-30': 6.9}, 'xpPerMinDeltas': {'10-20': 643.0999999999999, '0-10': 495.79999999999995, '20-30': 417.5}, 'goldPerMinDeltas': {'10-20': 446.3, '0-10': 287.9, '20-30': 321}, 'csDiffPerMinDeltas': {'10-20': 2.7, '0-10': 0.5, '20-30': 0.8999999999999999}, 'xpDiffPerMinDeltas': {'10-20': 213.79999999999995, '0-10': 44.599999999999994, '20-30': -304.9}, 'damageTakenPerMinDeltas': {'10-20': 729.7, '0-10': 195.3, '20-30': 1366.7}, 'damageTakenDiffPerMinDeltas': {'10-20': -47.70000000000002, '0-10': -90.00000000000001, '20-30': 284.90000000000003}, 'role': 'SOLO', 'lane': 'TOP'}}, {'participantId': 9, 'teamId': 200, 'championId': 517, 'spell1Id': 11, 'spell2Id': 4, 'stats': {'participantId': 9, 'win': False, 'item0': 1414, 'item1': 3157, 'item2': 3152, 'item3': 2055, 'item4': 3111, 'item5': 3108, 'item6': 3364, 'kills': 8, 'deaths': 5, 'assists': 3, 'largestKillingSpree': 4, 'largestMultiKill': 2, 'killingSprees': 3, 'longestTimeSpentLiving': 551, 'doubleKills': 2, 'tripleKills': 0, 'quadraKills': 0, 'pentaKills': 0, 'unrealKills': 0, 'totalDamageDealt': 146574, 'magicDamageDealt': 120841, 'physicalDamageDealt': 20828, 'trueDamageDealt': 4905, 'largestCriticalStrike': 0, 'totalDamageDealtToChampions': 22064, 'magicDamageDealtToChampions': 20266, 'physicalDamageDealtToChampions': 254, 'trueDamageDealtToChampions': 1543, 'totalHeal': 21008, 'totalUnitsHealed': 1, 'damageSelfMitigated': 27365, 'damageDealtToObjectives': 14271, 'damageDealtToTurrets': 2147, 'visionScore': 73, 'timeCCingOthers': 24, 'totalDamageTaken': 38830, 'magicalDamageTaken': 14686, 'physicalDamageTaken': 22688, 'trueDamageTaken': 1455, 'goldEarned': 10968, 'goldSpent': 10500, 'turretKills': 1, 'inhibitorKills': 0, 'totalMinionsKilled': 32, 'neutralMinionsKilled': 131, 'neutralMinionsKilledTeamJungle': 86, 'neutralMinionsKilledEnemyJungle': 15, 'totalTimeCrowdControlDealt': 380, 'champLevel': 14, 'visionWardsBoughtInGame': 6, 'sightWardsBoughtInGame': 0, 'wardsPlaced': 23, 'wardsKilled': 14, 'firstBloodKill': True, 'firstBloodAssist': False, 'firstTowerKill': False, 'firstTowerAssist': False, 'firstInhibitorKill': False, 'firstInhibitorAssist': False, 'combatPlayerScore': 0, 'objectivePlayerScore': 0, 'totalPlayerScore': 0, 'totalScoreRank': 0, 'playerScore0': 0, 'playerScore1': 0, 'playerScore2': 0, 'playerScore3': 0, 'playerScore4': 0, 'playerScore5': 0, 'playerScore6': 0, 'playerScore7': 0, 'playerScore8': 0, 'playerScore9': 0, 'perk0': 8010, 'perk0Var1': 1365, 'perk0Var2': 0, 'perk0Var3': 0, 'perk1': 8009, 'perk1Var1': 2374, 'perk1Var2': 500, 'perk1Var3': 0, 'perk2': 9104, 'perk2Var1': 12, 'perk2Var2': 30, 'perk2Var3': 0, 'perk3': 8299, 'perk3Var1': 959, 'perk3Var2': 0, 'perk3Var3': 0, 'perk4': 8136, 'perk4Var1': 18, 'perk4Var2': 30, 'perk4Var3': 0, 'perk5': 8135, 'perk5Var1': 6216, 'perk5Var2': 5, 'perk5Var3': 0, 'perkPrimaryStyle': 8000, 'perkSubStyle': 8100, 'statPerk0': 5005, 'statPerk1': 5008, 'statPerk2': 5002}, 'timeline': {'participantId': 9, 'creepsPerMinDeltas': {'10-20': 0.9, '0-10': 0.8999999999999999, '20-30': 1.4}, 'xpPerMinDeltas': {'10-20': 524.9, '0-10': 315.4, '20-30': 319.3}, 'goldPerMinDeltas': {'10-20': 423.9, '0-10': 354.20000000000005, '20-30': 261.6}, 'csDiffPerMinDeltas': {'10-20': -1.7000000000000002, '0-10': 0.29999999999999993, '20-30': 0}, 'xpDiffPerMinDeltas': {'10-20': 117.4, '0-10': 40.70000000000002, '20-30': -298.7}, 'damageTakenPerMinDeltas': {'10-20': 1457, '0-10': 809.6, '20-30': 1616.4}, 'damageTakenDiffPerMinDeltas': {'10-20': 463.4, '0-10': 241.20000000000005, '20-30': 550.3}, 'role': 'NONE', 'lane': 'JUNGLE'}}, {'participantId': 10, 'teamId': 200, 'championId': 134, 'spell1Id': 7, 'spell2Id': 4, 'stats': {'participantId': 10, 'win': False, 'item0': 2033, 'item1': 3285, 'item2': 2421, 'item3': 3111, 'item4': 3108, 'item5': 1026, 'item6': 3363, 'kills': 0, 'deaths': 6, 'assists': 3, 'largestKillingSpree': 0, 'largestMultiKill': 0, 'killingSprees': 0, 'longestTimeSpentLiving': 435, 'doubleKills': 0, 'tripleKills': 0, 'quadraKills': 0, 'pentaKills': 0, 'unrealKills': 0, 'totalDamageDealt': 133768, 'magicDamageDealt': 115171, 'physicalDamageDealt': 11651, 'trueDamageDealt': 6945, 'largestCriticalStrike': 0, 'totalDamageDealtToChampions': 10862, 'magicDamageDealtToChampions': 9799, 'physicalDamageDealtToChampions': 1062, 'trueDamageDealtToChampions': 0, 'totalHeal': 2725, 'totalUnitsHealed': 4, 'damageSelfMitigated': 8333, 'damageDealtToObjectives': 5108, 'damageDealtToTurrets': 2206, 'visionScore': 20, 'timeCCingOthers': 31, 'totalDamageTaken': 15465, 'magicalDamageTaken': 5285, 'physicalDamageTaken': 9364, 'trueDamageTaken': 814, 'goldEarned': 8542, 'goldSpent': 7900, 'turretKills': 1, 'inhibitorKills': 0, 'totalMinionsKilled': 168, 'neutralMinionsKilled': 12, 'neutralMinionsKilledTeamJungle': 10, 'neutralMinionsKilledEnemyJungle': 0, 'totalTimeCrowdControlDealt': 351, 'champLevel': 13, 'visionWardsBoughtInGame': 4, 'sightWardsBoughtInGame': 0, 'wardsPlaced': 13, 'wardsKilled': 1, 'firstBloodKill': False, 'firstBloodAssist': False, 'firstTowerKill': False, 'firstTowerAssist': False, 'firstInhibitorKill': False, 'firstInhibitorAssist': False, 'combatPlayerScore': 0, 'objectivePlayerScore': 0, 'totalPlayerScore': 0, 'totalScoreRank': 0, 'playerScore0': 0, 'playerScore1': 0, 'playerScore2': 0, 'playerScore3': 0, 'playerScore4': 0, 'playerScore5': 0, 'playerScore6': 0, 'playerScore7': 0, 'playerScore8': 0, 'playerScore9': 0, 'perk0': 8230, 'perk0Var1': 9, 'perk0Var2': 0, 'perk0Var3': 0, 'perk1': 8226, 'perk1Var1': 250, 'perk1Var2': 1256, 'perk1Var3': 0, 'perk2': 8210, 'perk2Var1': 0, 'perk2Var2': 0, 'perk2Var3': 0, 'perk3': 8237, 'perk3Var1': 415, 'perk3Var2': 0, 'perk3Var3': 0, 'perk4': 8345, 'perk4Var1': 3, 'perk4Var2': 0, 'perk4Var3': 0, 'perk5': 8352, 'perk5Var1': 284, 'perk5Var2': 804, 'perk5Var3': 1003, 'perkPrimaryStyle': 8200, 'perkSubStyle': 8300, 'statPerk0': 5008, 'statPerk1': 5008, 'statPerk2': 5003}, 'timeline': {'participantId': 10, 'creepsPerMinDeltas': {'10-20': 6.6, '0-10': 5.9, '20-30': 4.3}, 'xpPerMinDeltas': {'10-20': 467.7, '0-10': 386.4, '20-30': 274.8}, 'goldPerMinDeltas': {'10-20': 341.6, '0-10': 223.8, '20-30': 231.7}, 'csDiffPerMinDeltas': {'10-20': -0.7999999999999998, '0-10': -2.0000000000000004, '20-30': -3.7}, 'xpDiffPerMinDeltas': {'10-20': -10.900000000000034, '0-10': -74.29999999999998, '20-30': -509.3}, 'damageTakenPerMinDeltas': {'10-20': 561.1, '0-10': 151.4, '20-30': 566.2}, 'damageTakenDiffPerMinDeltas': {'10-20': -291.79999999999995, '0-10': -292.6, '20-30': -460.20000000000005}, 'role': 'SOLO', 'lane': 'MIDDLE'}}]",KR,420.0,13.0,,
28,1583571955879.0,1437.0,4201063474.0,CLASSIC,MATCHED_GAME,10.5.311.166,11.0,"[{'participantId': 1, 'player': {'platformId': 'KR', 'accountId': 'S3-N7M4SNbVkr4zY9_t4illrIVFdDEWbIGVDwIsWIIKMn8yjE1Yzm_CX', 'summonerName': '임기한', 'summonerId': '-6OhOREEpno3a9Gxsq0IJX6kRzCGVer9-qefkA2AtYYlKDs', 'currentPlatformId': 'KR', 'currentAccountId': 'S3-N7M4SNbVkr4zY9_t4illrIVFdDEWbIGVDwIsWIIKMn8yjE1Yzm_CX', 'matchHistoryUri': '/v1/stats/player_history/KR/2043709911764512', 'profileIcon': 4379}}, {'participantId': 2, 'player': {'platformId': 'kr', 'accountId': 'U_sKd-f4TVu630p5RDH0YHnmHsNxUnQX4m95EzJIZWe7pAg', 'summonerName': 'T1 Wooje', 'summonerId': 's-_k1zrJR6po0LkbwcetRhYeIwVmag54i7cRMJwJwxgY4ac', 'currentPlatformId': 'KR', 'currentAccountId': 'U_sKd-f4TVu630p5RDH0YHnmHsNxUnQX4m95EzJIZWe7pAg', 'matchHistoryUri': '/v1/stats/player_history/kr/210470444', 'profileIcon': 683}}, {'participantId': 3, 'player': {'platformId': 'KR', 'accountId': 'QNbUfXCs6VzSnYxKRhE8KH0eDj2-btKPUxV6YNnQW0xaLPc', 'summonerName': 'T1 allmight', 'summonerId': 'xhBay9TAmMb9vfo6WaYW3GWfP_qB0WJd6zA4PWfjPJuduKM', 'currentPlatformId': 'KR', 'currentAccountId': 'QNbUfXCs6VzSnYxKRhE8KH0eDj2-btKPUxV6YNnQW0xaLPc', 'matchHistoryUri': '/v1/stats/player_history/KR/209958146', 'profileIcon': 1628}}, {'participantId': 4, 'player': {'platformId': 'KR', 'accountId': 'IHcZYFQojxWl6yIbQwdV7IMWXriW2lsOX8A9rTG4h6wJRXkdYxtlt_pK', 'summonerName': '최장수프로게이머', 'summonerId': 'Hs_af0dtFhOfkJIaVuszw2z5F1vqVnuoFKGxbd5ZUMW-wlI', 'currentPlatformId': 'KR', 'currentAccountId': 'IHcZYFQojxWl6yIbQwdV7IMWXriW2lsOX8A9rTG4h6wJRXkdYxtlt_pK', 'matchHistoryUri': '/v1/stats/player_history/KR/2257890558856736', 'profileIcon': 25}}, {'participantId': 5, 'player': {'platformId': 'KR', 'accountId': 'JAG1SFQTwoIPorNkYyQ6WyRQTgz8qLQeJPLMtYxaBNXGGH34y_lNhHbC', 'summonerName': 'PERFECTFORGOAL', 'summonerId': 'eZ6ikbfpYDGEN3_p_3hXBtRIOKqRo8hmOMtfMy2kbwkhhA8', 'currentPlatformId': 'KR', 'currentAccountId': 'JAG1SFQTwoIPorNkYyQ6WyRQTgz8qLQeJPLMtYxaBNXGGH34y_lNhHbC', 'matchHistoryUri': '/v1/stats/player_history/KR/2190147319967072', 'profileIcon': 4492}}, {'participantId': 6, 'player': {'platformId': 'KR', 'accountId': 'SFLpkmF1KsDp5P9FYrbowL7VIC_x60qTD3FlQujXB0eR', 'summonerName': '어니우기 Youtube', 'summonerId': '3dHNcQGA1Jan8_tgDPSkgQzLwp4EMMU87TMOAXB69MDt9A', 'currentPlatformId': 'KR', 'currentAccountId': 'SFLpkmF1KsDp5P9FYrbowL7VIC_x60qTD3FlQujXB0eR', 'matchHistoryUri': '/v1/stats/player_history/KR/1176670', 'profileIcon': 1298}}, {'participantId': 7, 'player': {'platformId': 'KR', 'accountId': 'IIWG7FRiqE8CuZaCslKkNxkglwpgnePPxDslb2tv66FKrgo', 'summonerName': 'Youtube Thal', 'summonerId': '8Cx100isJ6RMMeOmUX_-Wg0CESabVTYk-e8P8Ijj3zuIiB4', 'currentPlatformId': 'KR', 'currentAccountId': 'IIWG7FRiqE8CuZaCslKkNxkglwpgnePPxDslb2tv66FKrgo', 'matchHistoryUri': '/v1/stats/player_history/KR/201236882', 'profileIcon': 4090}}, {'participantId': 8, 'player': {'platformId': 'KR', 'accountId': 'rGBjKdoa1eJV1Ohm_lIA2Jz9KK623jyA-3ccCSzxVAjxNVY', 'summonerName': '김무진', 'summonerId': 'A5mJQLISvPCNyl9L17oAGYQWe4NVWEYCKQUzn0V-6IDzYiY', 'currentPlatformId': 'KR', 'currentAccountId': 'rGBjKdoa1eJV1Ohm_lIA2Jz9KK623jyA-3ccCSzxVAjxNVY', 'matchHistoryUri': '/v1/stats/player_history/KR/202422138', 'profileIcon': 3795}}, {'participantId': 9, 'player': {'platformId': 'KR', 'accountId': '01fKKDfDTEV5v5hOuOEg6gMQw-LaZE90W0stwnGS6uRYLrE', 'summonerName': 'Gen G Ruler', 'summonerId': '55qN-1wEpKN43nR7p23_8kl-CYFLBo3rXaL259f_I8ZoJvc', 'currentPlatformId': 'KR', 'currentAccountId': '01fKKDfDTEV5v5hOuOEg6gMQw-LaZE90W0stwnGS6uRYLrE', 'matchHistoryUri': '/v1/stats/player_history/KR/206358340', 'profileIcon': 3587}}, {'participantId': 10, 'player': {'platformId': 'KR', 'accountId': 'Jw022gh77WzmE7SaIqQd5-36aLkN2hY9dLWcRoWV_RVe-OQ', 'summonerName': '따 균 Dino7', 'summonerId': 'DGJ1zMri_emBShUfrCbwCFZfv1iOpzQLdqCYlaD5wKzJviM', 'currentPlatformId': 'KR', 'currentAccountId': 'Jw022gh77WzmE7SaIqQd5-36aLkN2hY9dLWcRoWV_RVe-OQ', 'matchHistoryUri': '/v1/stats/player_history/KR/209117386', 'profileIcon': 3478}}]","[{'participantId': 1, 'teamId': 100, 'championId': 25, 'spell1Id': 4, 'spell2Id': 14, 'stats': {'participantId': 1, 'win': False, 'item0': 3028, 'item1': 3853, 'item2': 2055, 'item3': 3158, 'item4': 3504, 'item5': 3108, 'item6': 3364, 'kills': 0, 'deaths': 4, 'assists': 7, 'largestKillingSpree': 0, 'largestMultiKill': 0, 'killingSprees': 0, 'longestTimeSpentLiving': 777, 'doubleKills': 0, 'tripleKills': 0, 'quadraKills': 0, 'pentaKills': 0, 'unrealKills': 0, 'totalDamageDealt': 15296, 'magicDamageDealt': 12034, 'physicalDamageDealt': 2751, 'trueDamageDealt': 510, 'largestCriticalStrike': 0, 'totalDamageDealtToChampions': 8813, 'magicDamageDealtToChampions': 7331, 'physicalDamageDealtToChampions': 971, 'trueDamageDealtToChampions': 510, 'totalHeal': 928, 'totalUnitsHealed': 1, 'damageSelfMitigated': 5664, 'damageDealtToObjectives': 1284, 'damageDealtToTurrets': 185, 'visionScore': 44, 'timeCCingOthers': 47, 'totalDamageTaken': 11800, 'magicalDamageTaken': 3065, 'physicalDamageTaken': 8710, 'trueDamageTaken': 24, 'goldEarned': 5855, 'goldSpent': 5850, 'turretKills': 0, 'inhibitorKills': 0, 'totalMinionsKilled': 16, 'neutralMinionsKilled': 0, 'neutralMinionsKilledTeamJungle': 0, 'neutralMinionsKilledEnemyJungle': 0, 'totalTimeCrowdControlDealt': 68, 'champLevel': 10, 'visionWardsBoughtInGame': 4, 'sightWardsBoughtInGame': 0, 'wardsPlaced': 20, 'wardsKilled': 5, 'firstBloodKill': False, 'firstBloodAssist': False, 'firstTowerKill': False, 'firstTowerAssist': True, 'combatPlayerScore': 0, 'objectivePlayerScore': 0, 'totalPlayerScore': 0, 'totalScoreRank': 0, 'playerScore0': 0, 'playerScore1': 0, 'playerScore2': 0, 'playerScore3': 0, 'playerScore4': 0, 'playerScore5': 0, 'playerScore6': 0, 'playerScore7': 0, 'playerScore8': 0, 'playerScore9': 0, 'perk0': 8229, 'perk0Var1': 1086, 'perk0Var2': 0, 'perk0Var3': 0, 'perk1': 8275, 'perk1Var1': 7, 'perk1Var2': 0, 'perk1Var3': 0, 'perk2': 8210, 'perk2Var1': 0, 'perk2Var2': 0, 'perk2Var3': 0, 'perk3': 8237, 'perk3Var1': 519, 'perk3Var2': 0, 'perk3Var3': 0, 'perk4': 8313, 'perk4Var1': 0, 'perk4Var2': 0, 'perk4Var3': 0, 'perk5': 8345, 'perk5Var1': 3, 'perk5Var2': 0, 'perk5Var3': 0, 'perkPrimaryStyle': 8200, 'perkSubStyle': 8300, 'statPerk0': 5008, 'statPerk1': 5008, 'statPerk2': 5002}, 'timeline': {'participantId': 1, 'creepsPerMinDeltas': {'10-20': 1.2, '0-10': 0.3}, 'xpPerMinDeltas': {'10-20': 398.2, '0-10': 257.1}, 'goldPerMinDeltas': {'10-20': 296.3, '0-10': 173.3}, 'csDiffPerMinDeltas': {'10-20': 8.881784197001252e-16, '0-10': -0.75}, 'xpDiffPerMinDeltas': {'10-20': 66.64999999999998, '0-10': 10.25}, 'damageTakenPerMinDeltas': {'10-20': 415.5, '0-10': 428.8}, 'damageTakenDiffPerMinDeltas': {'10-20': -70.40000000000003, '0-10': -1.4999999999999716}, 'role': 'DUO_SUPPORT', 'lane': 'BOTTOM'}}, {'participantId': 2, 'teamId': 100, 'championId': 517, 'spell1Id': 12, 'spell2Id': 4, 'stats': {'participantId': 2, 'win': False, 'item0': 3285, 'item1': 3152, 'item2': 2033, 'item3': 3020, 'item4': 1056, 'item5': 3108, 'item6': 3340, 'kills': 8, 'deaths': 6, 'assists': 3, 'largestKillingSpree': 5, 'largestMultiKill': 2, 'killingSprees': 2, 'longestTimeSpentLiving': 584, 'doubleKills': 1, 'tripleKills': 0, 'quadraKills': 0, 'pentaKills': 0, 'unrealKills': 0, 'totalDamageDealt': 85888, 'magicDamageDealt': 73166, 'physicalDamageDealt': 10100, 'trueDamageDealt': 2620, 'largestCriticalStrike': 0, 'totalDamageDealtToChampions': 26494, 'magicDamageDealtToChampions': 23440, 'physicalDamageDealtToChampions': 2817, 'trueDamageDealtToChampions': 235, 'totalHeal': 11412, 'totalUnitsHealed': 1, 'damageSelfMitigated': 15376, 'damageDealtToObjectives': 4038, 'damageDealtToTurrets': 948, 'visionScore': 23, 'timeCCingOthers': 27, 'totalDamageTaken': 30387, 'magicalDamageTaken': 10045, 'physicalDamageTaken': 19975, 'trueDamageTaken': 366, 'goldEarned': 9222, 'goldSpent': 8975, 'turretKills': 0, 'inhibitorKills': 0, 'totalMinionsKilled': 123, 'neutralMinionsKilled': 0, 'neutralMinionsKilledTeamJungle': 0, 'neutralMinionsKilledEnemyJungle': 0, 'totalTimeCrowdControlDealt': 228, 'champLevel': 13, 'visionWardsBoughtInGame': 5, 'sightWardsBoughtInGame': 0, 'wardsPlaced': 13, 'wardsKilled': 2, 'firstBloodKill': True, 'firstBloodAssist': False, 'firstTowerKill': False, 'firstTowerAssist': False, 'combatPlayerScore': 0, 'objectivePlayerScore': 0, 'totalPlayerScore': 0, 'totalScoreRank': 0, 'playerScore0': 0, 'playerScore1': 0, 'playerScore2': 0, 'playerScore3': 0, 'playerScore4': 0, 'playerScore5': 0, 'playerScore6': 0, 'playerScore7': 0, 'playerScore8': 0, 'playerScore9': 0, 'perk0': 8010, 'perk0Var1': 1378, 'perk0Var2': 0, 'perk0Var3': 0, 'perk1': 8009, 'perk1Var1': 2023, 'perk1Var2': 500, 'perk1Var3': 0, 'perk2': 9105, 'perk2Var1': 14, 'perk2Var2': 50, 'perk2Var3': 0, 'perk3': 8299, 'perk3Var1': 947, 'perk3Var2': 0, 'perk3Var3': 0, 'perk4': 8345, 'perk4Var1': 3, 'perk4Var2': 0, 'perk4Var3': 0, 'perk5': 8352, 'perk5Var1': 238, 'perk5Var2': 1491, 'perk5Var3': 963, 'perkPrimaryStyle': 8000, 'perkSubStyle': 8300, 'statPerk0': 5008, 'statPerk1': 5008, 'statPerk2': 5002}, 'timeline': {'participantId': 2, 'creepsPerMinDeltas': {'10-20': 6, '0-10': 5.8}, 'xpPerMinDeltas': {'10-20': 490.8, '0-10': 456.70000000000005}, 'goldPerMinDeltas': {'10-20': 359.3, '0-10': 373.6}, 'damageTakenPerMinDeltas': {'10-20': 1373, '0-10': 747.6}, 'role': 'DUO', 'lane': 'MIDDLE'}}, {'participantId': 3, 'teamId': 100, 'championId': 875, 'spell1Id': 12, 'spell2Id': 4, 'stats': {'participantId': 3, 'win': False, 'item0': 1054, 'item1': 3047, 'item2': 3071, 'item3': 2055, 'item4': 3742, 'item5': 1028, 'item6': 3340, 'kills': 3, 'deaths': 6, 'assists': 3, 'largestKillingSpree': 0, 'largestMultiKill': 1, 'killingSprees': 0, 'longestTimeSpentLiving': 428, 'doubleKills': 0, 'tripleKills': 0, 'quadraKills': 0, 'pentaKills': 0, 'unrealKills': 0, 'totalDamageDealt': 102854, 'magicDamageDealt': 33, 'physicalDamageDealt': 73631, 'trueDamageDealt': 29189, 'largestCriticalStrike': 0, 'totalDamageDealtToChampions': 16549, 'magicDamageDealtToChampions': 33, 'physicalDamageDealtToChampions': 10089, 'trueDamageDealtToChampions': 6426, 'totalHeal': 1199, 'totalUnitsHealed': 1, 'damageSelfMitigated': 22155, 'damageDealtToObjectives': 6053, 'damageDealtToTurrets': 2289, 'visionScore': 30, 'timeCCingOthers': 19, 'totalDamageTaken': 20665, 'magicalDamageTaken': 6946, 'physicalDamageTaken': 13212, 'trueDamageTaken': 506, 'goldEarned': 8706, 'goldSpent': 8125, 'turretKills': 0, 'inhibitorKills': 0, 'totalMinionsKilled': 158, 'neutralMinionsKilled': 4, 'neutralMinionsKilledTeamJungle': 4, 'neutralMinionsKilledEnemyJungle': 0, 'totalTimeCrowdControlDealt': 166, 'champLevel': 13, 'visionWardsBoughtInGame': 3, 'sightWardsBoughtInGame': 0, 'wardsPlaced': 10, 'wardsKilled': 4, 'firstBloodKill': False, 'firstBloodAssist': False, 'firstTowerKill': False, 'firstTowerAssist': False, 'combatPlayerScore': 0, 'objectivePlayerScore': 0, 'totalPlayerScore': 0, 'totalScoreRank': 0, 'playerScore0': 0, 'playerScore1': 0, 'playerScore2': 0, 'playerScore3': 0, 'playerScore4': 0, 'playerScore5': 0, 'playerScore6': 0, 'playerScore7': 0, 'playerScore8': 0, 'playerScore9': 0, 'perk0': 8010, 'perk0Var1': 595, 'perk0Var2': 0, 'perk0Var3': 0, 'perk1': 9111, 'perk1Var1': 688, 'perk1Var2': 120, 'perk1Var3': 0, 'perk2': 9104, 'perk2Var1': 17, 'perk2Var2': 50, 'perk2Var3': 0, 'perk3': 8299, 'perk3Var1': 384, 'perk3Var2': 0, 'perk3Var3': 0, 'perk4': 8446, 'perk4Var1': 800, 'perk4Var2': 0, 'perk4Var3': 0, 'perk5': 8444, 'perk5Var1': 1070, 'perk5Var2': 0, 'perk5Var3': 0, 'perkPrimaryStyle': 8000, 'perkSubStyle': 8400, 'statPerk0': 5005, 'statPerk1': 5002, 'statPerk2': 5002}, 'timeline': {'participantId': 3, 'creepsPerMinDeltas': {'10-20': 6.9, '0-10': 7.3}, 'xpPerMinDeltas': {'10-20': 482.3, '0-10': 416.3}, 'goldPerMinDeltas': {'10-20': 383.5, '0-10': 300.6}, 'damageTakenPerMinDeltas': {'10-20': 908.2, '0-10': 484.4}, 'role': 'DUO', 'lane': 'MIDDLE'}}, {'participantId': 4, 'teamId': 100, 'championId': 246, 'spell1Id': 11, 'spell2Id': 4, 'stats': {'participantId': 4, 'win': False, 'item0': 3123, 'item1': 2055, 'item2': 1036, 'item3': 3179, 'item4': 1412, 'item5': 3117, 'item6': 3364, 'kills': 2, 'deaths': 4, 'assists': 7, 'largestKillingSpree': 2, 'largestMultiKill': 1, 'killingSprees': 1, 'longestTimeSpentLiving': 604, 'doubleKills': 0, 'tripleKills': 0, 'quadraKills': 0, 'pentaKills': 0, 'unrealKills': 0, 'totalDamageDealt': 104147, 'magicDamageDealt': 12383, 'physicalDamageDealt': 81515, 'trueDamageDealt': 10248, 'largestCriticalStrike': 0, 'totalDamageDealtToChampions': 10886, 'magicDamageDealtToChampions': 789, 'physicalDamageDealtToChampions': 9133, 'trueDamageDealtToChampions': 962, 'totalHeal': 7654, 'totalUnitsHealed': 1, 'damageSelfMitigated': 9073, 'damageDealtToObjectives': 11696, 'damageDealtToTurrets': 403, 'visionScore': 46, 'timeCCingOthers': 17, 'totalDamageTaken': 18741, 'magicalDamageTaken': 4032, 'physicalDamageTaken': 14379, 'trueDamageTaken': 330, 'goldEarned': 8390, 'goldSpent': 8075, 'turretKills': 0, 'inhibitorKills': 0, 'totalMinionsKilled': 49, 'neutralMinionsKilled': 87, 'neutralMinionsKilledTeamJungle': 54, 'neutralMinionsKilledEnemyJungle': 12, 'totalTimeCrowdControlDealt': 72, 'champLevel': 12, 'visionWardsBoughtInGame': 10, 'sightWardsBoughtInGame': 0, 'wardsPlaced': 22, 'wardsKilled': 8, 'firstBloodKill': False, 'firstBloodAssist': False, 'firstTowerKill': False, 'firstTowerAssist': False, 'combatPlayerScore': 0, 'objectivePlayerScore': 0, 'totalPlayerScore': 0, 'totalScoreRank': 0, 'playerScore0': 0, 'playerScore1': 0, 'playerScore2': 0, 'playerScore3': 0, 'playerScore4': 0, 'playerScore5': 0, 'playerScore6': 0, 'playerScore7': 0, 'playerScore8': 0, 'playerScore9': 0, 'perk0': 8112, 'perk0Var1': 569, 'perk0Var2': 0, 'perk0Var3': 0, 'perk1': 8126, 'perk1Var1': 228, 'perk1Var2': 0, 'perk1Var3': 0, 'perk2': 8136, 'perk2Var1': 11, 'perk2Var2': 30, 'perk2Var3': 0, 'perk3': 8135, 'perk3Var1': 3327, 'perk3Var2': 4, 'perk3Var3': 0, 'perk4': 9111, 'perk4Var1': 313, 'perk4Var2': 180, 'perk4Var3': 0, 'perk5': 9104, 'perk5Var1': 12, 'perk5Var2': 10, 'perk5Var3': 0, 'perkPrimaryStyle': 8100, 'perkSubStyle': 8000, 'statPerk0': 5005, 'statPerk1': 5008, 'statPerk2': 5002}, 'timeline': {'participantId': 4, 'creepsPerMinDeltas': {'10-20': 3.1, '0-10': 0.7}, 'xpPerMinDeltas': {'10-20': 500.7, '0-10': 328}, 'goldPerMinDeltas': {'10-20': 405.2, '0-10': 289.70000000000005}, 'csDiffPerMinDeltas': {'10-20': 1, '0-10': 0.3}, 'xpDiffPerMinDeltas': {'10-20': -110.70000000000005, '0-10': 24.200000000000003}, 'damageTakenPerMinDeltas': {'10-20': 693.5, '0-10': 740.7}, 'damageTakenDiffPerMinDeltas': {'10-20': -199.3, '0-10': 88.20000000000002}, 'role': 'NONE', 'lane': 'JUNGLE'}}, {'participantId': 5, 'teamId': 100, 'championId': 51, 'spell1Id': 7, 'spell2Id': 4, 'stats': {'participantId': 5, 'win': False, 'item0': 1055, 'item1': 3031, 'item2': 3086, 'item3': 2015, 'item4': 3006, 'item5': 3085, 'item6': 3363, 'kills': 6, 'deaths': 4, 'assists': 2, 'largestKillingSpree': 4, 'largestMultiKill': 2, 'killingSprees': 2, 'longestTimeSpentLiving': 853, 'doubleKills': 1, 'tripleKills': 0, 'quadraKills': 0, 'pentaKills': 0, 'unrealKills': 0, 'totalDamageDealt': 123984, 'magicDamageDealt': 1746, 'physicalDamageDealt': 121955, 'trueDamageDealt': 282, 'largestCriticalStrike': 805, 'totalDamageDealtToChampions': 16759, 'magicDamageDealtToChampions': 875, 'physicalDamageDealtToChampions': 15883, 'trueDamageDealtToChampions': 0, 'totalHeal': 2670, 'totalUnitsHealed': 3, 'damageSelfMitigated': 6844, 'damageDealtToObjectives': 7572, 'damageDealtToTurrets': 3497, 'visionScore': 18, 'timeCCingOthers': 16, 'totalDamageTaken': 13999, 'magicalDamageTaken': 4579, 'physicalDamageTaken': 9130, 'trueDamageTaken': 290, 'goldEarned': 10222, 'goldSpent': 10025, 'turretKills': 3, 'inhibitorKills': 0, 'totalMinionsKilled': 182, 'neutralMinionsKilled': 5, 'neutralMinionsKilledTeamJungle': 0, 'neutralMinionsKilledEnemyJungle': 1, 'totalTimeCrowdControlDealt': 69, 'champLevel': 12, 'visionWardsBoughtInGame': 3, 'sightWardsBoughtInGame': 0, 'wardsPlaced': 10, 'wardsKilled': 4, 'firstBloodKill': False, 'firstBloodAssist': False, 'firstTowerKill': False, 'firstTowerAssist': False, 'combatPlayerScore': 0, 'objectivePlayerScore': 0, 'totalPlayerScore': 0, 'totalScoreRank': 0, 'playerScore0': 0, 'playerScore1': 0, 'playerScore2': 0, 'playerScore3': 0, 'playerScore4': 0, 'playerScore5': 0, 'playerScore6': 0, 'playerScore7': 0, 'playerScore8': 0, 'playerScore9': 0, 'perk0': 8021, 'perk0Var1': 1192, 'perk0Var2': 0, 'perk0Var3': 0, 'perk1': 9111, 'perk1Var1': 298, 'perk1Var2': 160, 'perk1Var3': 0, 'perk2': 9103, 'perk2Var1': 0, 'perk2Var2': 0, 'perk2Var3': 0, 'perk3': 8014, 'perk3Var1': 243, 'perk3Var2': 0, 'perk3Var3': 0, 'perk4': 8226, 'perk4Var1': 250, 'perk4Var2': 344, 'perk4Var3': 0, 'perk5': 8233, 'perk5Var1': 11, 'perk5Var2': 30, 'perk5Var3': 0, 'perkPrimaryStyle': 8000, 'perkSubStyle': 8200, 'statPerk0': 5005, 'statPerk1': 5008, 'statPerk2': 5002}, 'timeline': {'participantId': 5, 'creepsPerMinDeltas': {'10-20': 9.3, '0-10': 7.7}, 'xpPerMinDeltas': {'10-20': 482.2, '0-10': 344.20000000000005}, 'goldPerMinDeltas': {'10-20': 539.3, '0-10': 318.8}, 'csDiffPerMinDeltas': {'10-20': 8.881784197001252e-16, '0-10': -0.75}, 'xpDiffPerMinDeltas': {'10-20': 66.64999999999998, '0-10': 10.25}, 'damageTakenPerMinDeltas': {'10-20': 685.8, '0-10': 334}, 'damageTakenDiffPerMinDeltas': {'10-20': -70.40000000000003, '0-10': -1.4999999999999716}, 'role': 'DUO_CARRY', 'lane': 'BOTTOM'}}, {'participantId': 6, 'teamId': 200, 'championId': 154, 'spell1Id': 12, 'spell2Id': 4, 'stats': {'participantId': 6, 'win': True, 'item0': 1054, 'item1': 3068, 'item2': 3082, 'item3': 3065, 'item4': 3047, 'item5': 3076, 'item6': 3340, 'kills': 7, 'deaths': 2, 'assists': 7, 'largestKillingSpree': 7, 'largestMultiKill': 2, 'killingSprees': 1, 'longestTimeSpentLiving': 211, 'doubleKills': 1, 'tripleKills': 0, 'quadraKills': 0, 'pentaKills': 0, 'unrealKills': 0, 'totalDamageDealt': 122533, 'magicDamageDealt': 100373, 'physicalDamageDealt': 18949, 'trueDamageDealt': 3210, 'largestCriticalStrike': 16, 'totalDamageDealtToChampions': 21045, 'magicDamageDealtToChampions': 19327, 'physicalDamageDealtToChampions': 1643, 'trueDamageDealtToChampions': 75, 'totalHeal': 31637, 'totalUnitsHealed': 1, 'damageSelfMitigated': 27383, 'damageDealtToObjectives': 7691, 'damageDealtToTurrets': 1810, 'visionScore': 14, 'timeCCingOthers': 46, 'totalDamageTaken': 31990, 'magicalDamageTaken': 12176, 'physicalDamageTaken': 16957, 'trueDamageTaken': 2856, 'goldEarned': 10602, 'goldSpent': 9350, 'turretKills': 1, 'inhibitorKills': 0, 'totalMinionsKilled': 154, 'neutralMinionsKilled': 14, 'neutralMinionsKilledTeamJungle': 1, 'neutralMinionsKilledEnemyJungle': 10, 'totalTimeCrowdControlDealt': 369, 'champLevel': 15, 'visionWardsBoughtInGame': 0, 'sightWardsBoughtInGame': 0, 'wardsPlaced': 8, 'wardsKilled': 3, 'firstBloodKill': False, 'firstBloodAssist': False, 'firstTowerKill': False, 'firstTowerAssist': False, 'combatPlayerScore': 0, 'objectivePlayerScore': 0, 'totalPlayerScore': 0, 'totalScoreRank': 0, 'playerScore0': 0, 'playerScore1': 0, 'playerScore2': 0, 'playerScore3': 0, 'playerScore4': 0, 'playerScore5': 0, 'playerScore6': 0, 'playerScore7': 0, 'playerScore8': 0, 'playerScore9': 0, 'perk0': 8010, 'perk0Var1': 1339, 'perk0Var2': 0, 'perk0Var3': 0, 'perk1': 9111, 'perk1Var1': 1674, 'perk1Var2': 280, 'perk1Var3': 0, 'perk2': 9105, 'perk2Var1': 18, 'perk2Var2': 20, 'perk2Var3': 0, 'perk3': 8299, 'perk3Var1': 1026, 'perk3Var2': 0, 'perk3Var3': 0, 'perk4': 8444, 'perk4Var1': 1983, 'perk4Var2': 0, 'perk4Var3': 0, 'perk5': 8453, 'perk5Var1': 1972, 'perk5Var2': 60, 'perk5Var3': 0, 'perkPrimaryStyle': 8000, 'perkSubStyle': 8400, 'statPerk0': 5007, 'statPerk1': 5002, 'statPerk2': 5001}, 'timeline': {'participantId': 6, 'creepsPerMinDeltas': {'10-20': 9.3, '0-10': 5.5}, 'xpPerMinDeltas': {'10-20': 727.1, '0-10': 448.4}, 'goldPerMinDeltas': {'10-20': 478.6, '0-10': 298.4}, 'damageTakenPerMinDeltas': {'10-20': 1467, '0-10': 821.7}, 'role': 'SOLO', 'lane': 'TOP'}}, {'participantId': 7, 'teamId': 200, 'championId': 58, 'spell1Id': 4, 'spell2Id': 14, 'stats': {'participantId': 7, 'win': True, 'item0': 3143, 'item1': 1055, 'item2': 3071, 'item3': 0, 'item4': 3047, 'item5': 3123, 'item6': 3340, 'kills': 8, 'deaths': 2, 'assists': 4, 'largestKillingSpree': 4, 'largestMultiKill': 1, 'killingSprees': 3, 'longestTimeSpentLiving': 771, 'doubleKills': 0, 'tripleKills': 0, 'quadraKills': 0, 'pentaKills': 0, 'unrealKills': 0, 'totalDamageDealt': 107968, 'magicDamageDealt': 2727, 'physicalDamageDealt': 104277, 'trueDamageDealt': 964, 'largestCriticalStrike': 0, 'totalDamageDealtToChampions': 19397, 'magicDamageDealtToChampions': 1927, 'physicalDamageDealtToChampions': 16506, 'trueDamageDealtToChampions': 964, 'totalHeal': 8530, 'totalUnitsHealed': 1, 'damageSelfMitigated': 17724, 'damageDealtToObjectives': 5153, 'damageDealtToTurrets': 3423, 'visionScore': 19, 'timeCCingOthers': 28, 'totalDamageTaken': 24929, 'magicalDamageTaken': 8084, 'physicalDamageTaken': 14887, 'trueDamageTaken': 1957, 'goldEarned': 10551, 'goldSpent': 9125, 'turretKills': 1, 'inhibitorKills': 0, 'totalMinionsKilled': 157, 'neutralMinionsKilled': 10, 'neutralMinionsKilledTeamJungle': 8, 'neutralMinionsKilledEnemyJungle': 2, 'totalTimeCrowdControlDealt': 69, 'champLevel': 14, 'visionWardsBoughtInGame': 3, 'sightWardsBoughtInGame': 0, 'wardsPlaced': 10, 'wardsKilled': 4, 'firstBloodKill': False, 'firstBloodAssist': False, 'firstTowerKill': False, 'firstTowerAssist': False, 'combatPlayerScore': 0, 'objectivePlayerScore': 0, 'totalPlayerScore': 0, 'totalScoreRank': 0, 'playerScore0': 0, 'playerScore1': 0, 'playerScore2': 0, 'playerScore3': 0, 'playerScore4': 0, 'playerScore5': 0, 'playerScore6': 0, 'playerScore7': 0, 'playerScore8': 0, 'playerScore9': 0, 'perk0': 8010, 'perk0Var1': 1405, 'perk0Var2': 0, 'perk0Var3': 0, 'perk1': 9111, 'perk1Var1': 931, 'perk1Var2': 240, 'perk1Var3': 0, 'perk2': 9105, 'perk2Var1': 18, 'perk2Var2': 20, 'perk2Var3': 0, 'perk3': 8014, 'perk3Var1': 370, 'perk3Var2': 0, 'perk3Var3': 0, 'perk4': 8446, 'perk4Var1': 1803, 'perk4Var2': 0, 'perk4Var3': 0, 'perk5': 8473, 'perk5Var1': 764, 'perk5Var2': 0, 'perk5Var3': 0, 'perkPrimaryStyle': 8000, 'perkSubStyle': 8400, 'statPerk0': 5008, 'statPerk1': 5008, 'statPerk2': 5002}, 'timeline': {'participantId': 7, 'creepsPerMinDeltas': {'10-20': 6.5, '0-10': 7.8}, 'xpPerMinDeltas': {'10-20': 469.6, '0-10': 526}, 'goldPerMinDeltas': {'10-20': 463.5, '0-10': 318.8}, 'damageTakenPerMinDeltas': {'10-20': 1223.3, '0-10': 682.3}, 'role': 'SOLO', 'lane': 'MIDDLE'}}, {'participantId': 8, 'teamId': 200, 'championId': 64, 'spell1Id': 11, 'spell2Id': 4, 'stats': {'participantId': 8, 'win': True, 'item0': 3047, 'item1': 1412, 'item2': 2424, 'item3': 0, 'item4': 3071, 'item5': 1028, 'item6': 3340, 'kills': 3, 'deaths': 5, 'assists': 9, 'largestKillingSpree': 2, 'largestMultiKill': 1, 'killingSprees': 1, 'longestTimeSpentLiving': 239, 'doubleKills': 0, 'tripleKills': 0, 'quadraKills': 0, 'pentaKills': 0, 'unrealKills': 0, 'totalDamageDealt': 130188, 'magicDamageDealt': 15201, 'physicalDamageDealt': 100718, 'trueDamageDealt': 14269, 'largestCriticalStrike': 0, 'totalDamageDealtToChampions': 8054, 'magicDamageDealtToChampions': 1444, 'physicalDamageDealtToChampions': 6441, 'trueDamageDealtToChampions': 168, 'totalHeal': 5134, 'totalUnitsHealed': 1, 'damageSelfMitigated': 19736, 'damageDealtToObjectives': 24190, 'damageDealtToTurrets': 0, 'visionScore': 26, 'timeCCingOthers': 13, 'totalDamageTaken': 19770, 'magicalDamageTaken': 5319, 'physicalDamageTaken': 13104, 'trueDamageTaken': 1346, 'goldEarned': 8806, 'goldSpent': 9275, 'turretKills': 1, 'inhibitorKills': 0, 'totalMinionsKilled': 26, 'neutralMinionsKilled': 116, 'neutralMinionsKilledTeamJungle': 66, 'neutralMinionsKilledEnemyJungle': 24, 'totalTimeCrowdControlDealt': 385, 'champLevel': 14, 'visionWardsBoughtInGame': 9, 'sightWardsBoughtInGame': 0, 'wardsPlaced': 16, 'wardsKilled': 2, 'firstBloodKill': False, 'firstBloodAssist': False, 'firstTowerKill': False, 'firstTowerAssist': False, 'combatPlayerScore': 0, 'objectivePlayerScore': 0, 'totalPlayerScore': 0, 'totalScoreRank': 0, 'playerScore0': 0, 'playerScore1': 0, 'playerScore2': 0, 'playerScore3': 0, 'playerScore4': 0, 'playerScore5': 0, 'playerScore6': 0, 'playerScore7': 0, 'playerScore8': 0, 'playerScore9': 0, 'perk0': 8010, 'perk0Var1': 193, 'perk0Var2': 0, 'perk0Var3': 0, 'perk1': 9111, 'perk1Var1': 855, 'perk1Var2': 240, 'perk1Var3': 0, 'perk2': 9105, 'perk2Var1': 18, 'perk2Var2': 20, 'perk2Var3': 0, 'perk3': 8299, 'perk3Var1': 289, 'perk3Var2': 0, 'perk3Var3': 0, 'perk4': 8313, 'perk4Var1': 0, 'perk4Var2': 0, 'perk4Var3': 0, 'perk5': 8347, 'perk5Var1': 0, 'perk5Var2': 0, 'perk5Var3': 0, 'perkPrimaryStyle': 8000, 'perkSubStyle': 8300, 'statPerk0': 5005, 'statPerk1': 5008, 'statPerk2': 5002}, 'timeline': {'participantId': 8, 'creepsPerMinDeltas': {'10-20': 2.1, '0-10': 0.4}, 'xpPerMinDeltas': {'10-20': 611.4000000000001, '0-10': 303.8}, 'goldPerMinDeltas': {'10-20': 418.29999999999995, '0-10': 237.79999999999998}, 'csDiffPerMinDeltas': {'10-20': -1, '0-10': -0.3}, 'xpDiffPerMinDeltas': {'10-20': 110.70000000000005, '0-10': -24.200000000000003}, 'damageTakenPerMinDeltas': {'10-20': 892.8, '0-10': 652.5}, 'damageTakenDiffPerMinDeltas': {'10-20': 199.3, '0-10': -88.20000000000002}, 'role': 'NONE', 'lane': 'JUNGLE'}}, {'participantId': 9, 'teamId': 200, 'championId': 21, 'spell1Id': 4, 'spell2Id': 7, 'stats': {'participantId': 9, 'win': True, 'item0': 3031, 'item1': 3508, 'item2': 3006, 'item3': 1042, 'item4': 1042, 'item5': 1054, 'item6': 3363, 'kills': 5, 'deaths': 3, 'assists': 6, 'largestKillingSpree': 2, 'largestMultiKill': 2, 'killingSprees': 2, 'longestTimeSpentLiving': 601, 'doubleKills': 1, 'tripleKills': 0, 'quadraKills': 0, 'pentaKills': 0, 'unrealKills': 0, 'totalDamageDealt': 108255, 'magicDamageDealt': 1400, 'physicalDamageDealt': 100508, 'trueDamageDealt': 6346, 'largestCriticalStrike': 779, 'totalDamageDealtToChampions': 18872, 'magicDamageDealtToChampions': 646, 'physicalDamageDealtToChampions': 17842, 'trueDamageDealtToChampions': 384, 'totalHeal': 997, 'totalUnitsHealed': 3, 'damageSelfMitigated': 7057, 'damageDealtToObjectives': 9473, 'damageDealtToTurrets': 3100, 'visionScore': 39, 'timeCCingOthers': 6, 'totalDamageTaken': 14388, 'magicalDamageTaken': 4963, 'physicalDamageTaken': 8310, 'trueDamageTaken': 1114, 'goldEarned': 10115, 'goldSpent': 9250, 'turretKills': 1, 'inhibitorKills': 0, 'totalMinionsKilled': 194, 'neutralMinionsKilled': 10, 'neutralMinionsKilledTeamJungle': 10, 'neutralMinionsKilledEnemyJungle': 0, 'totalTimeCrowdControlDealt': 62, 'champLevel': 13, 'visionWardsBoughtInGame': 2, 'sightWardsBoughtInGame': 0, 'wardsPlaced': 9, 'wardsKilled': 13, 'firstBloodKill': False, 'firstBloodAssist': False, 'firstTowerKill': False, 'firstTowerAssist': False, 'combatPlayerScore': 0, 'objectivePlayerScore': 0, 'totalPlayerScore': 0, 'totalScoreRank': 0, 'playerScore0': 0, 'playerScore1': 0, 'playerScore2': 0, 'playerScore3': 0, 'playerScore4': 0, 'playerScore5': 0, 'playerScore6': 0, 'playerScore7': 0, 'playerScore8': 0, 'playerScore9': 0, 'perk0': 8005, 'perk0Var1': 1527, 'perk0Var2': 832, 'perk0Var3': 694, 'perk1': 9101, 'perk1Var1': 2392, 'perk1Var2': 1013, 'perk1Var3': 0, 'perk2': 9103, 'perk2Var1': 23, 'perk2Var2': 40, 'perk2Var3': 0, 'perk3': 8017, 'perk3Var1': 654, 'perk3Var2': 0, 'perk3Var3': 0, 'perk4': 8275, 'perk4Var1': 6, 'perk4Var2': 0, 'perk4Var3': 0, 'perk5': 8236, 'perk5Var1': 14, 'perk5Var2': 0, 'perk5Var3': 0, 'perkPrimaryStyle': 8000, 'perkSubStyle': 8200, 'statPerk0': 5005, 'statPerk1': 5008, 'statPerk2': 5002}, 'timeline': {'participantId': 9, 'creepsPerMinDeltas': {'10-20': 9.1, '0-10': 8.1}, 'xpPerMinDeltas': {'10-20': 445.5, '0-10': 307.7}, 'goldPerMinDeltas': {'10-20': 448.5, '0-10': 290.4}, 'csDiffPerMinDeltas': {'10-20': -8.881784197001252e-16, '0-10': 0.75}, 'xpDiffPerMinDeltas': {'10-20': -66.64999999999998, '0-10': -10.25}, 'damageTakenPerMinDeltas': {'10-20': 545.5, '0-10': 347.3}, 'damageTakenDiffPerMinDeltas': {'10-20': 70.40000000000003, '0-10': 1.4999999999999716}, 'role': 'DUO_CARRY', 'lane': 'BOTTOM'}}, {'participantId': 10, 'teamId': 200, 'championId': 201, 'spell1Id': 4, 'spell2Id': 3, 'stats': {'participantId': 10, 'win': True, 'item0': 3193, 'item1': 0, 'item2': 3860, 'item3': 0, 'item4': 3009, 'item5': 0, 'item6': 3364, 'kills': 0, 'deaths': 7, 'assists': 13, 'largestKillingSpree': 0, 'largestMultiKill': 0, 'killingSprees': 0, 'longestTimeSpentLiving': 328, 'doubleKills': 0, 'tripleKills': 0, 'quadraKills': 0, 'pentaKills': 0, 'unrealKills': 0, 'totalDamageDealt': 15519, 'magicDamageDealt': 5562, 'physicalDamageDealt': 4003, 'trueDamageDealt': 5952, 'largestCriticalStrike': 0, 'totalDamageDealtToChampions': 4426, 'magicDamageDealtToChampions': 3357, 'physicalDamageDealtToChampions': 1069, 'trueDamageDealtToChampions': 0, 'totalHeal': 1225, 'totalUnitsHealed': 5, 'damageSelfMitigated': 15072, 'damageDealtToObjectives': 643, 'damageDealtToTurrets': 109, 'visionScore': 51, 'timeCCingOthers': 27, 'totalDamageTaken': 15149, 'magicalDamageTaken': 4093, 'physicalDamageTaken': 9972, 'trueDamageTaken': 1083, 'goldEarned': 5724, 'goldSpent': 4700, 'turretKills': 0, 'inhibitorKills': 0, 'totalMinionsKilled': 34, 'neutralMinionsKilled': 0, 'neutralMinionsKilledTeamJungle': 0, 'neutralMinionsKilledEnemyJungle': 0, 'totalTimeCrowdControlDealt': 97, 'champLevel': 12, 'visionWardsBoughtInGame': 12, 'sightWardsBoughtInGame': 0, 'wardsPlaced': 27, 'wardsKilled': 10, 'firstBloodKill': False, 'firstBloodAssist': False, 'firstTowerKill': False, 'firstTowerAssist': False, 'combatPlayerScore': 0, 'objectivePlayerScore': 0, 'totalPlayerScore': 0, 'totalScoreRank': 0, 'playerScore0': 0, 'playerScore1': 0, 'playerScore2': 0, 'playerScore3': 0, 'playerScore4': 0, 'playerScore5': 0, 'playerScore6': 0, 'playerScore7': 0, 'playerScore8': 0, 'playerScore9': 0, 'perk0': 8465, 'perk0Var1': 1751, 'perk0Var2': 0, 'perk0Var3': 0, 'perk1': 8463, 'perk1Var1': 903, 'perk1Var2': 0, 'perk1Var3': 0, 'perk2': 8473, 'perk2Var1': 561, 'perk2Var2': 0, 'perk2Var3': 0, 'perk3': 8242, 'perk3Var1': 8, 'perk3Var2': 0, 'perk3Var3': 0, 'perk4': 8313, 'perk4Var1': 0, 'perk4Var2': 0, 'perk4Var3': 0, 'perk5': 8316, 'perk5Var1': 373, 'perk5Var2': 0, 'perk5Var3': 0, 'perkPrimaryStyle': 8400, 'perkSubStyle': 8300, 'statPerk0': 5007, 'statPerk1': 5002, 'statPerk2': 5003}, 'timeline': {'participantId': 10, 'creepsPerMinDeltas': {'10-20': 1.4, '0-10': 1.4}, 'xpPerMinDeltas': {'10-20': 301.6, '0-10': 273.1}, 'goldPerMinDeltas': {'10-20': 224.60000000000002, '0-10': 161.60000000000002}, 'csDiffPerMinDeltas': {'10-20': -8.881784197001252e-16, '0-10': 0.75}, 'xpDiffPerMinDeltas': {'10-20': -66.64999999999998, '0-10': -10.25}, 'damageTakenPerMinDeltas': {'10-20': 696.6, '0-10': 418.5}, 'damageTakenDiffPerMinDeltas': {'10-20': 70.40000000000003, '0-10': 1.4999999999999716}, 'role': 'DUO_SUPPORT', 'lane': 'BOTTOM'}}]",KR,420.0,13.0,,
29,1583569413675.0,1430.0,4201002719.0,CLASSIC,MATCHED_GAME,10.5.311.166,11.0,"[{'participantId': 1, 'player': {'platformId': 'KR', 'accountId': '_roMPWKt5K-S153Jpo5KaHgZ_NGN7eMpRd5jjAyXkfRI63U', 'summonerName': 'ggarden', 'summonerId': '46jVCfc5wxQrctxwMVbDxS1lv_tEaj0hNtmFs0XJUiBKta0', 'currentPlatformId': 'KR', 'currentAccountId': '_roMPWKt5K-S153Jpo5KaHgZ_NGN7eMpRd5jjAyXkfRI63U', 'matchHistoryUri': '/v1/stats/player_history/KR/205735475', 'profileIcon': 4492}}, {'participantId': 2, 'player': {'platformId': 'KR', 'accountId': 'rHuaezI9UoIxdRZyP58FqRzBIAZJG-GdqUe1RpX09UgeB2o', 'summonerName': '둥근해가떡섭니다', 'summonerId': 'idqzhZeSqVgxYT_pEzfO-63j3e8ue_ijxjA2YRDu6K_gkn4', 'currentPlatformId': 'KR', 'currentAccountId': 'rHuaezI9UoIxdRZyP58FqRzBIAZJG-GdqUe1RpX09UgeB2o', 'matchHistoryUri': '/v1/stats/player_history/KR/207332319', 'profileIcon': 4}}, {'participantId': 3, 'player': {'platformId': 'KR', 'accountId': 'SFLpkmF1KsDp5P9FYrbowL7VIC_x60qTD3FlQujXB0eR', 'summonerName': '어니우기 Youtube', 'summonerId': '3dHNcQGA1Jan8_tgDPSkgQzLwp4EMMU87TMOAXB69MDt9A', 'currentPlatformId': 'KR', 'currentAccountId': 'SFLpkmF1KsDp5P9FYrbowL7VIC_x60qTD3FlQujXB0eR', 'matchHistoryUri': '/v1/stats/player_history/KR/1176670', 'profileIcon': 1298}}, {'participantId': 4, 'player': {'platformId': 'KR', 'accountId': '2Ke2yG1NShUJWiEoWufWfly6gQhZ7OL-4Mn_QUHh3Oa4gxL7GgfLVX0U', 'summonerName': '선동하라', 'summonerId': 'PlAO9p30v7BbL4-opovHqcKbE6S9meRaZXXJD4r_0-xvJGc', 'currentPlatformId': 'KR', 'currentAccountId': '2Ke2yG1NShUJWiEoWufWfly6gQhZ7OL-4Mn_QUHh3Oa4gxL7GgfLVX0U', 'matchHistoryUri': '/v1/stats/player_history/KR/2076279289187488', 'profileIcon': 4154}}, {'participantId': 5, 'player': {'platformId': 'KR', 'accountId': 'Jw022gh77WzmE7SaIqQd5-36aLkN2hY9dLWcRoWV_RVe-OQ', 'summonerName': '따 균 Dino7', 'summonerId': 'DGJ1zMri_emBShUfrCbwCFZfv1iOpzQLdqCYlaD5wKzJviM', 'currentPlatformId': 'KR', 'currentAccountId': 'Jw022gh77WzmE7SaIqQd5-36aLkN2hY9dLWcRoWV_RVe-OQ', 'matchHistoryUri': '/v1/stats/player_history/KR/209117386', 'profileIcon': 3478}}, {'participantId': 6, 'player': {'platformId': 'KR', 'accountId': 'IIWG7FRiqE8CuZaCslKkNxkglwpgnePPxDslb2tv66FKrgo', 'summonerName': 'Youtube Thal', 'summonerId': '8Cx100isJ6RMMeOmUX_-Wg0CESabVTYk-e8P8Ijj3zuIiB4', 'currentPlatformId': 'KR', 'currentAccountId': 'IIWG7FRiqE8CuZaCslKkNxkglwpgnePPxDslb2tv66FKrgo', 'matchHistoryUri': '/v1/stats/player_history/KR/201236882', 'profileIcon': 4090}}, {'participantId': 7, 'player': {'platformId': 'KR', 'accountId': 'rGBjKdoa1eJV1Ohm_lIA2Jz9KK623jyA-3ccCSzxVAjxNVY', 'summonerName': '김무진', 'summonerId': 'A5mJQLISvPCNyl9L17oAGYQWe4NVWEYCKQUzn0V-6IDzYiY', 'currentPlatformId': 'KR', 'currentAccountId': 'rGBjKdoa1eJV1Ohm_lIA2Jz9KK623jyA-3ccCSzxVAjxNVY', 'matchHistoryUri': '/v1/stats/player_history/KR/202422138', 'profileIcon': 3795}}, {'participantId': 8, 'player': {'platformId': 'KR', 'accountId': 'ST4I323iLmSpFw5L6XosnzGqwCZhXUXENcdUURRTug1HwNQ', 'summonerName': '한 줌의 재가되어', 'summonerId': '7dGjG4GgbBVl6_Go0lZ8YbzFmMGxzHDmHmBtods4x3pnLTA', 'currentPlatformId': 'KR', 'currentAccountId': 'ST4I323iLmSpFw5L6XosnzGqwCZhXUXENcdUURRTug1HwNQ', 'matchHistoryUri': '/v1/stats/player_history/KR/206939709', 'profileIcon': 939}}, {'participantId': 9, 'player': {'platformId': 'KR', 'accountId': 'DotaUIWsBXIuo0gdcYWikps5-nvtz6M0qq_MiLvQKU9n85U-Nojyr6z3', 'summonerName': 'mi1aoshu', 'summonerId': 'aTYFTWJnhaPUKlXVpFBL6GIFzd7mKKxLgEQPMJjpkPmF3Fs', 'currentPlatformId': 'KR', 'currentAccountId': 'DotaUIWsBXIuo0gdcYWikps5-nvtz6M0qq_MiLvQKU9n85U-Nojyr6z3', 'matchHistoryUri': '/v1/stats/player_history/KR/2372727291161856', 'profileIcon': 7}}, {'participantId': 10, 'player': {'platformId': 'KR', 'accountId': '4YYqT2tZDOO-3ZeD4O1pE_qCHBaohE72avBhPU6Y5vRbi7TZhbtUbiWg', 'summonerName': 'qwerdftyuggg', 'summonerId': '4gM_WQAJxYLo1MlZFutyBdqoOvAK8_q9vsAvwF76dG78UGc', 'currentPlatformId': 'KR', 'currentAccountId': '4YYqT2tZDOO-3ZeD4O1pE_qCHBaohE72avBhPU6Y5vRbi7TZhbtUbiWg', 'matchHistoryUri': '/v1/stats/player_history/KR/2372727872605664', 'profileIcon': 3018}}]","[{'participantId': 1, 'teamId': 100, 'championId': 81, 'spell1Id': 21, 'spell2Id': 4, 'stats': {'participantId': 1, 'win': False, 'item0': 1055, 'item1': 3158, 'item2': 3025, 'item3': 1053, 'item4': 1036, 'item5': 3042, 'item6': 3363, 'kills': 3, 'deaths': 7, 'assists': 2, 'largestKillingSpree': 2, 'largestMultiKill': 2, 'killingSprees': 1, 'longestTimeSpentLiving': 348, 'doubleKills': 1, 'tripleKills': 0, 'quadraKills': 0, 'pentaKills': 0, 'unrealKills': 0, 'totalDamageDealt': 91671, 'magicDamageDealt': 8085, 'physicalDamageDealt': 78055, 'trueDamageDealt': 5530, 'largestCriticalStrike': 0, 'totalDamageDealtToChampions': 13954, 'magicDamageDealtToChampions': 5025, 'physicalDamageDealtToChampions': 8928, 'trueDamageDealtToChampions': 0, 'totalHeal': 118, 'totalUnitsHealed': 1, 'damageSelfMitigated': 6833, 'damageDealtToObjectives': 2530, 'damageDealtToTurrets': 452, 'visionScore': 17, 'timeCCingOthers': 0, 'totalDamageTaken': 12937, 'magicalDamageTaken': 3528, 'physicalDamageTaken': 7688, 'trueDamageTaken': 1720, 'goldEarned': 8120, 'goldSpent': 8065, 'turretKills': 0, 'inhibitorKills': 0, 'totalMinionsKilled': 169, 'neutralMinionsKilled': 4, 'neutralMinionsKilledTeamJungle': 1, 'neutralMinionsKilledEnemyJungle': 0, 'totalTimeCrowdControlDealt': 55, 'champLevel': 12, 'visionWardsBoughtInGame': 1, 'sightWardsBoughtInGame': 0, 'wardsPlaced': 6, 'wardsKilled': 5, 'firstBloodKill': False, 'firstBloodAssist': False, 'firstTowerKill': False, 'firstTowerAssist': False, 'combatPlayerScore': 0, 'objectivePlayerScore': 0, 'totalPlayerScore': 0, 'totalScoreRank': 0, 'playerScore0': 0, 'playerScore1': 0, 'playerScore2': 0, 'playerScore3': 0, 'playerScore4': 0, 'playerScore5': 0, 'playerScore6': 0, 'playerScore7': 0, 'playerScore8': 0, 'playerScore9': 0, 'perk0': 8010, 'perk0Var1': 126, 'perk0Var2': 0, 'perk0Var3': 0, 'perk1': 8009, 'perk1Var1': 1289, 'perk1Var2': 500, 'perk1Var3': 0, 'perk2': 9103, 'perk2Var1': 0, 'perk2Var2': 0, 'perk2Var3': 0, 'perk3': 8014, 'perk3Var1': 190, 'perk3Var2': 0, 'perk3Var3': 0, 'perk4': 8347, 'perk4Var1': 0, 'perk4Var2': 0, 'perk4Var3': 0, 'perk5': 8345, 'perk5Var1': 3, 'perk5Var2': 0, 'perk5Var3': 0, 'perkPrimaryStyle': 8000, 'perkSubStyle': 8300, 'statPerk0': 5008, 'statPerk1': 5008, 'statPerk2': 5002}, 'timeline': {'participantId': 1, 'creepsPerMinDeltas': {'10-20': 8.600000000000001, '0-10': 6.2}, 'xpPerMinDeltas': {'10-20': 471.1, '0-10': 282.1}, 'goldPerMinDeltas': {'10-20': 366.8, '0-10': 283.5}, 'csDiffPerMinDeltas': {'10-20': -0.44999999999999973, '0-10': -0.10000000000000009}, 'xpDiffPerMinDeltas': {'10-20': -21.19999999999999, '0-10': -27.599999999999994}, 'damageTakenPerMinDeltas': {'10-20': 443.2, '0-10': 437.90000000000003}, 'damageTakenDiffPerMinDeltas': {'10-20': -212.80000000000004, '0-10': -73}, 'role': 'DUO_CARRY', 'lane': 'BOTTOM'}}, {'participantId': 2, 'teamId': 100, 'championId': 350, 'spell1Id': 3, 'spell2Id': 7, 'stats': {'participantId': 2, 'win': False, 'item0': 3860, 'item1': 1058, 'item2': 2055, 'item3': 3174, 'item4': 1004, 'item5': 1082, 'item6': 3364, 'kills': 0, 'deaths': 4, 'assists': 6, 'largestKillingSpree': 0, 'largestMultiKill': 0, 'killingSprees': 0, 'longestTimeSpentLiving': 495, 'doubleKills': 0, 'tripleKills': 0, 'quadraKills': 0, 'pentaKills': 0, 'unrealKills': 0, 'totalDamageDealt': 17251, 'magicDamageDealt': 9143, 'physicalDamageDealt': 4639, 'trueDamageDealt': 3468, 'largestCriticalStrike': 0, 'totalDamageDealtToChampions': 6780, 'magicDamageDealtToChampions': 5791, 'physicalDamageDealtToChampions': 989, 'trueDamageDealtToChampions': 0, 'totalHeal': 4784, 'totalUnitsHealed': 5, 'damageSelfMitigated': 5321, 'damageDealtToObjectives': 0, 'damageDealtToTurrets': 0, 'visionScore': 44, 'timeCCingOthers': 11, 'totalDamageTaken': 7601, 'magicalDamageTaken': 2466, 'physicalDamageTaken': 4726, 'trueDamageTaken': 408, 'goldEarned': 5568, 'goldSpent': 5075, 'turretKills': 0, 'inhibitorKills': 0, 'totalMinionsKilled': 35, 'neutralMinionsKilled': 0, 'neutralMinionsKilledTeamJungle': 0, 'neutralMinionsKilledEnemyJungle': 0, 'totalTimeCrowdControlDealt': 35, 'champLevel': 11, 'visionWardsBoughtInGame': 10, 'sightWardsBoughtInGame': 0, 'wardsPlaced': 28, 'wardsKilled': 4, 'firstBloodKill': False, 'firstBloodAssist': False, 'firstTowerKill': False, 'firstTowerAssist': False, 'combatPlayerScore': 0, 'objectivePlayerScore': 0, 'totalPlayerScore': 0, 'totalScoreRank': 0, 'playerScore0': 0, 'playerScore1': 0, 'playerScore2': 0, 'playerScore3': 0, 'playerScore4': 0, 'playerScore5': 0, 'playerScore6': 0, 'playerScore7': 0, 'playerScore8': 0, 'playerScore9': 0, 'perk0': 8229, 'perk0Var1': 1008, 'perk0Var2': 0, 'perk0Var3': 0, 'perk1': 8226, 'perk1Var1': 250, 'perk1Var2': 283, 'perk1Var3': 0, 'perk2': 8233, 'perk2Var1': 15, 'perk2Var2': 10, 'perk2Var3': 0, 'perk3': 8237, 'perk3Var1': 337, 'perk3Var2': 0, 'perk3Var3': 0, 'perk4': 8009, 'perk4Var1': 806, 'perk4Var2': 500, 'perk4Var3': 0, 'perk5': 8017, 'perk5Var1': 441, 'perk5Var2': 0, 'perk5Var3': 0, 'perkPrimaryStyle': 8200, 'perkSubStyle': 8000, 'statPerk0': 5008, 'statPerk1': 5008, 'statPerk2': 5002}, 'timeline': {'participantId': 2, 'creepsPerMinDeltas': {'10-20': 1.6, '0-10': 1.8}, 'xpPerMinDeltas': {'10-20': 360.9, '0-10': 306.6}, 'goldPerMinDeltas': {'10-20': 249.7, '0-10': 192.3}, 'csDiffPerMinDeltas': {'10-20': -0.44999999999999973, '0-10': -0.10000000000000009}, 'xpDiffPerMinDeltas': {'10-20': -21.19999999999999, '0-10': -27.599999999999994}, 'damageTakenPerMinDeltas': {'10-20': 236.39999999999998, '0-10': 178.7}, 'damageTakenDiffPerMinDeltas': {'10-20': -212.80000000000004, '0-10': -73}, 'role': 'DUO_SUPPORT', 'lane': 'BOTTOM'}}, {'participantId': 3, 'teamId': 100, 'championId': 154, 'spell1Id': 14, 'spell2Id': 4, 'stats': {'participantId': 3, 'win': False, 'item0': 3076, 'item1': 2031, 'item2': 1031, 'item3': 3751, 'item4': 3065, 'item5': 3047, 'item6': 3364, 'kills': 2, 'deaths': 3, 'assists': 1, 'largestKillingSpree': 2, 'largestMultiKill': 1, 'killingSprees': 1, 'longestTimeSpentLiving': 610, 'doubleKills': 0, 'tripleKills': 0, 'quadraKills': 0, 'pentaKills': 0, 'unrealKills': 0, 'totalDamageDealt': 95309, 'magicDamageDealt': 77452, 'physicalDamageDealt': 16223, 'trueDamageDealt': 1634, 'largestCriticalStrike': 7, 'totalDamageDealtToChampions': 8448, 'magicDamageDealtToChampions': 6657, 'physicalDamageDealtToChampions': 535, 'trueDamageDealtToChampions': 1254, 'totalHeal': 21653, 'totalUnitsHealed': 1, 'damageSelfMitigated': 14014, 'damageDealtToObjectives': 2709, 'damageDealtToTurrets': 308, 'visionScore': 26, 'timeCCingOthers': 22, 'totalDamageTaken': 23002, 'magicalDamageTaken': 4594, 'physicalDamageTaken': 12576, 'trueDamageTaken': 5831, 'goldEarned': 7964, 'goldSpent': 7625, 'turretKills': 0, 'inhibitorKills': 0, 'totalMinionsKilled': 167, 'neutralMinionsKilled': 8, 'neutralMinionsKilledTeamJungle': 3, 'neutralMinionsKilledEnemyJungle': 0, 'totalTimeCrowdControlDealt': 278, 'champLevel': 13, 'visionWardsBoughtInGame': 5, 'sightWardsBoughtInGame': 0, 'wardsPlaced': 10, 'wardsKilled': 5, 'firstBloodKill': False, 'firstBloodAssist': False, 'firstTowerKill': False, 'firstTowerAssist': False, 'combatPlayerScore': 0, 'objectivePlayerScore': 0, 'totalPlayerScore': 0, 'totalScoreRank': 0, 'playerScore0': 0, 'playerScore1': 0, 'playerScore2': 0, 'playerScore3': 0, 'playerScore4': 0, 'playerScore5': 0, 'playerScore6': 0, 'playerScore7': 0, 'playerScore8': 0, 'playerScore9': 0, 'perk0': 8010, 'perk0Var1': 235, 'perk0Var2': 0, 'perk0Var3': 0, 'perk1': 9111, 'perk1Var1': 297, 'perk1Var2': 60, 'perk1Var3': 0, 'perk2': 9105, 'perk2Var1': 20, 'perk2Var2': 10, 'perk2Var3': 0, 'perk3': 8299, 'perk3Var1': 401, 'perk3Var2': 0, 'perk3Var3': 0, 'perk4': 8444, 'perk4Var1': 697, 'perk4Var2': 0, 'perk4Var3': 0, 'perk5': 8453, 'perk5Var1': 1524, 'perk5Var2': 50, 'perk5Var3': 0, 'perkPrimaryStyle': 8000, 'perkSubStyle': 8400, 'statPerk0': 5007, 'statPerk1': 5003, 'statPerk2': 5001}, 'timeline': {'participantId': 3, 'creepsPerMinDeltas': {'10-20': 7.4, '0-10': 6}, 'xpPerMinDeltas': {'10-20': 504.09999999999997, '0-10': 434}, 'goldPerMinDeltas': {'10-20': 365.4, '0-10': 255.2}, 'damageTakenPerMinDeltas': {'10-20': 1002.9, '0-10': 467}, 'role': 'SOLO', 'lane': 'MIDDLE'}}, {'participantId': 4, 'teamId': 100, 'championId': 64, 'spell1Id': 11, 'spell2Id': 4, 'stats': {'participantId': 4, 'win': False, 'item0': 2421, 'item1': 2031, 'item2': 2055, 'item3': 1412, 'item4': 3047, 'item5': 3071, 'item6': 3340, 'kills': 3, 'deaths': 5, 'assists': 1, 'largestKillingSpree': 2, 'largestMultiKill': 1, 'killingSprees': 1, 'longestTimeSpentLiving': 360, 'doubleKills': 0, 'tripleKills': 0, 'quadraKills': 0, 'pentaKills': 0, 'unrealKills': 0, 'totalDamageDealt': 121762, 'magicDamageDealt': 23487, 'physicalDamageDealt': 87829, 'trueDamageDealt': 10446, 'largestCriticalStrike': 0, 'totalDamageDealtToChampions': 7222, 'magicDamageDealtToChampions': 788, 'physicalDamageDealtToChampions': 6154, 'trueDamageDealtToChampions': 280, 'totalHeal': 6627, 'totalUnitsHealed': 1, 'damageSelfMitigated': 18054, 'damageDealtToObjectives': 13677, 'damageDealtToTurrets': 2452, 'visionScore': 23, 'timeCCingOthers': 7, 'totalDamageTaken': 24479, 'magicalDamageTaken': 6130, 'physicalDamageTaken': 16169, 'trueDamageTaken': 2179, 'goldEarned': 8643, 'goldSpent': 7825, 'turretKills': 1, 'inhibitorKills': 0, 'totalMinionsKilled': 16, 'neutralMinionsKilled': 115, 'neutralMinionsKilledTeamJungle': 89, 'neutralMinionsKilledEnemyJungle': 12, 'totalTimeCrowdControlDealt': 426, 'champLevel': 12, 'visionWardsBoughtInGame': 8, 'sightWardsBoughtInGame': 0, 'wardsPlaced': 12, 'wardsKilled': 5, 'firstBloodKill': False, 'firstBloodAssist': False, 'firstTowerKill': False, 'firstTowerAssist': False, 'combatPlayerScore': 0, 'objectivePlayerScore': 0, 'totalPlayerScore': 0, 'totalScoreRank': 0, 'playerScore0': 0, 'playerScore1': 0, 'playerScore2': 0, 'playerScore3': 0, 'playerScore4': 0, 'playerScore5': 0, 'playerScore6': 0, 'playerScore7': 0, 'playerScore8': 0, 'playerScore9': 0, 'perk0': 8010, 'perk0Var1': 392, 'perk0Var2': 0, 'perk0Var3': 0, 'perk1': 9111, 'perk1Var1': 349, 'perk1Var2': 80, 'perk1Var3': 0, 'perk2': 9105, 'perk2Var1': 17, 'perk2Var2': 10, 'perk2Var3': 0, 'perk3': 8299, 'perk3Var1': 307, 'perk3Var2': 0, 'perk3Var3': 0, 'perk4': 8304, 'perk4Var1': 11, 'perk4Var2': 1, 'perk4Var3': 5, 'perk5': 8347, 'perk5Var1': 0, 'perk5Var2': 0, 'perk5Var3': 0, 'perkPrimaryStyle': 8000, 'perkSubStyle': 8300, 'statPerk0': 5005, 'statPerk1': 5008, 'statPerk2': 5002}, 'timeline': {'participantId': 4, 'creepsPerMinDeltas': {'10-20': 0.8, '0-10': 0.1}, 'xpPerMinDeltas': {'10-20': 392.2, '0-10': 348.4}, 'goldPerMinDeltas': {'10-20': 406.1, '0-10': 268.6}, 'csDiffPerMinDeltas': {'10-20': -1.4, '0-10': -0.8}, 'xpDiffPerMinDeltas': {'10-20': -120.30000000000004, '0-10': -26.900000000000006}, 'damageTakenPerMinDeltas': {'10-20': 1259.6, '0-10': 775.2}, 'damageTakenDiffPerMinDeltas': {'10-20': 483.0999999999999, '0-10': 111.30000000000001}, 'role': 'NONE', 'lane': 'JUNGLE'}}, {'participantId': 5, 'teamId': 100, 'championId': 85, 'spell1Id': 4, 'spell2Id': 12, 'stats': {'participantId': 5, 'win': False, 'item0': 3146, 'item1': 2420, 'item2': 3020, 'item3': 3191, 'item4': 1052, 'item5': 3108, 'item6': 3340, 'kills': 2, 'deaths': 4, 'assists': 1, 'largestKillingSpree': 0, 'largestMultiKill': 1, 'killingSprees': 0, 'longestTimeSpentLiving': 581, 'doubleKills': 0, 'tripleKills': 0, 'quadraKills': 0, 'pentaKills': 0, 'unrealKills': 0, 'totalDamageDealt': 71473, 'magicDamageDealt': 44464, 'physicalDamageDealt': 26955, 'trueDamageDealt': 54, 'largestCriticalStrike': 0, 'totalDamageDealtToChampions': 7947, 'magicDamageDealtToChampions': 5328, 'physicalDamageDealtToChampions': 2564, 'trueDamageDealtToChampions': 54, 'totalHeal': 1315, 'totalUnitsHealed': 1, 'damageSelfMitigated': 4672, 'damageDealtToObjectives': 1246, 'damageDealtToTurrets': 1246, 'visionScore': 21, 'timeCCingOthers': 10, 'totalDamageTaken': 11087, 'magicalDamageTaken': 4310, 'physicalDamageTaken': 4439, 'trueDamageTaken': 2337, 'goldEarned': 8467, 'goldSpent': 8360, 'turretKills': 1, 'inhibitorKills': 0, 'totalMinionsKilled': 172, 'neutralMinionsKilled': 2, 'neutralMinionsKilledTeamJungle': 2, 'neutralMinionsKilledEnemyJungle': 0, 'totalTimeCrowdControlDealt': 48, 'champLevel': 13, 'visionWardsBoughtInGame': 3, 'sightWardsBoughtInGame': 0, 'wardsPlaced': 10, 'wardsKilled': 5, 'firstBloodKill': False, 'firstBloodAssist': False, 'firstTowerKill': False, 'firstTowerAssist': False, 'combatPlayerScore': 0, 'objectivePlayerScore': 0, 'totalPlayerScore': 0, 'totalScoreRank': 0, 'playerScore0': 0, 'playerScore1': 0, 'playerScore2': 0, 'playerScore3': 0, 'playerScore4': 0, 'playerScore5': 0, 'playerScore6': 0, 'playerScore7': 0, 'playerScore8': 0, 'playerScore9': 0, 'perk0': 8010, 'perk0Var1': 181, 'perk0Var2': 0, 'perk0Var3': 0, 'perk1': 8009, 'perk1Var1': 44, 'perk1Var2': 30, 'perk1Var3': 0, 'perk2': 9104, 'perk2Var1': 0, 'perk2Var2': 0, 'perk2Var3': 0, 'perk3': 8017, 'perk3Var1': 378, 'perk3Var2': 0, 'perk3Var3': 0, 'perk4': 8275, 'perk4Var1': 7, 'perk4Var2': 0, 'perk4Var3': 0, 'perk5': 8210, 'perk5Var1': 0, 'perk5Var2': 0, 'perk5Var3': 0, 'perkPrimaryStyle': 8000, 'perkSubStyle': 8200, 'statPerk0': 5005, 'statPerk1': 5008, 'statPerk2': 5002}, 'timeline': {'participantId': 5, 'creepsPerMinDeltas': {'10-20': 8.8, '0-10': 6.8}, 'xpPerMinDeltas': {'10-20': 488.5, '0-10': 477.3}, 'goldPerMinDeltas': {'10-20': 379, '0-10': 328.4}, 'damageTakenPerMinDeltas': {'10-20': 573.5, '0-10': 280.3}, 'role': 'SOLO', 'lane': 'TOP'}}, {'participantId': 6, 'teamId': 200, 'championId': 122, 'spell1Id': 4, 'spell2Id': 12, 'stats': {'participantId': 6, 'win': True, 'item0': 3024, 'item1': 3078, 'item2': 3111, 'item3': 3053, 'item4': 1054, 'item5': 3801, 'item6': 3340, 'kills': 8, 'deaths': 2, 'assists': 3, 'largestKillingSpree': 7, 'largestMultiKill': 5, 'killingSprees': 1, 'longestTimeSpentLiving': 578, 'doubleKills': 2, 'tripleKills': 1, 'quadraKills': 1, 'pentaKills': 1, 'unrealKills': 0, 'totalDamageDealt': 118234, 'magicDamageDealt': 0, 'physicalDamageDealt': 114144, 'trueDamageDealt': 4089, 'largestCriticalStrike': 0, 'totalDamageDealtToChampions': 11185, 'magicDamageDealtToChampions': 0, 'physicalDamageDealtToChampions': 7168, 'trueDamageDealtToChampions': 4017, 'totalHeal': 3290, 'totalUnitsHealed': 1, 'damageSelfMitigated': 8189, 'damageDealtToObjectives': 4564, 'damageDealtToTurrets': 2465, 'visionScore': 21, 'timeCCingOthers': 11, 'totalDamageTaken': 12653, 'magicalDamageTaken': 4726, 'physicalDamageTaken': 7562, 'trueDamageTaken': 364, 'goldEarned': 11500, 'goldSpent': 10483, 'turretKills': 1, 'inhibitorKills': 0, 'totalMinionsKilled': 219, 'neutralMinionsKilled': 6, 'neutralMinionsKilledTeamJungle': 1, 'neutralMinionsKilledEnemyJungle': 0, 'totalTimeCrowdControlDealt': 79, 'champLevel': 15, 'visionWardsBoughtInGame': 4, 'sightWardsBoughtInGame': 0, 'wardsPlaced': 9, 'wardsKilled': 3, 'firstBloodKill': False, 'firstBloodAssist': False, 'firstTowerKill': False, 'firstTowerAssist': False, 'combatPlayerScore': 0, 'objectivePlayerScore': 0, 'totalPlayerScore': 0, 'totalScoreRank': 0, 'playerScore0': 0, 'playerScore1': 0, 'playerScore2': 0, 'playerScore3': 0, 'playerScore4': 0, 'playerScore5': 0, 'playerScore6': 1, 'playerScore7': 0, 'playerScore8': 0, 'playerScore9': 0, 'perk0': 8010, 'perk0Var1': 644, 'perk0Var2': 0, 'perk0Var3': 0, 'perk1': 9111, 'perk1Var1': 701, 'perk1Var2': 220, 'perk1Var3': 0, 'perk2': 9105, 'perk2Var1': 16, 'perk2Var2': 10, 'perk2Var3': 0, 'perk3': 8014, 'perk3Var1': 247, 'perk3Var2': 0, 'perk3Var3': 0, 'perk4': 8444, 'perk4Var1': 589, 'perk4Var2': 0, 'perk4Var3': 0, 'perk5': 8451, 'perk5Var1': 203, 'perk5Var2': 0, 'perk5Var3': 0, 'perkPrimaryStyle': 8000, 'perkSubStyle': 8400, 'statPerk0': 5005, 'statPerk1': 5008, 'statPerk2': 5003}, 'timeline': {'participantId': 6, 'creepsPerMinDeltas': {'10-20': 11.8, '0-10': 8.1}, 'xpPerMinDeltas': {'10-20': 656.8, '0-10': 476.90000000000003}, 'goldPerMinDeltas': {'10-20': 414.9, '0-10': 334.5}, 'damageTakenPerMinDeltas': {'10-20': 418.79999999999995, '0-10': 503.6}, 'role': 'DUO', 'lane': 'TOP'}}, {'participantId': 7, 'teamId': 200, 'championId': 2, 'spell1Id': 11, 'spell2Id': 4, 'stats': {'participantId': 7, 'win': True, 'item0': 3047, 'item1': 1413, 'item2': 3800, 'item3': 2055, 'item4': 3211, 'item5': 3067, 'item6': 3364, 'kills': 5, 'deaths': 1, 'assists': 8, 'largestKillingSpree': 4, 'largestMultiKill': 1, 'killingSprees': 1, 'longestTimeSpentLiving': 569, 'doubleKills': 0, 'tripleKills': 0, 'quadraKills': 0, 'pentaKills': 0, 'unrealKills': 0, 'totalDamageDealt': 137530, 'magicDamageDealt': 28397, 'physicalDamageDealt': 85836, 'trueDamageDealt': 23296, 'largestCriticalStrike': 0, 'totalDamageDealtToChampions': 9507, 'magicDamageDealtToChampions': 518, 'physicalDamageDealtToChampions': 5788, 'trueDamageDealtToChampions': 3200, 'totalHeal': 10189, 'totalUnitsHealed': 1, 'damageSelfMitigated': 13714, 'damageDealtToObjectives': 31414, 'damageDealtToTurrets': 1401, 'visionScore': 42, 'timeCCingOthers': 9, 'totalDamageTaken': 17962, 'magicalDamageTaken': 4562, 'physicalDamageTaken': 13322, 'trueDamageTaken': 78, 'goldEarned': 9602, 'goldSpent': 9075, 'turretKills': 2, 'inhibitorKills': 0, 'totalMinionsKilled': 35, 'neutralMinionsKilled': 121, 'neutralMinionsKilledTeamJungle': 58, 'neutralMinionsKilledEnemyJungle': 16, 'totalTimeCrowdControlDealt': 441, 'champLevel': 13, 'visionWardsBoughtInGame': 13, 'sightWardsBoughtInGame': 0, 'wardsPlaced': 12, 'wardsKilled': 9, 'firstBloodKill': True, 'firstBloodAssist': False, 'firstTowerKill': True, 'firstTowerAssist': False, 'combatPlayerScore': 0, 'objectivePlayerScore': 0, 'totalPlayerScore': 0, 'totalScoreRank': 0, 'playerScore0': 0, 'playerScore1': 0, 'playerScore2': 0, 'playerScore3': 0, 'playerScore4': 0, 'playerScore5': 0, 'playerScore6': 1, 'playerScore7': 0, 'playerScore8': 0, 'playerScore9': 0, 'perk0': 8010, 'perk0Var1': 402, 'perk0Var2': 0, 'perk0Var3': 0, 'perk1': 9111, 'perk1Var1': 1094, 'perk1Var2': 260, 'perk1Var3': 0, 'perk2': 9104, 'perk2Var1': 9, 'perk2Var2': 30, 'perk2Var3': 0, 'perk3': 8299, 'perk3Var1': 73, 'perk3Var2': 0, 'perk3Var3': 0, 'perk4': 8304, 'perk4Var1': 9, 'perk4Var2': 0, 'perk4Var3': 0, 'perk5': 8410, 'perk5Var1': 58, 'perk5Var2': 0, 'perk5Var3': 0, 'perkPrimaryStyle': 8000, 'perkSubStyle': 8300, 'statPerk0': 5008, 'statPerk1': 5008, 'statPerk2': 5002}, 'timeline': {'participantId': 7, 'creepsPerMinDeltas': {'10-20': 2.2, '0-10': 0.9}, 'xpPerMinDeltas': {'10-20': 512.5, '0-10': 375.29999999999995}, 'goldPerMinDeltas': {'10-20': 387.2, '0-10': 391.7}, 'csDiffPerMinDeltas': {'10-20': 1.4, '0-10': 0.8}, 'xpDiffPerMinDeltas': {'10-20': 120.30000000000004, '0-10': 26.900000000000006}, 'damageTakenPerMinDeltas': {'10-20': 776.5, '0-10': 663.9}, 'damageTakenDiffPerMinDeltas': {'10-20': -483.0999999999999, '0-10': -111.30000000000001}, 'role': 'NONE', 'lane': 'JUNGLE'}}, {'participantId': 8, 'teamId': 200, 'championId': 142, 'spell1Id': 14, 'spell2Id': 4, 'stats': {'participantId': 8, 'win': True, 'item0': 3030, 'item1': 3089, 'item2': 3020, 'item3': 0, 'item4': 0, 'item5': 1082, 'item6': 3363, 'kills': 5, 'deaths': 3, 'assists': 5, 'largestKillingSpree': 4, 'largestMultiKill': 2, 'killingSprees': 1, 'longestTimeSpentLiving': 976, 'doubleKills': 1, 'tripleKills': 0, 'quadraKills': 0, 'pentaKills': 0, 'unrealKills': 0, 'totalDamageDealt': 94521, 'magicDamageDealt': 72287, 'physicalDamageDealt': 10074, 'trueDamageDealt': 12159, 'largestCriticalStrike': 219, 'totalDamageDealtToChampions': 19514, 'magicDamageDealtToChampions': 14710, 'physicalDamageDealtToChampions': 2024, 'trueDamageDealtToChampions': 2780, 'totalHeal': 2660, 'totalUnitsHealed': 9, 'damageSelfMitigated': 4234, 'damageDealtToObjectives': 1930, 'damageDealtToTurrets': 1543, 'visionScore': 16, 'timeCCingOthers': 33, 'totalDamageTaken': 9564, 'magicalDamageTaken': 4456, 'physicalDamageTaken': 5086, 'trueDamageTaken': 22, 'goldEarned': 8897, 'goldSpent': 8650, 'turretKills': 1, 'inhibitorKills': 0, 'totalMinionsKilled': 138, 'neutralMinionsKilled': 17, 'neutralMinionsKilledTeamJungle': 12, 'neutralMinionsKilledEnemyJungle': 0, 'totalTimeCrowdControlDealt': 144, 'champLevel': 13, 'visionWardsBoughtInGame': 4, 'sightWardsBoughtInGame': 0, 'wardsPlaced': 10, 'wardsKilled': 4, 'firstBloodKill': False, 'firstBloodAssist': False, 'firstTowerKill': False, 'firstTowerAssist': False, 'combatPlayerScore': 0, 'objectivePlayerScore': 0, 'totalPlayerScore': 0, 'totalScoreRank': 0, 'playerScore0': 0, 'playerScore1': 0, 'playerScore2': 0, 'playerScore3': 0, 'playerScore4': 0, 'playerScore5': 0, 'playerScore6': 1, 'playerScore7': 0, 'playerScore8': 0, 'playerScore9': 0, 'perk0': 8214, 'perk0Var1': 1391, 'perk0Var2': 0, 'perk0Var3': 0, 'perk1': 8275, 'perk1Var1': 18, 'perk1Var2': 0, 'perk1Var3': 0, 'perk2': 8210, 'perk2Var1': 0, 'perk2Var2': 0, 'perk2Var3': 0, 'perk3': 8236, 'perk3Var1': 24, 'perk3Var2': 0, 'perk3Var3': 0, 'perk4': 8345, 'perk4Var1': 3, 'perk4Var2': 0, 'perk4Var3': 0, 'perk5': 8352, 'perk5Var1': 245, 'perk5Var2': 883, 'perk5Var3': 787, 'perkPrimaryStyle': 8200, 'perkSubStyle': 8300, 'statPerk0': 5008, 'statPerk1': 5008, 'statPerk2': 5002}, 'timeline': {'participantId': 8, 'creepsPerMinDeltas': {'10-20': 6.4, '0-10': 6.9}, 'xpPerMinDeltas': {'10-20': 491, '0-10': 437}, 'goldPerMinDeltas': {'10-20': 420.79999999999995, '0-10': 317.29999999999995}, 'damageTakenPerMinDeltas': {'10-20': 482.79999999999995, '0-10': 230.6}, 'role': 'DUO', 'lane': 'TOP'}}, {'participantId': 9, 'teamId': 200, 'championId': 523, 'spell1Id': 4, 'spell2Id': 7, 'stats': {'participantId': 9, 'win': True, 'item0': 1038, 'item1': 2055, 'item2': 3006, 'item3': 1055, 'item4': 3085, 'item5': 3508, 'item6': 3363, 'kills': 2, 'deaths': 2, 'assists': 11, 'largestKillingSpree': 0, 'largestMultiKill': 1, 'killingSprees': 0, 'longestTimeSpentLiving': 497, 'doubleKills': 0, 'tripleKills': 0, 'quadraKills': 0, 'pentaKills': 0, 'unrealKills': 0, 'totalDamageDealt': 109592, 'magicDamageDealt': 1110, 'physicalDamageDealt': 97968, 'trueDamageDealt': 10513, 'largestCriticalStrike': 1567, 'totalDamageDealtToChampions': 9783, 'magicDamageDealtToChampions': 608, 'physicalDamageDealtToChampions': 8250, 'trueDamageDealtToChampions': 925, 'totalHeal': 2681, 'totalUnitsHealed': 3, 'damageSelfMitigated': 7236, 'damageDealtToObjectives': 13564, 'damageDealtToTurrets': 4383, 'visionScore': 25, 'timeCCingOthers': 12, 'totalDamageTaken': 9188, 'magicalDamageTaken': 3896, 'physicalDamageTaken': 5292, 'trueDamageTaken': 0, 'goldEarned': 9653, 'goldSpent': 9425, 'turretKills': 1, 'inhibitorKills': 0, 'totalMinionsKilled': 180, 'neutralMinionsKilled': 9, 'neutralMinionsKilledTeamJungle': 9, 'neutralMinionsKilledEnemyJungle': 0, 'totalTimeCrowdControlDealt': 113, 'champLevel': 13, 'visionWardsBoughtInGame': 5, 'sightWardsBoughtInGame': 0, 'wardsPlaced': 10, 'wardsKilled': 4, 'firstBloodKill': False, 'firstBloodAssist': False, 'firstTowerKill': False, 'firstTowerAssist': True, 'combatPlayerScore': 0, 'objectivePlayerScore': 0, 'totalPlayerScore': 0, 'totalScoreRank': 0, 'playerScore0': 0, 'playerScore1': 0, 'playerScore2': 0, 'playerScore3': 0, 'playerScore4': 0, 'playerScore5': 0, 'playerScore6': 1, 'playerScore7': 0, 'playerScore8': 0, 'playerScore9': 0, 'perk0': 8010, 'perk0Var1': 45, 'perk0Var2': 0, 'perk0Var3': 0, 'perk1': 9101, 'perk1Var1': 1663, 'perk1Var2': 2774, 'perk1Var3': 0, 'perk2': 9103, 'perk2Var1': 22, 'perk2Var2': 20, 'perk2Var3': 0, 'perk3': 8014, 'perk3Var1': 170, 'perk3Var2': 0, 'perk3Var3': 0, 'perk4': 8275, 'perk4Var1': 7, 'perk4Var2': 0, 'perk4Var3': 0, 'perk5': 8236, 'perk5Var1': 14, 'perk5Var2': 0, 'perk5Var3': 0, 'perkPrimaryStyle': 8000, 'perkSubStyle': 8200, 'statPerk0': 5005, 'statPerk1': 5008, 'statPerk2': 5002}, 'timeline': {'participantId': 9, 'creepsPerMinDeltas': {'10-20': 8.9, '0-10': 6.9}, 'xpPerMinDeltas': {'10-20': 552.8, '0-10': 307.1}, 'goldPerMinDeltas': {'10-20': 466.5, '0-10': 287.20000000000005}, 'csDiffPerMinDeltas': {'10-20': 0.44999999999999973, '0-10': 0.10000000000000009}, 'xpDiffPerMinDeltas': {'10-20': 21.19999999999999, '0-10': 27.599999999999994}, 'damageTakenPerMinDeltas': {'10-20': 419.6, '0-10': 332.2}, 'damageTakenDiffPerMinDeltas': {'10-20': 212.80000000000004, '0-10': 73}, 'role': 'DUO_CARRY', 'lane': 'BOTTOM'}}, {'participantId': 10, 'teamId': 200, 'championId': 106, 'spell1Id': 14, 'spell2Id': 4, 'stats': {'participantId': 10, 'win': True, 'item0': 3857, 'item1': 3800, 'item2': 2421, 'item3': 2055, 'item4': 1057, 'item5': 3117, 'item6': 3364, 'kills': 3, 'deaths': 2, 'assists': 12, 'largestKillingSpree': 0, 'largestMultiKill': 1, 'killingSprees': 0, 'longestTimeSpentLiving': 504, 'doubleKills': 0, 'tripleKills': 0, 'quadraKills': 0, 'pentaKills': 0, 'unrealKills': 0, 'totalDamageDealt': 31536, 'magicDamageDealt': 8735, 'physicalDamageDealt': 12814, 'trueDamageDealt': 9985, 'largestCriticalStrike': 0, 'totalDamageDealtToChampions': 8372, 'magicDamageDealtToChampions': 3360, 'physicalDamageDealtToChampions': 4228, 'trueDamageDealtToChampions': 783, 'totalHeal': 2991, 'totalUnitsHealed': 5, 'damageSelfMitigated': 12798, 'damageDealtToObjectives': 4164, 'damageDealtToTurrets': 279, 'visionScore': 53, 'timeCCingOthers': 24, 'totalDamageTaken': 16902, 'magicalDamageTaken': 6801, 'physicalDamageTaken': 9719, 'trueDamageTaken': 382, 'goldEarned': 6997, 'goldSpent': 6195, 'turretKills': 0, 'inhibitorKills': 0, 'totalMinionsKilled': 40, 'neutralMinionsKilled': 0, 'neutralMinionsKilledTeamJungle': 0, 'neutralMinionsKilledEnemyJungle': 0, 'totalTimeCrowdControlDealt': 179, 'champLevel': 12, 'visionWardsBoughtInGame': 7, 'sightWardsBoughtInGame': 0, 'wardsPlaced': 27, 'wardsKilled': 9, 'firstBloodKill': False, 'firstBloodAssist': False, 'firstTowerKill': False, 'firstTowerAssist': False, 'combatPlayerScore': 0, 'objectivePlayerScore': 0, 'totalPlayerScore': 0, 'totalScoreRank': 0, 'playerScore0': 0, 'playerScore1': 0, 'playerScore2': 0, 'playerScore3': 0, 'playerScore4': 0, 'playerScore5': 0, 'playerScore6': 1, 'playerScore7': 0, 'playerScore8': 0, 'playerScore9': 0, 'perk0': 8439, 'perk0Var1': 517, 'perk0Var2': 0, 'perk0Var3': 0, 'perk1': 8463, 'perk1Var1': 1260, 'perk1Var2': 0, 'perk1Var3': 0, 'perk2': 8444, 'perk2Var1': 1086, 'perk2Var2': 0, 'perk2Var3': 0, 'perk3': 8451, 'perk3Var1': 146, 'perk3Var2': 0, 'perk3Var3': 0, 'perk4': 8306, 'perk4Var1': 11, 'perk4Var2': 0, 'perk4Var3': 0, 'perk5': 8316, 'perk5Var1': 341, 'perk5Var2': 0, 'perk5Var3': 0, 'perkPrimaryStyle': 8400, 'perkSubStyle': 8300, 'statPerk0': 5005, 'statPerk1': 5002, 'statPerk2': 5003}, 'timeline': {'participantId': 10, 'creepsPerMinDeltas': {'10-20': 2.2, '0-10': 1.2999999999999998}, 'xpPerMinDeltas': {'10-20': 321.6, '0-10': 336.8}, 'goldPerMinDeltas': {'10-20': 312.9, '0-10': 217.5}, 'csDiffPerMinDeltas': {'10-20': 0.44999999999999973, '0-10': 0.10000000000000009}, 'xpDiffPerMinDeltas': {'10-20': 21.19999999999999, '0-10': 27.599999999999994}, 'damageTakenPerMinDeltas': {'10-20': 685.6, '0-10': 430.4}, 'damageTakenDiffPerMinDeltas': {'10-20': 212.80000000000004, '0-10': 73}, 'role': 'DUO_SUPPORT', 'lane': 'BOTTOM'}}]",KR,420.0,13.0,,
